scorer,DLC_resnet50_painaaJul25shuffle1_200000,DLC_resnet50_painaaJul25shuffle1_200000,DLC_resnet50_painaaJul25shuffle1_200000,DLC_resnet50_painaaJul25shuffle1_200000,DLC_resnet50_painaaJul25shuffle1_200000,DLC_resnet50_painaaJul25shuffle1_200000,DLC_resnet50_painaaJul25shuffle1_200000,DLC_resnet50_painaaJul25shuffle1_200000,DLC_resnet50_painaaJul25shuffle1_200000,DLC_resnet50_painaaJul25shuffle1_200000,DLC_resnet50_painaaJul25shuffle1_200000,DLC_resnet50_painaaJul25shuffle1_200000,DLC_resnet50_painaaJul25shuffle1_200000,DLC_resnet50_painaaJul25shuffle1_200000,DLC_resnet50_painaaJul25shuffle1_200000,DLC_resnet50_painaaJul25shuffle1_200000,DLC_resnet50_painaaJul25shuffle1_200000,DLC_resnet50_painaaJul25shuffle1_200000,DLC_resnet50_painaaJul25shuffle1_200000,DLC_resnet50_painaaJul25shuffle1_200000,DLC_resnet50_painaaJul25shuffle1_200000,DLC_resnet50_painaaJul25shuffle1_200000,DLC_resnet50_painaaJul25shuffle1_200000,DLC_resnet50_painaaJul25shuffle1_200000,DLC_resnet50_painaaJul25shuffle1_200000,DLC_resnet50_painaaJul25shuffle1_200000,DLC_resnet50_painaaJul25shuffle1_200000,DLC_resnet50_painaaJul25shuffle1_200000,DLC_resnet50_painaaJul25shuffle1_200000,DLC_resnet50_painaaJul25shuffle1_200000,DLC_resnet50_painaaJul25shuffle1_200000,DLC_resnet50_painaaJul25shuffle1_200000,DLC_resnet50_painaaJul25shuffle1_200000,DLC_resnet50_painaaJul25shuffle1_200000,DLC_resnet50_painaaJul25shuffle1_200000,DLC_resnet50_painaaJul25shuffle1_200000
bodyparts,left_eye,left_eye,left_eye,right_eye,right_eye,right_eye,nose,nose,nose,left_center_paw,left_center_paw,left_center_paw,left_toe,left_toe,left_toe,right_center_paw,right_center_paw,right_center_paw,right_toe,right_toe,right_toe,left_heel,left_heel,left_heel,right_heel,right_heel,right_heel,right_ankle,right_ankle,right_ankle,left_ankle,left_ankle,left_ankle,chest_center,chest_center,chest_center
coords,x,y,likelihood,x,y,likelihood,x,y,likelihood,x,y,likelihood,x,y,likelihood,x,y,likelihood,x,y,likelihood,x,y,likelihood,x,y,likelihood,x,y,likelihood,x,y,likelihood,x,y,likelihood
0,256.2036437988281,469.3067321777344,0.9999841451644897,180.70913696289062,480.3200378417969,0.25019150972366333,854.5201416015625,533.6121826171875,0.9992994666099548,626.616455078125,569.0075073242188,0.9183493852615356,597.7647705078125,590.6649169921875,0.9269522428512573,619.2230834960938,581.985107421875,0.007914990186691284,665.9338989257812,586.1173095703125,0.08440163731575012,675.2772216796875,568.6240844726562,0.281748503446579,677.9661865234375,568.46533203125,0.014997869729995728,165.6800994873047,529.1389770507812,0.014741390943527222,691.83349609375,557.1735229492188,0.1430230438709259,618.48046875,588.440185546875,0.004072248935699463
1,256.1769714355469,469.30859375,0.9999875426292419,196.91700744628906,469.5293884277344,0.8602632284164429,854.8028564453125,533.7348022460938,0.9994626045227051,626.998779296875,569.2076416015625,0.9386032819747925,597.5084838867188,590.7965698242188,0.9493165016174316,619.2544555664062,582.36328125,0.007117867469787598,664.8851318359375,586.883544921875,0.06669497489929199,676.6109619140625,567.298583984375,0.1433139145374298,170.88458251953125,549.2217407226562,0.01336720585823059,165.78245544433594,529.4335327148438,0.015590637922286987,693.0741577148438,555.751708984375,0.13311350345611572,618.4888916015625,588.6884155273438,0.003692716360092163
2,256.35302734375,469.216064453125,0.9999855756759644,196.1319122314453,470.0450134277344,0.03848719596862793,854.703125,533.4385375976562,0.9993902444839478,626.614990234375,569.2138671875,0.9027026891708374,597.2565307617188,590.6724853515625,0.954169750213623,619.1719970703125,582.2927856445312,0.006846070289611816,665.3082275390625,586.8553466796875,0.07270339131355286,676.4029541015625,567.680419921875,0.30227187275886536,170.6544952392578,549.181396484375,0.014839529991149902,165.9065399169922,529.24853515625,0.01965317130088806,693.371826171875,555.93115234375,0.2221130132675171,618.4712524414062,588.45556640625,0.0037655234336853027
3,256.31829833984375,469.0617370605469,0.999988317489624,178.32205200195312,481.56280517578125,0.1187639832496643,166.4230499267578,540.3682250976562,0.9994522333145142,626.9613647460938,569.1110229492188,0.8963503837585449,597.5263671875,590.6553344726562,0.9389383792877197,266.31494140625,459.6231689453125,0.007737636566162109,665.9170532226562,586.4824829101562,0.07793819904327393,676.0478515625,568.3115234375,0.25393569469451904,170.439697265625,548.990478515625,0.009817749261856079,165.74925231933594,529.0260009765625,0.015607357025146484,693.4586791992188,555.8566284179688,0.22220712900161743,618.6438598632812,588.5313720703125,0.004466205835342407
4,256.0763244628906,469.28985595703125,0.9999879598617554,181.80950927734375,479.289306640625,0.30422550439834595,855.2214965820312,534.556884765625,0.9994457960128784,626.2461547851562,569.3192138671875,0.8946646451950073,597.218994140625,590.8446044921875,0.9524400234222412,618.90478515625,582.4058837890625,0.008324265480041504,665.5829467773438,586.3834838867188,0.08165577054023743,676.0765380859375,568.1373901367188,0.4325937330722809,170.66192626953125,549.462890625,0.01571294665336609,165.3204345703125,529.259033203125,0.01622435450553894,692.8886108398438,556.2402954101562,0.18666040897369385,618.41845703125,588.269775390625,0.004555761814117432
5,256.3189697265625,469.294677734375,0.9999879598617554,199.8292236328125,464.6328430175781,0.8011193871498108,165.95822143554688,540.7061767578125,0.9993106722831726,626.6232299804688,569.3148803710938,0.9000843167304993,597.7266235351562,590.66650390625,0.920590877532959,619.1609497070312,581.8598022460938,0.008937984704971313,665.728271484375,586.59130859375,0.07190805673599243,677.0164184570312,567.3548583984375,0.36955827474594116,170.68638610839844,549.528564453125,0.018809914588928223,165.40383911132812,529.6101684570312,0.018846362829208374,693.388916015625,555.5272827148438,0.2987957298755646,618.41943359375,588.0977172851562,0.004834502935409546
6,256.3751525878906,468.8868408203125,0.999985933303833,190.81407165527344,475.6312561035156,0.16348552703857422,854.7838134765625,533.895263671875,0.999374270439148,625.9411010742188,569.1510009765625,0.8855279684066772,597.0663452148438,590.4315795898438,0.902328372001648,618.6732788085938,581.8972778320312,0.010619163513183594,665.5443115234375,586.635498046875,0.05961170792579651,677.7337036132812,566.9542236328125,0.38116294145584106,170.20159912109375,548.8543701171875,0.01087033748626709,165.49229431152344,529.3016357421875,0.01880878210067749,693.6741943359375,555.2193603515625,0.1569630205631256,618.495849609375,588.179931640625,0.005446910858154297
7,256.4283447265625,469.0108337402344,0.9999852180480957,191.08872985839844,473.853271484375,0.5685903429985046,854.5014038085938,534.0047607421875,0.9993285536766052,626.1600952148438,568.5689697265625,0.8941411972045898,597.787353515625,590.6951904296875,0.9092567563056946,619.1384887695312,581.8880004882812,0.010491400957107544,666.8698120117188,585.9266357421875,0.05342623591423035,676.1035766601562,568.3827514648438,0.46907997131347656,678.0845947265625,568.434814453125,0.01766011118888855,165.5104217529297,529.4109497070312,0.018152356147766113,693.3052978515625,556.1210327148438,0.17044103145599365,618.3768920898438,588.0118408203125,0.005005776882171631
8,256.4455871582031,469.15545654296875,0.9999886155128479,192.98348999023438,475.2230224609375,0.8843241333961487,854.3953857421875,533.825439453125,0.9993728399276733,626.88330078125,568.6561279296875,0.9361103773117065,597.6000366210938,590.6060180664062,0.9538466930389404,619.52001953125,582.0833129882812,0.00904354453086853,666.4573974609375,585.8084106445312,0.08670344948768616,676.1876220703125,568.51416015625,0.45111531019210815,170.04144287109375,549.1309814453125,0.015466302633285522,165.72457885742188,528.8195190429688,0.016700178384780884,693.2974853515625,556.0027465820312,0.09252026677131653,618.4873657226562,588.2455444335938,0.005098491907119751
9,256.1523132324219,469.0887756347656,0.9999884366989136,177.94354248046875,480.5858459472656,0.06963533163070679,854.5449829101562,533.2759399414062,0.999284565448761,626.0682983398438,568.7347412109375,0.9119067788124084,597.7178955078125,590.3770141601562,0.916915774345398,618.9402465820312,582.0894165039062,0.008980661630630493,666.6056518554688,586.2774658203125,0.05623811483383179,676.5696411132812,568.06982421875,0.31499040126800537,170.47244262695312,548.9703979492188,0.01418277621269226,166.08480834960938,528.900634765625,0.017999708652496338,692.3985595703125,557.0825805664062,0.18371272087097168,618.5073852539062,588.1658325195312,0.004784256219863892
10,255.85604858398438,469.3533020019531,0.9999870657920837,195.88858032226562,469.04119873046875,0.27174320816993713,854.2611694335938,533.3477783203125,0.9993077516555786,626.14697265625,569.4046630859375,0.9087610244750977,597.392333984375,590.3792724609375,0.926172137260437,619.2593383789062,581.9030151367188,0.008854597806930542,666.4117431640625,586.7342529296875,0.04183626174926758,677.0204467773438,567.5822143554688,0.2990261912345886,170.4466552734375,548.93310546875,0.01904699206352234,165.71636962890625,528.7806396484375,0.019949138164520264,693.6539306640625,555.4819946289062,0.21424657106399536,618.5447387695312,588.317626953125,0.0045272111892700195
11,255.83950805664062,469.0857238769531,0.9999842643737793,200.35345458984375,463.76611328125,0.7730587720870972,854.2918701171875,533.451904296875,0.999359130859375,626.0095825195312,569.4131469726562,0.8725682497024536,597.4817504882812,590.4917602539062,0.9004258513450623,618.8133544921875,582.1640625,0.008847445249557495,666.029052734375,586.2269897460938,0.06890252232551575,676.9837646484375,567.8697509765625,0.4161006510257721,170.507568359375,549.1280517578125,0.021811991930007935,165.69400024414062,528.8090209960938,0.020527511835098267,693.808837890625,555.6177368164062,0.15980061888694763,618.6243896484375,588.2545166015625,0.004797130823135376
12,256.1396179199219,469.15435791015625,0.999987006187439,197.4430694580078,466.9160461425781,0.5361517667770386,166.600341796875,540.2283935546875,0.9994062185287476,626.0210571289062,569.9619750976562,0.868920624256134,597.8587036132812,590.947021484375,0.9352207779884338,266.3683776855469,459.8590393066406,0.009121745824813843,666.0042724609375,586.3242797851562,0.05800566077232361,676.4622802734375,567.8558959960938,0.34514978528022766,170.5443878173828,548.8592529296875,0.01640954613685608,165.90576171875,528.9857788085938,0.019725888967514038,693.627685546875,556.0431518554688,0.17719361186027527,618.5016479492188,588.1604614257812,0.004575788974761963
13,255.81143188476562,468.95111083984375,0.9999862909317017,196.05911254882812,469.9792785644531,0.33134061098098755,854.71923828125,533.398681640625,0.999343752861023,625.5921630859375,569.6878662109375,0.8788790702819824,597.2656860351562,590.6790161132812,0.9456259608268738,618.8297119140625,581.9498901367188,0.009918123483657837,665.4305419921875,586.3208618164062,0.07287061214447021,676.3965454101562,567.6182250976562,0.25465041399002075,170.36837768554688,548.9358520507812,0.015133440494537354,165.90597534179688,528.572021484375,0.020227700471878052,692.7116088867188,556.6039428710938,0.11697709560394287,618.5009155273438,588.2493896484375,0.004960358142852783
14,255.91268920898438,469.0710754394531,0.9999862313270569,1004.8218383789062,52.91002655029297,0.026636570692062378,854.4741821289062,533.9042358398438,0.9993631839752197,627.09912109375,568.9963989257812,0.9195692539215088,597.6427001953125,590.328369140625,0.9513893127441406,266.565185546875,459.8651123046875,0.009325504302978516,665.3464965820312,586.3652954101562,0.07840105891227722,676.5189208984375,567.5677490234375,0.26777184009552,170.15882873535156,549.11962890625,0.021451443433761597,165.91432189941406,529.1358032226562,0.01979660987854004,693.2735595703125,556.0501708984375,0.2596074342727661,618.601806640625,588.3748779296875,0.003907263278961182
15,255.78880310058594,469.0406188964844,0.9999876022338867,200.40467834472656,463.2245178222656,0.369304358959198,166.46383666992188,540.4597778320312,0.9993242621421814,626.3729248046875,569.2705078125,0.8884900808334351,597.2528076171875,590.8013305664062,0.9641115665435791,266.5831604003906,459.7348327636719,0.009692341089248657,666.318115234375,586.4060668945312,0.06020638346672058,676.3192138671875,568.4693603515625,0.2387484908103943,170.46481323242188,549.0042114257812,0.016739875078201294,165.7310333251953,529.50146484375,0.01826116442680359,692.1497802734375,556.8402099609375,0.11147740483283997,618.4821166992188,588.1893310546875,0.004170030355453491
16,255.613525390625,469.211181640625,0.9999861121177673,195.43716430664062,468.2273254394531,0.18622317910194397,854.53759765625,533.40966796875,0.9994097948074341,626.9732055664062,568.9717407226562,0.9010204076766968,597.5162353515625,590.6377563476562,0.9495601654052734,266.60986328125,459.7720642089844,0.008882373571395874,665.298828125,586.6979370117188,0.051421403884887695,677.1047973632812,567.6448974609375,0.2219640612602234,169.95486450195312,549.1475830078125,0.014071345329284668,165.3613739013672,529.1429443359375,0.015463829040527344,693.241943359375,555.8450927734375,0.09571495652198792,618.655029296875,588.3633422851562,0.004073679447174072
17,255.82223510742188,469.0463562011719,0.9999860525131226,195.7469940185547,469.541259765625,0.16050300002098083,854.6572875976562,534.08056640625,0.9993898868560791,626.2694702148438,568.61767578125,0.9077180624008179,598.0537109375,590.7500610351562,0.9343332648277283,266.6435546875,459.83087158203125,0.009320676326751709,665.9387817382812,586.0859985351562,0.06950902938842773,677.1784057617188,567.637451171875,0.46756434440612793,170.26419067382812,548.5748901367188,0.014800995588302612,165.90023803710938,529.1311645507812,0.01616460084915161,693.2899780273438,556.123779296875,0.17785239219665527,618.3934326171875,588.1384887695312,0.004877716302871704
18,256.3048095703125,469.0928039550781,0.9999863505363464,190.81658935546875,475.0291748046875,0.33817699551582336,165.84765625,540.4044799804688,0.9993025064468384,626.72705078125,568.8942260742188,0.7852020859718323,598.0711059570312,590.6547241210938,0.9216568470001221,266.4298095703125,459.7795715332031,0.010493755340576172,665.501708984375,586.2454223632812,0.05491781234741211,676.7473754882812,567.8045043945312,0.24651721119880676,169.8942413330078,548.8081665039062,0.010144740343093872,161.78663635253906,531.3368530273438,0.013393133878707886,693.13671875,555.797119140625,0.09650006890296936,618.4998779296875,588.0406494140625,0.00518876314163208
19,256.05804443359375,469.0935363769531,0.9999880194664001,196.02557373046875,467.84222412109375,0.09700652956962585,165.55148315429688,540.2732543945312,0.9994368553161621,626.481201171875,568.8383178710938,0.9080548286437988,597.60693359375,590.6098022460938,0.9534976482391357,618.786376953125,582.2432250976562,0.009336650371551514,665.9724731445312,585.9660034179688,0.08072453737258911,677.1820678710938,567.6182861328125,0.5505292415618896,678.5533447265625,568.0349731445312,0.018430590629577637,165.43206787109375,529.3832397460938,0.015074104070663452,693.7718505859375,555.1653442382812,0.21450665593147278,618.4974365234375,588.0798950195312,0.005082309246063232
20,256.01495361328125,469.1687316894531,0.9999862909317017,195.66346740722656,470.4366760253906,0.14446204900741577,165.6171417236328,539.9342651367188,0.9992414116859436,625.7620849609375,568.8236083984375,0.8375626802444458,597.8255004882812,590.4537353515625,0.8667659163475037,618.5718383789062,581.8544921875,0.010662227869033813,665.9710083007812,586.5560302734375,0.08477076888084412,677.0768432617188,567.245849609375,0.4029214084148407,170.044189453125,548.6123657226562,0.015028893947601318,165.70266723632812,528.9382934570312,0.014870136976242065,693.6419677734375,555.190673828125,0.21549704670906067,618.539306640625,588.0700073242188,0.005225926637649536
21,256.11151123046875,468.6724853515625,0.9999878406524658,201.0509033203125,461.8958740234375,0.7528579235076904,854.5505981445312,533.4229125976562,0.9994078874588013,626.1620483398438,569.7202758789062,0.781440258026123,597.7708740234375,590.8014526367188,0.8943382501602173,266.3311462402344,459.7619934082031,0.011978447437286377,664.7086791992188,586.6300048828125,0.08594691753387451,676.3756713867188,567.7529907226562,0.07439029216766357,170.56199645996094,548.921142578125,0.021607637405395508,165.84800720214844,528.9252319335938,0.01861289143562317,691.6751098632812,557.5836181640625,0.12059977650642395,618.5818481445312,588.238037109375,0.0053750574588775635
22,255.64344787597656,469.09808349609375,0.999983549118042,199.0329132080078,462.654052734375,0.21044835448265076,854.7369995117188,533.8099975585938,0.9992897510528564,626.33056640625,569.1929931640625,0.8510891199111938,597.5714721679688,590.565673828125,0.8999637365341187,266.7176208496094,459.8971252441406,0.010453194379806519,664.8203735351562,586.4695434570312,0.07848250865936279,676.6381225585938,567.8048095703125,0.1713179349899292,174.38865661621094,547.2727661132812,0.02371525764465332,166.12559509277344,528.5667114257812,0.023508548736572266,691.8419189453125,557.0947265625,0.14642584323883057,618.4224853515625,588.2448120117188,0.00496789813041687
23,255.7714385986328,468.9315490722656,0.9999836683273315,196.28494262695312,467.9825744628906,0.25834935903549194,165.49880981445312,540.064453125,0.9994102120399475,625.9722900390625,568.8133544921875,0.8400305509567261,597.267578125,590.5558471679688,0.9439396858215332,266.572998046875,459.98004150390625,0.00982964038848877,665.9129028320312,586.5014038085938,0.07495996356010437,676.4329223632812,567.97900390625,0.29416942596435547,170.3151397705078,548.7499389648438,0.01530444622039795,165.68527221679688,528.9092407226562,0.01563584804534912,692.7315063476562,556.5968627929688,0.09411829710006714,618.3853759765625,588.1365356445312,0.004902005195617676
24,256.0278625488281,469.1268310546875,0.9999895691871643,196.85086059570312,466.31158447265625,0.5632737874984741,165.67343139648438,539.9830932617188,0.9991608262062073,625.550048828125,569.7237548828125,0.8951886892318726,597.5281982421875,590.8668823242188,0.9412602186203003,266.55670166015625,459.5823974609375,0.009672611951828003,666.0137939453125,586.5751342773438,0.07730969786643982,675.8453979492188,567.8287963867188,0.354889452457428,170.3426513671875,548.7833862304688,0.013209164142608643,165.8589324951172,528.7017211914062,0.01433032751083374,692.7364501953125,556.6004028320312,0.2077186107635498,618.4806518554688,588.2640380859375,0.004280656576156616
25,255.82431030273438,469.12286376953125,0.9999856948852539,199.47952270507812,462.8405456542969,0.05458536744117737,166.37281799316406,539.9760131835938,0.9992462396621704,625.6502685546875,569.2208251953125,0.866956353187561,597.5343627929688,590.80029296875,0.9071707725524902,266.5865173339844,459.7427673339844,0.01104852557182312,665.8662719726562,586.7539672851562,0.09560421109199524,676.4239501953125,567.8497314453125,0.2732672691345215,174.3293914794922,547.0498657226562,0.015604376792907715,165.8201141357422,528.9400024414062,0.019861698150634766,692.998046875,556.5875854492188,0.19415515661239624,618.51953125,588.0785522460938,0.004703998565673828
26,256.22247314453125,469.0963134765625,0.999987006187439,199.31207275390625,462.96942138671875,0.08813062310218811,854.7999877929688,533.4938354492188,0.999404788017273,625.7157592773438,569.5375366210938,0.9047784805297852,597.3825073242188,590.8334350585938,0.9456804990768433,266.40557861328125,459.8775634765625,0.010338306427001953,665.3911743164062,586.4854736328125,0.0750696063041687,676.2626953125,567.5198974609375,0.3385815918445587,170.4847412109375,549.0538940429688,0.016951709985733032,165.99563598632812,529.2118530273438,0.01936495304107666,692.876953125,556.7554321289062,0.1630420684814453,618.3388671875,587.9638061523438,0.005080550909042358
27,255.99908447265625,469.1241760253906,0.9999873638153076,1004.4576416015625,52.65598678588867,0.04550084471702576,854.632568359375,533.290771484375,0.9993889927864075,626.03515625,569.263671875,0.9419020414352417,597.38330078125,590.6937866210938,0.945716917514801,619.1602783203125,581.9663696289062,0.009828418493270874,665.83349609375,586.5313110351562,0.08983114361763,675.8038330078125,568.0403442382812,0.26608386635780334,170.43894958496094,548.81884765625,0.014939367771148682,165.95526123046875,528.746337890625,0.017572790384292603,692.8849487304688,556.3592529296875,0.11963698267936707,618.4448852539062,588.026123046875,0.004847735166549683
28,256.0140075683594,468.9755554199219,0.9999859929084778,179.4124755859375,481.4852600097656,0.043647944927215576,166.1515655517578,539.8694458007812,0.9993401765823364,625.9768676757812,569.2534790039062,0.9453912973403931,597.1611328125,590.860595703125,0.9642168879508972,266.5251770019531,459.86334228515625,0.009107321500778198,666.4510498046875,586.4351196289062,0.05878692865371704,676.8270874023438,567.6517333984375,0.593223512172699,678.4176025390625,568.1873168945312,0.017784953117370605,165.98635864257812,528.9187622070312,0.02279055118560791,693.5970458984375,555.71630859375,0.20021891593933105,252.19444274902344,458.85333251953125,0.0037284493446350098
29,256.024169921875,468.7913818359375,0.9999895691871643,1004.6675415039062,52.716949462890625,0.028262019157409668,165.8201904296875,540.1365356445312,0.9993199706077576,626.04736328125,569.3051147460938,0.9027485251426697,597.19482421875,590.8010864257812,0.9505423903465271,266.3568420410156,459.6364440917969,0.008568674325942993,665.757080078125,586.6844482421875,0.058547019958496094,677.4295654296875,566.888427734375,0.25505760312080383,169.85093688964844,548.6112670898438,0.019394218921661377,165.8141326904297,528.9788818359375,0.018098950386047363,692.71044921875,556.2373657226562,0.11729180812835693,618.3220825195312,588.1510009765625,0.004423290491104126
30,256.15362548828125,469.12933349609375,0.9999881982803345,1004.4398193359375,52.518924713134766,0.0319114625453949,166.2023162841797,540.156494140625,0.9993411302566528,626.4918212890625,569.2622680664062,0.8654155731201172,597.5892944335938,590.6528930664062,0.9166542291641235,618.8971557617188,582.0230712890625,0.009954601526260376,666.555419921875,586.2623901367188,0.0546262264251709,676.7510375976562,568.06103515625,0.3789191246032715,170.46038818359375,548.9122924804688,0.017648518085479736,165.81655883789062,529.154052734375,0.018356353044509888,692.921142578125,556.3779907226562,0.13099947571754456,618.4827880859375,588.1111450195312,0.005461454391479492
31,255.95045471191406,469.0618896484375,0.9999852180480957,1004.5452880859375,52.134029388427734,0.029696792364120483,854.5256958007812,533.771484375,0.9994630217552185,625.9617309570312,569.330078125,0.9268608093261719,597.2186279296875,590.746826171875,0.9354269504547119,619.0869750976562,581.6948852539062,0.010014206171035767,666.17138671875,586.5875244140625,0.06647861003875732,676.5993041992188,567.63720703125,0.4254699945449829,170.00039672851562,548.7882080078125,0.017238378524780273,165.51446533203125,529.0376586914062,0.024810791015625,693.4686279296875,555.5030517578125,0.19995847344398499,618.3659057617188,588.2200317382812,0.0047209858894348145
32,256.0336608886719,469.0852966308594,0.9999871850013733,196.8525848388672,468.3014221191406,0.2016621232032776,854.6195678710938,533.9043579101562,0.9994493722915649,625.8243408203125,569.4058837890625,0.9047796726226807,597.1559448242188,590.7210693359375,0.9331387281417847,266.48486328125,459.804931640625,0.00983169674873352,665.9321899414062,586.4111328125,0.06145501136779785,677.0540771484375,567.814697265625,0.5602990984916687,678.2994995117188,568.10986328125,0.020245075225830078,165.31224060058594,528.7723388671875,0.02182033658027649,693.4862060546875,555.9688110351562,0.1904354989528656,618.463134765625,587.919189453125,0.004680454730987549
33,255.88223266601562,469.1054382324219,0.9999881982803345,196.84716796875,468.0802917480469,0.6892533302307129,854.8638305664062,533.7843627929688,0.9994142055511475,626.0075073242188,569.1152954101562,0.9061475396156311,597.9036254882812,590.621337890625,0.9185442924499512,266.6826171875,459.8597412109375,0.010181128978729248,666.3936157226562,586.4767456054688,0.08878841996192932,676.8151245117188,567.574951171875,0.21970194578170776,170.22421264648438,548.6912231445312,0.021906614303588867,165.56312561035156,528.9645385742188,0.016788721084594727,693.0514526367188,556.4197998046875,0.1054627001285553,618.33935546875,588.248046875,0.004260718822479248
34,256.2127380371094,469.1120300292969,0.9999849200248718,194.97854614257812,469.4213562011719,0.06718769669532776,165.28067016601562,539.84619140625,0.9993571043014526,626.305419921875,568.7858276367188,0.865647554397583,597.5056762695312,590.4581298828125,0.9064239263534546,618.9226684570312,582.3212890625,0.010347306728363037,666.3635864257812,586.2212524414062,0.06819668412208557,677.2066040039062,567.3226928710938,0.3508205711841583,170.19281005859375,548.6435546875,0.02140328288078308,165.59384155273438,529.0584716796875,0.018427640199661255,693.5914306640625,555.7007446289062,0.15185457468032837,618.38916015625,588.1044921875,0.0049419105052948
35,256.3382263183594,469.0919189453125,0.9999850988388062,201.36376953125,461.8838195800781,0.6282328367233276,165.2807159423828,540.4566650390625,0.999260425567627,626.7025756835938,569.1046142578125,0.8303897380828857,597.630615234375,590.7366943359375,0.9329731464385986,266.4679260253906,459.7400207519531,0.010544359683990479,616.1978759765625,588.4850463867188,0.05810782313346863,677.135009765625,567.5,0.352492094039917,169.98081970214844,549.0357055664062,0.01849481463432312,165.43357849121094,529.3781127929688,0.014132112264633179,693.8184814453125,555.5902709960938,0.27060502767562866,618.341796875,588.087158203125,0.005312561988830566
36,256.2685241699219,469.1569519042969,0.9999871253967285,202.2322998046875,461.1515808105469,0.5124645829200745,854.6648559570312,533.586669921875,0.9994246959686279,626.7020263671875,569.2833862304688,0.8878377079963684,597.8316040039062,590.5761108398438,0.9220889806747437,619.028564453125,582.1959838867188,0.010251432657241821,616.339599609375,588.6627807617188,0.04808327555656433,676.2633056640625,567.5595703125,0.5631746053695679,170.15841674804688,549.05517578125,0.018542379140853882,165.57632446289062,529.6923217773438,0.013213753700256348,694.1339111328125,555.1875,0.2408839464187622,618.3446655273438,588.1873779296875,0.005375176668167114
37,255.83026123046875,469.15521240234375,0.9999876618385315,197.31690979003906,470.38580322265625,0.7712408304214478,854.927734375,532.9186401367188,0.9992792010307312,626.6952514648438,569.5809326171875,0.887191891670227,597.6973876953125,590.7174072265625,0.9307607412338257,266.532470703125,459.5025939941406,0.008886098861694336,666.040283203125,586.3837890625,0.06076022982597351,676.2664184570312,568.2174072265625,0.28504663705825806,170.3251495361328,549.0924072265625,0.016492098569869995,165.7384796142578,529.208251953125,0.014067351818084717,692.6665649414062,556.830810546875,0.15634098649024963,618.4147338867188,588.2652587890625,0.004869550466537476
38,256.0245666503906,469.1661376953125,0.9999836683273315,196.66131591796875,466.2967224121094,0.1447693407535553,854.3517456054688,532.78564453125,0.9994431734085083,626.1687622070312,569.5099487304688,0.8789612054824829,597.4844360351562,590.75,0.9510355591773987,618.7831420898438,581.9666748046875,0.009679436683654785,665.3821411132812,586.2577514648438,0.07335305213928223,675.800048828125,568.3359375,0.20362919569015503,170.27793884277344,548.9094848632812,0.020810753107070923,165.467041015625,528.8403930664062,0.012272447347640991,692.6106567382812,557.0553588867188,0.13785585761070251,618.4766235351562,587.9210205078125,0.005102246999740601
39,256.09698486328125,469.0406494140625,0.9999840259552002,196.65292358398438,464.68035888671875,0.5050889849662781,854.1331787109375,533.3340454101562,0.9991052150726318,625.385009765625,569.6273193359375,0.9025343656539917,597.2197875976562,590.6705932617188,0.9539183378219604,266.52374267578125,459.8643798828125,0.009331971406936646,665.0654907226562,586.57373046875,0.0703660249710083,677.1739501953125,567.104736328125,0.3487769365310669,170.50640869140625,548.7681274414062,0.017689615488052368,165.4579315185547,528.946044921875,0.014865666627883911,693.626220703125,555.7953491210938,0.140053391456604,618.24462890625,588.0616455078125,0.004134505987167358
40,256.212158203125,469.07427978515625,0.9999849796295166,195.18031311035156,469.9930725097656,0.18790751695632935,854.3709106445312,533.8823852539062,0.9994113445281982,625.6632690429688,569.4093017578125,0.8981027603149414,597.7565307617188,590.833251953125,0.9321588277816772,618.9613647460938,581.5988159179688,0.008994042873382568,666.0191650390625,586.2369384765625,0.07626038789749146,676.2642822265625,568.03125,0.27300381660461426,170.2708740234375,548.6054077148438,0.017939001321792603,165.4685516357422,528.5611572265625,0.017142683267593384,693.5750122070312,556.1094360351562,0.10531854629516602,618.4188232421875,588.1643676757812,0.0046160221099853516
41,256.30731201171875,469.0137634277344,0.9999864101409912,1004.3163452148438,52.595558166503906,0.05061745643615723,166.04220581054688,539.7308349609375,0.9992054104804993,626.23779296875,569.5242309570312,0.9140650629997253,597.7488403320312,590.89794921875,0.951793372631073,266.6872253417969,459.6483154296875,0.008920550346374512,665.9818115234375,586.5282592773438,0.06455907225608826,675.9459228515625,567.8228759765625,0.26596879959106445,170.44528198242188,548.8831787109375,0.019658297300338745,165.56961059570312,528.8200073242188,0.01970916986465454,692.969482421875,556.0701904296875,0.1535821259021759,618.390869140625,588.3627319335938,0.004440665245056152
42,256.0869140625,468.7318115234375,0.9999889135360718,197.4647216796875,467.542236328125,0.7764052152633667,165.70272827148438,539.6807861328125,0.9993676543235779,625.66796875,569.4365234375,0.8835447430610657,597.1270751953125,590.5447387695312,0.923444926738739,266.1923522949219,459.77935791015625,0.008925288915634155,666.0697631835938,586.5206909179688,0.04870867729187012,676.8741455078125,567.541748046875,0.2671089470386505,169.89651489257812,548.4155883789062,0.02232864499092102,160.925537109375,530.70703125,0.019870877265930176,693.5074462890625,555.671142578125,0.14688760042190552,618.3917236328125,588.185546875,0.0038842856884002686
43,255.75396728515625,468.74005126953125,0.9999814033508301,199.43951416015625,464.8204040527344,0.3068728446960449,166.1554718017578,539.9323120117188,0.9993269443511963,625.648681640625,569.3694458007812,0.8967753648757935,597.19091796875,590.680908203125,0.9461137652397156,266.59136962890625,459.97540283203125,0.009476423263549805,666.3775024414062,586.3135986328125,0.05503401160240173,677.0652465820312,567.5305786132812,0.41239601373672485,170.22479248046875,548.6322631835938,0.01972147822380066,165.4117889404297,528.9610595703125,0.019131094217300415,693.479248046875,555.5838623046875,0.14933404326438904,618.3171997070312,588.1767578125,0.004371017217636108
44,255.74459838867188,468.87103271484375,0.999981164932251,199.62193298339844,464.2269592285156,0.2793351411819458,165.9508056640625,540.1901245117188,0.9993978142738342,626.0935668945312,569.3165893554688,0.9193716645240784,597.0843505859375,590.5311889648438,0.9430357217788696,618.6989135742188,581.8790283203125,0.010091155767440796,665.9644775390625,586.7965087890625,0.066205233335495,677.721923828125,567.5226440429688,0.23345771431922913,170.30397033691406,548.2387084960938,0.01599368453025818,165.34727478027344,529.507080078125,0.016243964433670044,693.114990234375,555.4363403320312,0.13294717669487,618.3225708007812,588.1032104492188,0.005066573619842529
45,255.93170166015625,468.9961242675781,0.9999864101409912,177.65542602539062,481.7981262207031,0.2300976812839508,165.67410278320312,540.3291625976562,0.9993121027946472,625.8285522460938,569.1676635742188,0.85733962059021,597.4247436523438,590.4053955078125,0.8959184885025024,266.2892761230469,460.0270080566406,0.009241700172424316,665.6885375976562,586.5872802734375,0.052992671728134155,676.2295532226562,567.9053344726562,0.24309709668159485,170.13133239746094,548.5314331054688,0.015547603368759155,161.29298400878906,530.813232421875,0.015204399824142456,693.479248046875,555.1727294921875,0.12119695544242859,618.7156372070312,587.919921875,0.005122154951095581
46,255.86322021484375,469.15301513671875,0.9999860525131226,190.5347442626953,475.4234619140625,0.2602398991584778,165.58897399902344,540.1253051757812,0.9992948770523071,625.5913696289062,569.3273315429688,0.8929816484451294,597.1486206054688,590.6368408203125,0.9515385627746582,266.627197265625,459.9129943847656,0.008697986602783203,665.5453491210938,586.8034057617188,0.03844448924064636,679.5809936523438,565.9114379882812,0.18851304054260254,170.12274169921875,548.5400390625,0.017885029315948486,164.95750427246094,529.3095092773438,0.016892850399017334,693.3772583007812,555.6862182617188,0.13035821914672852,618.5572509765625,588.3098754882812,0.003768831491470337
47,256.0216064453125,468.885498046875,0.9999837875366211,197.02752685546875,471.030029296875,0.7835270166397095,165.3971405029297,540.1229858398438,0.9994238615036011,625.726806640625,569.8833618164062,0.9570969343185425,597.113037109375,590.9381103515625,0.9521472454071045,622.5264892578125,572.629638671875,0.008561640977859497,666.0501098632812,586.6737670898438,0.05751964449882507,677.02685546875,567.3599243164062,0.42153510451316833,169.98924255371094,548.5693969726562,0.016659587621688843,160.8494873046875,531.164794921875,0.015038788318634033,694.0916748046875,554.97998046875,0.34886518120765686,252.24171447753906,458.89544677734375,0.0036319494247436523
48,255.98519897460938,469.1460266113281,0.9999865293502808,195.93130493164062,469.9581604003906,0.07255831360816956,165.76258850097656,540.1406860351562,0.9994044303894043,625.1369018554688,569.7203979492188,0.880315899848938,597.12548828125,590.7564697265625,0.9406371712684631,618.9638061523438,581.4282836914062,0.00893738865852356,666.0198974609375,586.4404296875,0.08188176155090332,676.3203125,567.972900390625,0.30145132541656494,169.97650146484375,548.6387939453125,0.013050049543380737,165.333740234375,529.2152709960938,0.01592940092086792,692.9660034179688,555.8093872070312,0.18292635679244995,618.3268432617188,588.1846923828125,0.004730969667434692
49,255.87429809570312,468.85882568359375,0.9999906420707703,163.81690979003906,540.1076049804688,0.018405377864837646,854.3087768554688,533.62060546875,0.9992660284042358,626.6052856445312,569.6767578125,0.8824570178985596,597.6222534179688,590.9398803710938,0.9407672882080078,618.81201171875,582.1699829101562,0.01074904203414917,665.2635498046875,586.74169921875,0.06940668821334839,676.5482177734375,568.0181884765625,0.13703876733779907,169.89344787597656,548.8807373046875,0.02040150761604309,166.0294647216797,528.666015625,0.017351210117340088,692.1046142578125,556.9036254882812,0.13068097829818726,618.4674072265625,587.9634399414062,0.005955308675765991
50,256.0572814941406,469.01690673828125,0.9999895095825195,1004.2372436523438,52.57665252685547,0.04606670141220093,854.3573608398438,534.2085571289062,0.9994640350341797,626.2350463867188,569.7357788085938,0.9099336862564087,597.2575073242188,590.5970458984375,0.9428636431694031,266.463623046875,459.82257080078125,0.008392870426177979,665.4539184570312,586.9232788085938,0.049373775720596313,677.3472290039062,567.2281494140625,0.23389285802841187,169.63546752929688,548.8382568359375,0.012747049331665039,161.00588989257812,530.9317016601562,0.016290217638015747,692.2974853515625,556.3180541992188,0.10424754023551941,618.413818359375,588.2183837890625,0.004453063011169434
51,255.96600341796875,468.786376953125,0.9999901056289673,179.48211669921875,480.9898376464844,0.16457512974739075,853.9697265625,533.0195922851562,0.9993661642074585,625.8549194335938,569.316650390625,0.863937497138977,597.4517822265625,590.6753540039062,0.9388746023178101,618.9727172851562,582.25927734375,0.009721040725708008,665.4743041992188,586.7258911132812,0.057622671127319336,676.1779174804688,567.9640502929688,0.24787288904190063,169.77590942382812,548.9016723632812,0.01675930619239807,165.38516235351562,528.8176879882812,0.019332081079483032,692.292236328125,557.2098388671875,0.13299423456192017,618.3302612304688,588.1276245117188,0.004977881908416748
52,256.1637878417969,468.9638366699219,0.9999874830245972,192.14015197753906,474.4712219238281,0.5129711627960205,854.030517578125,533.8534545898438,0.999362587928772,626.237548828125,569.4759521484375,0.8941423892974854,597.6928100585938,590.8961181640625,0.9109276533126831,619.0161743164062,582.2257690429688,0.00958019495010376,666.231689453125,586.3828125,0.06262904405593872,676.027099609375,567.8898315429688,0.2968764305114746,169.66348266601562,548.7772216796875,0.017365723848342896,165.28939819335938,529.178955078125,0.017587810754776,692.7711791992188,556.6345825195312,0.133743554353714,618.4029541015625,588.177978515625,0.004983454942703247
53,256.35150146484375,468.90179443359375,0.9999890923500061,163.21395874023438,540.3967895507812,0.020701438188552856,854.0419921875,533.3472290039062,0.9992799162864685,625.8115844726562,568.9168090820312,0.8444238901138306,597.8204956054688,590.6133422851562,0.901782751083374,618.8624877929688,582.036865234375,0.009232550859451294,665.9902954101562,585.8568115234375,0.09854373335838318,675.3509521484375,568.6595458984375,0.18843761086463928,170.01890563964844,548.9048461914062,0.02153661847114563,165.62632751464844,529.0015258789062,0.02174314856529236,692.3795776367188,556.8346557617188,0.12809762358665466,618.498046875,588.0852661132812,0.004992306232452393
54,255.97137451171875,468.9353332519531,0.9999885559082031,200.68101501464844,462.2467956542969,0.13540032505989075,853.9081420898438,533.1644287109375,0.9995980262756348,626.0259399414062,569.4434204101562,0.9143604636192322,597.5870971679688,590.78369140625,0.9438337087631226,619.3762817382812,581.49462890625,0.0072612464427948,665.712646484375,586.7635498046875,0.0675266683101654,676.8707885742188,567.515625,0.31722596287727356,169.93484497070312,548.950927734375,0.013454675674438477,165.4258270263672,529.3125610351562,0.015275120735168457,693.6055297851562,555.6901245117188,0.12210914492607117,618.2644653320312,588.3040771484375,0.0036534368991851807
55,255.97488403320312,469.12548828125,0.9999890327453613,199.7351531982422,463.4173583984375,0.32245850563049316,854.2517700195312,533.7630615234375,0.9994937181472778,625.8737182617188,568.9782104492188,0.8648831844329834,597.6546020507812,591.0713500976562,0.9454166889190674,266.5282897949219,459.7359619140625,0.009113341569900513,666.0226440429688,586.8133544921875,0.0668097734451294,676.9909057617188,567.4022216796875,0.3890988528728485,169.7677459716797,548.6156005859375,0.013526976108551025,161.3003692626953,531.1209716796875,0.01711428165435791,693.1488647460938,555.7344360351562,0.16653281450271606,618.3869018554688,588.0999755859375,0.004704773426055908
56,255.71676635742188,469.0316467285156,0.999984622001648,1003.9094848632812,52.54890441894531,0.06623727083206177,854.6741943359375,534.231201171875,0.9992596507072449,625.914794921875,569.671142578125,0.9033434391021729,597.7509765625,590.7369384765625,0.9329821467399597,618.7649536132812,582.552490234375,0.00936928391456604,666.724365234375,586.8478393554688,0.05587756633758545,676.1959838867188,567.6339721679688,0.2822258472442627,169.16256713867188,548.557861328125,0.015212148427963257,160.86279296875,530.5494995117188,0.01790553331375122,693.56298828125,555.6900634765625,0.1481000781059265,618.4382934570312,588.3038330078125,0.005235165357589722
57,255.90155029296875,469.1709899902344,0.9999887943267822,195.11061096191406,470.85797119140625,0.6573081612586975,854.6465454101562,533.4982299804688,0.9994161128997803,625.926513671875,569.8941650390625,0.8798238635063171,597.56396484375,590.87109375,0.9437000155448914,266.4673767089844,459.73638916015625,0.009793072938919067,665.7940673828125,586.6590576171875,0.06055229902267456,675.447265625,568.5137329101562,0.1875903606414795,169.40335083007812,548.7091674804688,0.01414451003074646,165.3843231201172,528.9885864257812,0.017279893159866333,693.1923828125,555.9899291992188,0.11006957292556763,618.400390625,588.1088256835938,0.004485666751861572
58,256.1644592285156,468.99652099609375,0.9999876618385315,200.54014587402344,462.84295654296875,0.21671819686889648,854.2462768554688,533.4443969726562,0.9992822408676147,625.18359375,569.8067626953125,0.9219075441360474,596.85400390625,590.87646484375,0.9571999907493591,619.2054443359375,581.0630493164062,0.009000897407531738,665.5262451171875,586.7650756835938,0.04991203546524048,675.7357788085938,568.0147094726562,0.27848514914512634,170.21160888671875,548.9175415039062,0.015592724084854126,165.54244995117188,529.3082275390625,0.014541327953338623,692.572998046875,556.5045166015625,0.16538691520690918,618.390380859375,588.1656494140625,0.004302918910980225
59,255.85972595214844,468.83111572265625,0.999988317489624,192.2496337890625,473.8904113769531,0.27562159299850464,854.3231201171875,533.1143188476562,0.9991428852081299,626.2432250976562,569.2443237304688,0.8867779970169067,597.6526489257812,590.831298828125,0.946160078048706,618.952392578125,581.8253173828125,0.0096205472946167,666.457763671875,586.5093383789062,0.05819523334503174,676.33935546875,568.3344116210938,0.42333105206489563,170.51077270507812,548.631591796875,0.012510687112808228,165.79043579101562,529.3482055664062,0.0157240629196167,693.7307739257812,555.9712524414062,0.28003132343292236,618.2650146484375,588.0332641601562,0.005018264055252075
60,256.2124938964844,469.0145263671875,0.9999876618385315,199.3665771484375,464.081298828125,0.8233479857444763,854.9827880859375,534.1087646484375,0.9993540644645691,625.6107177734375,569.374267578125,0.8638184666633606,597.2234497070312,590.5520629882812,0.9215925335884094,266.4652404785156,459.6687927246094,0.008936315774917603,665.6751708984375,586.4248657226562,0.04866957664489746,676.2314453125,568.0361938476562,0.19348940253257751,169.48260498046875,548.6878662109375,0.013934910297393799,160.84222412109375,530.5938110351562,0.014706283807754517,692.7178955078125,556.4868774414062,0.14374950528144836,618.430419921875,588.3654174804688,0.004136025905609131
61,256.0362243652344,469.0526428222656,0.9999876022338867,1004.094482421875,51.95041275024414,0.04323655366897583,854.8536987304688,534.2649536132812,0.999339759349823,625.753662109375,569.7698974609375,0.8922120332717896,597.3123779296875,590.5654296875,0.9471086859703064,266.3741455078125,459.7837219238281,0.009023994207382202,665.025634765625,586.7501220703125,0.05942052602767944,676.6104736328125,567.6971435546875,0.1772741675376892,169.93740844726562,548.465087890625,0.012086182832717896,165.72119140625,529.259765625,0.015576988458633423,692.190185546875,557.1856689453125,0.10967448353767395,618.3802490234375,588.2445678710938,0.004123032093048096
62,256.1566467285156,468.96142578125,0.999987781047821,195.83316040039062,469.57501220703125,0.08452045917510986,854.715576171875,533.3963623046875,0.9992705583572388,626.1826782226562,569.043701171875,0.8738794326782227,597.7317504882812,590.9968872070312,0.944486141204834,618.9470825195312,581.715087890625,0.008786499500274658,666.0179443359375,586.3849487304688,0.061042994260787964,676.0813598632812,567.931640625,0.36010468006134033,677.9884033203125,568.264404296875,0.013751000165939331,165.2589111328125,529.1993408203125,0.012961775064468384,693.2020874023438,556.5337524414062,0.23721268773078918,618.2232055664062,588.1004638671875,0.0046852827072143555
63,256.087158203125,468.91961669921875,0.9999887943267822,179.83653259277344,480.650146484375,0.11678624153137207,854.6376953125,533.2930908203125,0.9993112087249756,626.1514282226562,569.5360107421875,0.889091968536377,597.4832763671875,590.6146240234375,0.9452677965164185,266.3216552734375,459.656005859375,0.007425278425216675,666.0787963867188,586.6219482421875,0.07349669933319092,675.80517578125,567.71875,0.33722418546676636,170.13577270507812,548.9646606445312,0.016615629196166992,161.18408203125,531.2111206054688,0.016172587871551514,693.5147094726562,555.3482666015625,0.23173800110816956,618.6038208007812,588.3336181640625,0.004097104072570801
64,256.0518493652344,469.1631164550781,0.9999852180480957,196.8011932373047,470.2829895019531,0.2615179121494293,854.6312866210938,534.3031005859375,0.9993011355400085,624.961669921875,569.9977416992188,0.8735823631286621,597.1812133789062,590.7665405273438,0.9454307556152344,618.8904418945312,581.3549194335938,0.008763134479522705,665.726318359375,586.5765380859375,0.07100093364715576,676.236572265625,568.052490234375,0.20152980089187622,170.3397979736328,548.8442993164062,0.016877681016921997,161.17210388183594,531.3208618164062,0.01541474461555481,692.0388793945312,557.6397705078125,0.06577205657958984,618.4612426757812,588.1597290039062,0.004339784383773804
65,256.0091247558594,468.9101867675781,0.9999881386756897,178.39926147460938,481.1344299316406,0.09360000491142273,854.6295166015625,534.0680541992188,0.9994003772735596,626.1611328125,569.3524780273438,0.896192193031311,597.3060302734375,590.777587890625,0.9580930471420288,619.3445434570312,581.7208251953125,0.008124589920043945,666.2210083007812,586.5166015625,0.08493876457214355,675.703857421875,568.53857421875,0.2490449845790863,169.98594665527344,548.8294067382812,0.015553325414657593,165.6566619873047,528.8034057617188,0.01782536506652832,692.3094482421875,556.66796875,0.08226031064987183,618.4912109375,588.2706298828125,0.004360288381576538
66,255.90023803710938,468.84185791015625,0.9999880790710449,178.7473907470703,481.17083740234375,0.2289482057094574,854.9368896484375,534.1201782226562,0.9993615746498108,625.5155639648438,569.3785400390625,0.8385965824127197,597.598876953125,590.6377563476562,0.9102872014045715,618.6300659179688,581.7886962890625,0.010806560516357422,665.292724609375,587.0067138671875,0.06245121359825134,676.7852783203125,567.2548217773438,0.1770692765712738,170.01773071289062,548.8051147460938,0.01335442066192627,165.52882385253906,529.3378295898438,0.014689624309539795,693.2265014648438,555.92041015625,0.08499020338058472,618.4158325195312,587.9903564453125,0.005232810974121094
67,255.9520263671875,469.24932861328125,0.9999871253967285,199.47723388671875,464.01324462890625,0.8724914789199829,165.41946411132812,540.5033569335938,0.9992260336875916,625.3404541015625,569.6107177734375,0.8775869607925415,597.42236328125,590.8385620117188,0.9267975091934204,618.81787109375,581.6070556640625,0.009840399026870728,665.0536499023438,586.4549560546875,0.0611836314201355,676.0123291015625,567.9261474609375,0.21162089705467224,169.7714385986328,548.7489624023438,0.01640021800994873,161.25970458984375,531.198974609375,0.01623186469078064,693.179931640625,556.74755859375,0.0982358455657959,618.4238891601562,587.9923706054688,0.004896342754364014
68,255.79315185546875,468.7791442871094,0.9999874830245972,200.21385192871094,462.9134826660156,0.91855788230896,854.39794921875,533.558349609375,0.9992333054542542,625.3922119140625,569.6882934570312,0.8711178302764893,597.315673828125,590.6626586914062,0.9410498738288879,618.8377685546875,581.60546875,0.008610546588897705,666.4171142578125,586.7743530273438,0.05109784007072449,676.6402587890625,567.5921630859375,0.4122515916824341,170.00003051757812,548.9365844726562,0.015941202640533447,161.52838134765625,531.59130859375,0.01647987961769104,693.780517578125,555.9656372070312,0.10568660497665405,618.4547729492188,588.1522216796875,0.004438072443008423
69,255.68704223632812,469.3121337890625,0.9999881982803345,195.85940551757812,469.6754455566406,0.4418383240699768,854.5162963867188,533.3247680664062,0.9992412328720093,626.7601318359375,568.8104858398438,0.809586763381958,597.4757690429688,590.7489013671875,0.9519137144088745,619.0142822265625,582.3491821289062,0.009187579154968262,666.7717895507812,586.8519287109375,0.11145147681236267,677.0313720703125,568.11181640625,0.29130691289901733,170.8020477294922,549.510986328125,0.018793344497680664,165.4491729736328,529.8322143554688,0.016899853944778442,693.2357788085938,556.2230224609375,0.12624362111091614,618.3848876953125,588.01416015625,0.0049266517162323
70,256.3747863769531,469.24114990234375,0.9999840259552002,200.092041015625,464.1315612792969,0.5615791082382202,165.02992248535156,540.204833984375,0.9991637468338013,626.348876953125,569.3648071289062,0.8505299091339111,597.5136108398438,590.702880859375,0.9285784363746643,618.7922973632812,582.3860473632812,0.00790587067604065,665.940673828125,586.7310180664062,0.05577641725540161,676.5303344726562,567.89501953125,0.28136593103408813,169.91061401367188,548.8572387695312,0.014439791440963745,161.02346801757812,531.002197265625,0.013093292713165283,693.4684448242188,556.1481323242188,0.11876308917999268,618.3959350585938,588.0903930664062,0.004297971725463867
71,256.3046569824219,469.2201232910156,0.9999889135360718,196.96127319335938,469.1332702636719,0.09060588479042053,854.2592163085938,533.884765625,0.9992884993553162,626.1430053710938,569.4334106445312,0.9137064218521118,597.275634765625,590.929443359375,0.9492754936218262,619.0016479492188,581.9465942382812,0.010387897491455078,665.5729370117188,586.5612182617188,0.0642467737197876,677.09375,567.4716796875,0.4614691436290741,170.21548461914062,549.344482421875,0.014512747526168823,161.2356414794922,531.2269287109375,0.01431131362915039,693.6062622070312,555.2374267578125,0.15567228198051453,618.2615966796875,587.95947265625,0.0048622190952301025
72,256.0337829589844,469.28826904296875,0.9999868273735046,178.40481567382812,480.9492492675781,0.16404679417610168,853.7904052734375,533.475830078125,0.9992424249649048,626.3024291992188,569.1238403320312,0.8738262057304382,597.3108520507812,590.7984008789062,0.9511716961860657,619.063720703125,581.883544921875,0.008794903755187988,665.6205444335938,587.011474609375,0.055688828229904175,677.0271606445312,567.7129516601562,0.2768802046775818,170.31068420410156,549.4002075195312,0.013676285743713379,165.14715576171875,529.5394897460938,0.01423799991607666,693.1932983398438,556.4553833007812,0.06440550088882446,618.357666015625,588.0524291992188,0.004538685083389282
73,256.1944580078125,468.97686767578125,0.9999880790710449,1004.2676391601562,52.036861419677734,0.02796110510826111,853.9043579101562,533.1871948242188,0.9993675947189331,625.620361328125,569.8117065429688,0.912343442440033,597.5015869140625,590.9470825195312,0.9510747790336609,618.8591918945312,581.5062255859375,0.00927644968032837,665.319580078125,586.550048828125,0.08004617691040039,675.4346313476562,568.7705688476562,0.1779235601425171,169.7180938720703,548.8699951171875,0.013317704200744629,160.998046875,531.2161254882812,0.015491604804992676,692.633544921875,556.8973999023438,0.16882014274597168,618.5281982421875,588.0031127929688,0.004505723714828491
74,256.05487060546875,469.01654052734375,0.9999842643737793,197.60223388671875,468.41278076171875,0.7123794555664062,165.4020233154297,540.5027465820312,0.9992685317993164,626.4131469726562,569.4671020507812,0.8529704809188843,597.5449829101562,591.1008911132812,0.9555230140686035,618.7749633789062,582.2453002929688,0.00843009352684021,664.9818115234375,587.0443115234375,0.05988624691963196,677.5206909179688,566.9380493164062,0.22253507375717163,169.98431396484375,548.975341796875,0.014547914266586304,160.9903564453125,530.95947265625,0.016836166381835938,693.8442993164062,555.6262817382812,0.13307997584342957,618.379638671875,588.0482788085938,0.004563570022583008
75,256.0816650390625,469.3171691894531,0.9999870657920837,195.71951293945312,471.3773498535156,0.4609244763851166,854.3987426757812,533.305908203125,0.9993771314620972,625.9083251953125,569.452880859375,0.8376352190971375,597.2437744140625,590.6402587890625,0.9420880675315857,618.9602661132812,581.96533203125,0.010633468627929688,665.451904296875,586.872314453125,0.07347697019577026,676.4236450195312,567.8157348632812,0.2198878526687622,170.0921173095703,548.9147338867188,0.014445245265960693,160.97909545898438,531.163330078125,0.014849185943603516,692.6954345703125,556.7308959960938,0.09460550546646118,618.4221801757812,587.91064453125,0.005350947380065918
76,256.1719970703125,469.28668212890625,0.9999865293502808,193.65206909179688,472.7771911621094,0.7232632040977478,166.03672790527344,540.6495361328125,0.999239444732666,625.9163818359375,569.2342529296875,0.8004940748214722,597.57861328125,590.8438720703125,0.9242091178894043,618.6998291015625,581.9340209960938,0.010075241327285767,665.73681640625,586.5537109375,0.061621397733688354,676.5162353515625,568.0814208984375,0.1884002983570099,170.28387451171875,549.2027587890625,0.01195305585861206,165.2064666748047,529.7346801757812,0.012427419424057007,692.2430419921875,557.0115966796875,0.06338220834732056,618.5313720703125,587.9775390625,0.00503915548324585
77,256.21490478515625,468.79718017578125,0.9999854564666748,195.46607971191406,470.8000183105469,0.22825175523757935,166.25506591796875,540.4282836914062,0.9991695880889893,625.761474609375,569.2345581054688,0.8946184515953064,597.2352294921875,590.8638305664062,0.9314274787902832,618.995361328125,581.41455078125,0.008529305458068848,665.6407470703125,586.6211547851562,0.07211244106292725,676.2416381835938,568.078125,0.2378983497619629,170.4933319091797,549.2616577148438,0.020615994930267334,165.48065185546875,529.4012451171875,0.01831689476966858,860.9854125976562,524.1873779296875,0.0492919385433197,618.4668579101562,588.1810302734375,0.004637658596038818
78,256.37689208984375,469.1820983886719,0.9999894499778748,196.0904998779297,470.1056823730469,0.25837892293930054,854.405029296875,533.5039672851562,0.9993709921836853,625.91015625,569.6089477539062,0.8387688398361206,597.469482421875,590.7656860351562,0.9228582382202148,618.7437133789062,581.9808349609375,0.011027991771697998,665.2236328125,586.8165283203125,0.06735652685165405,676.666748046875,567.706298828125,0.19228601455688477,170.39108276367188,549.4092407226562,0.017771601676940918,165.92662048339844,530.91845703125,0.01555722951889038,860.9451293945312,524.7559204101562,0.056920796632766724,618.5772094726562,587.853515625,0.005739003419876099
79,256.0004577636719,469.3778381347656,0.9999875426292419,191.84945678710938,474.2760314941406,0.4468372166156769,854.6231079101562,533.6524658203125,0.9992125034332275,625.9016723632812,569.2391967773438,0.8979068994522095,597.5829467773438,590.780517578125,0.9461463689804077,619.207763671875,581.7637939453125,0.008045852184295654,666.2017822265625,586.8991088867188,0.06253713369369507,676.5557861328125,567.4381713867188,0.6000388860702515,170.5591583251953,549.2811279296875,0.0148639976978302,166.12905883789062,530.6909790039062,0.016046255826950073,693.5386962890625,556.0003051757812,0.15752825140953064,618.3512573242188,588.2604370117188,0.004373878240585327
80,255.82186889648438,469.16510009765625,0.99998939037323,181.7338104248047,480.43658447265625,0.23440435528755188,854.6934204101562,533.6443481445312,0.9993163347244263,625.5481567382812,569.5186767578125,0.8705230951309204,597.534912109375,590.6832885742188,0.9207659959793091,618.6864013671875,581.9083251953125,0.009340286254882812,665.94140625,586.8120727539062,0.07113724946975708,676.5986328125,567.4617309570312,0.3004439175128937,170.12567138671875,549.2239990234375,0.016165614128112793,165.80850219726562,530.766357421875,0.017571568489074707,692.4849243164062,556.9100341796875,0.13442012667655945,618.5575561523438,588.017822265625,0.005027174949645996
81,255.96726989746094,469.27203369140625,0.9999891519546509,197.88970947265625,469.945556640625,0.8108104467391968,854.8123779296875,533.5379638671875,0.9993120431900024,626.1483154296875,569.4711303710938,0.945910632610321,596.957275390625,590.7008056640625,0.9484575986862183,619.2279663085938,581.5596923828125,0.008980751037597656,666.16259765625,586.54345703125,0.07549038529396057,676.1964721679688,568.1277465820312,0.27011895179748535,170.3332977294922,548.8633422851562,0.013819873332977295,166.0253448486328,530.628662109375,0.01644265651702881,693.1927490234375,556.2138061523438,0.146783709526062,618.6449584960938,588.2662353515625,0.004634052515029907
82,256.12249755859375,469.2943420410156,0.9999877214431763,1004.4446411132812,52.78544998168945,0.07614666223526001,854.4913330078125,533.8731079101562,0.9994961023330688,625.8975219726562,569.4859619140625,0.9231853485107422,597.432373046875,590.8609619140625,0.9464508295059204,619.032470703125,581.5392456054688,0.009383559226989746,666.2879638671875,586.6621704101562,0.05715489387512207,675.9619140625,567.8890380859375,0.35657501220703125,170.45123291015625,549.0960083007812,0.013813138008117676,165.7294464111328,530.6546630859375,0.016750574111938477,693.4431762695312,556.111572265625,0.18188908696174622,618.46337890625,588.17431640625,0.0047640204429626465
83,256.07916259765625,469.4141845703125,0.9999867677688599,191.77334594726562,474.07708740234375,0.42737627029418945,854.8858642578125,533.7662963867188,0.9993159770965576,625.2604370117188,569.9182739257812,0.891202449798584,597.1596069335938,590.898681640625,0.9255111217498779,619.0194091796875,581.3787231445312,0.009180843830108643,665.5227661132812,586.8751831054688,0.08214575052261353,675.6754150390625,567.4212646484375,0.07419326901435852,170.210205078125,549.089111328125,0.008836358785629272,166.0902099609375,530.9904174804688,0.014726907014846802,860.9808959960938,524.9673461914062,0.05925166606903076,618.6257934570312,588.1176147460938,0.00469854474067688
84,256.1397705078125,469.3681945800781,0.9999866485595703,198.6031494140625,468.14508056640625,0.8074034452438354,854.4473876953125,533.9893798828125,0.9994051456451416,625.926025390625,569.1459350585938,0.6807146668434143,597.816650390625,590.745361328125,0.8902832269668579,618.4979248046875,582.3807983398438,0.008025377988815308,665.6805419921875,586.849365234375,0.06031423807144165,676.8189086914062,567.931640625,0.29462623596191406,170.52688598632812,549.219970703125,0.016292214393615723,165.66293334960938,530.9871215820312,0.01946595311164856,692.7285766601562,556.4259643554688,0.12437984347343445,618.524658203125,588.0968017578125,0.00476643443107605
85,256.29034423828125,469.604736328125,0.9999852180480957,199.07708740234375,468.163330078125,0.9428776502609253,165.41653442382812,540.8946533203125,0.9992941617965698,625.8300170898438,569.4815673828125,0.7028359770774841,597.637451171875,590.810546875,0.9042563438415527,618.2355346679688,582.1588134765625,0.007931917905807495,664.9239501953125,587.1204223632812,0.06832027435302734,677.2310791015625,567.0700073242188,0.3752979040145874,170.37127685546875,549.1483764648438,0.016723603010177612,161.14874267578125,531.4401245117188,0.014275580644607544,693.0216674804688,555.6563110351562,0.14955806732177734,618.7266845703125,588.13671875,0.004788696765899658
86,256.3507385253906,469.81268310546875,0.9999844431877136,197.5570831298828,468.5163269042969,0.651209831237793,854.5484619140625,533.9298095703125,0.9994547367095947,625.99951171875,569.5150146484375,0.7907305359840393,597.4764404296875,590.6580200195312,0.9062579274177551,618.8021240234375,581.7838745117188,0.008451610803604126,665.715576171875,587.1182861328125,0.06030207872390747,676.0855712890625,567.8700561523438,0.2277906835079193,170.43087768554688,549.52392578125,0.011630415916442871,166.06198120117188,531.247802734375,0.01554843783378601,692.6376953125,556.2877807617188,0.05805322527885437,618.4658203125,588.1162719726562,0.00466156005859375
87,256.47222900390625,469.7984313964844,0.999986469745636,200.74176025390625,462.18109130859375,0.21542221307754517,166.35829162597656,541.2432861328125,0.99933922290802,626.2921752929688,569.8153076171875,0.8723784685134888,597.269287109375,590.8163452148438,0.9582184553146362,266.5390930175781,459.6368103027344,0.007505059242248535,665.1879272460938,587.0479125976562,0.047611087560653687,676.55615234375,567.0963134765625,0.19436895847320557,170.77354431152344,549.4669189453125,0.013409227132797241,166.2270050048828,531.1685180664062,0.01898247003555298,860.9274291992188,524.6275024414062,0.05218663811683655,618.5040283203125,588.3492431640625,0.004146218299865723
88,256.3058776855469,469.88140869140625,0.999984860420227,196.476806640625,469.94659423828125,0.24815583229064941,854.6310424804688,534.2434692382812,0.9995046854019165,625.4216918945312,569.583251953125,0.8294987082481384,597.209716796875,590.8355712890625,0.9215878248214722,618.7474975585938,581.5997314453125,0.00863686203956604,665.653076171875,586.9938354492188,0.06686541438102722,676.0941772460938,568.045654296875,0.32913267612457275,170.71009826660156,549.39404296875,0.01161089539527893,166.0287322998047,531.4093017578125,0.015417665243148804,692.8075561523438,556.5386962890625,0.09745001792907715,618.5116577148438,588.0490112304688,0.004500299692153931
89,256.65386962890625,469.69842529296875,0.9999879598617554,195.09117126464844,470.9087829589844,0.5823871493339539,854.5298461914062,533.4586181640625,0.999448299407959,624.8560180664062,569.7697143554688,0.8874400854110718,597.23193359375,590.8505249023438,0.925581157207489,619.059326171875,581.2611083984375,0.009217143058776855,665.5966796875,586.7031860351562,0.06433004140853882,676.2754516601562,567.9546508789062,0.30676978826522827,174.96795654296875,548.6145629882812,0.012534916400909424,166.26170349121094,531.474853515625,0.01360979676246643,861.1661987304688,524.6353149414062,0.0525037944316864,618.412109375,588.0411376953125,0.004345536231994629
90,256.7343444824219,469.9368591308594,0.9999841451644897,192.76885986328125,475.55291748046875,0.3477257192134857,854.1829223632812,533.8047485351562,0.9994091987609863,625.9301147460938,569.2081298828125,0.8194072246551514,597.466064453125,591.0762939453125,0.9379870891571045,618.6509399414062,582.1458129882812,0.00868639349937439,666.088623046875,586.7943115234375,0.05729776620864868,676.4659423828125,567.5972290039062,0.4112125337123871,170.8391876220703,549.5890502929688,0.01486930251121521,165.90118408203125,531.1416625976562,0.016141653060913086,692.4722900390625,556.4872436523438,0.07729095220565796,618.410400390625,588.170654296875,0.0044806599617004395
91,256.392822265625,470.087890625,0.999981164932251,197.08436584472656,470.2190246582031,0.17588233947753906,166.49386596679688,541.3026123046875,0.9993561506271362,625.7322387695312,569.713134765625,0.8128882646560669,597.0906982421875,591.0758666992188,0.9485913515090942,266.7301025390625,459.7919006347656,0.007917165756225586,666.0020141601562,586.76513671875,0.04202604293823242,676.7811889648438,567.8598022460938,0.2899276614189148,170.92037963867188,549.9060668945312,0.014860302209854126,166.03268432617188,531.5472412109375,0.012803912162780762,692.5109252929688,556.9446411132812,0.09890672564506531,618.4247436523438,588.3335571289062,0.004099994897842407
92,256.4916076660156,470.1224060058594,0.9999798536300659,196.07174682617188,470.0249938964844,0.2500656247138977,854.43896484375,534.197265625,0.9995551109313965,625.5282592773438,569.6738891601562,0.7964795231819153,597.4678955078125,591.107421875,0.9256680011749268,618.8818359375,581.8746337890625,0.007783412933349609,665.576904296875,586.7026977539062,0.07890796661376953,676.8706665039062,567.8295288085938,0.25254446268081665,678.4661865234375,568.3426513671875,0.009283572435379028,166.50033569335938,531.5762329101562,0.01204565167427063,693.0443115234375,556.5443725585938,0.054827749729156494,618.3831787109375,588.0955200195312,0.004545271396636963
93,256.72149658203125,469.8933410644531,0.9999836683273315,192.4080047607422,474.15191650390625,0.176070898771286,854.5245361328125,533.849365234375,0.9993728399276733,625.0243530273438,569.84814453125,0.787661075592041,597.4990844726562,590.7197875976562,0.9135558605194092,618.4263916015625,581.9754028320312,0.011365026235580444,615.727294921875,588.5535888671875,0.06391146779060364,677.125244140625,567.2393798828125,0.4374624490737915,170.8040313720703,549.4329223632812,0.01004713773727417,166.20401000976562,531.6041259765625,0.010138750076293945,692.6046752929688,556.5699462890625,0.10675022006034851,618.5138549804688,587.8923950195312,0.005763620138168335
94,256.5789489746094,470.0802001953125,0.9999843835830688,177.60986328125,480.2189636230469,0.28630369901657104,854.4107666015625,533.537353515625,0.9994680881500244,625.0075073242188,569.693603515625,0.9140567779541016,596.9667358398438,590.6130981445312,0.9404083490371704,618.903076171875,581.3991088867188,0.009724706411361694,665.7706298828125,586.5238037109375,0.052078694105148315,676.2610473632812,568.6786499023438,0.27019327878952026,171.2020263671875,549.93896484375,0.009392082691192627,849.271484375,523.279541015625,0.011417150497436523,693.0621337890625,556.62939453125,0.06353902816772461,618.5188598632812,588.2047119140625,0.004608869552612305
95,256.7704772949219,470.2209777832031,0.9999829530715942,194.9920654296875,471.1178894042969,0.20034214854240417,854.407470703125,533.390625,0.999489426612854,625.4325561523438,569.7230224609375,0.8886314630508423,596.9541015625,590.6006469726562,0.9423784017562866,618.9038696289062,581.7529296875,0.008651971817016602,665.4681396484375,586.9776000976562,0.08366468548774719,679.3547973632812,566.3026123046875,0.2799716591835022,174.83172607421875,548.7669067382812,0.013724267482757568,166.09449768066406,531.32177734375,0.013402581214904785,692.4586181640625,556.4317626953125,0.10905721783638,618.4552612304688,588.2267456054688,0.004624664783477783
96,256.4599609375,470.49920654296875,0.9999803304672241,195.18649291992188,471.2287902832031,0.6680929660797119,854.6552124023438,534.3245849609375,0.999404788017273,625.3961791992188,569.4456787109375,0.8668203353881836,596.8419799804688,590.80517578125,0.9545167684555054,619.067138671875,581.4816284179688,0.0073115527629852295,665.2948608398438,587.2071533203125,0.06539729237556458,679.2501831054688,565.9507446289062,0.21028897166252136,170.95433044433594,550.2974243164062,0.008762717247009277,166.38250732421875,531.9024047851562,0.010676354169845581,693.073974609375,556.0068969726562,0.08686214685440063,618.50390625,588.3146362304688,0.003869682550430298
97,256.6828918457031,470.544921875,0.9999808073043823,193.58734130859375,474.3349914550781,0.9224697351455688,854.2468872070312,533.7410278320312,0.9994675517082214,626.0424194335938,569.343994140625,0.7865428924560547,596.8597412109375,590.6154174804688,0.9565284252166748,618.8046264648438,582.3948974609375,0.007626146078109741,665.9177856445312,586.9830322265625,0.07176443934440613,676.9036865234375,567.5967407226562,0.2902142107486725,170.66506958007812,550.2782592773438,0.016146421432495117,849.404052734375,523.8680419921875,0.01076960563659668,692.37255859375,556.7653198242188,0.073038250207901,618.5014038085938,588.0640869140625,0.004353225231170654
98,256.25994873046875,470.3376159667969,0.9999808669090271,194.4210662841797,473.54833984375,0.4991978108882904,854.3289184570312,532.8788452148438,0.9994251728057861,625.2660522460938,569.7544555664062,0.8490447998046875,597.1588134765625,590.8983764648438,0.929948091506958,619.0014038085938,581.53173828125,0.007798045873641968,665.7630615234375,587.1202392578125,0.06462693214416504,677.2156982421875,566.33154296875,0.30599403381347656,170.74583435058594,549.7247314453125,0.011680930852890015,166.15672302246094,531.835205078125,0.012182086706161499,693.394775390625,555.1093139648438,0.09385523200035095,618.5533447265625,588.262451171875,0.004067957401275635
99,256.1643371582031,470.30206298828125,0.9999818801879883,197.84820556640625,466.6159973144531,0.3718087077140808,854.044189453125,533.65283203125,0.9993521571159363,625.6875,569.4078369140625,0.8570126295089722,597.6008911132812,590.912109375,0.9334924221038818,619.2322387695312,581.8933715820312,0.008515477180480957,665.9686279296875,586.63916015625,0.06901043653488159,676.4513549804688,567.6619262695312,0.3828161358833313,170.6103515625,549.8375854492188,0.009993165731430054,166.20201110839844,532.0884399414062,0.010386496782302856,692.89208984375,555.6259765625,0.11234807968139648,618.5654296875,588.289306640625,0.0044158101081848145
100,256.4841613769531,470.4295959472656,0.9999810457229614,198.04296875,464.9015197753906,0.2185611128807068,853.8179931640625,533.0991821289062,0.9995010495185852,625.9065551757812,569.3995361328125,0.9012901782989502,597.0377807617188,590.7816162109375,0.9475486278533936,619.1406860351562,581.6921997070312,0.008242875337600708,666.4415893554688,586.5282592773438,0.0831688642501831,676.1286010742188,568.2505493164062,0.40362322330474854,170.57171630859375,549.7232055664062,0.010729551315307617,166.35226440429688,531.9755249023438,0.014256000518798828,693.0442504882812,556.18359375,0.12095028162002563,618.5690307617188,588.179931640625,0.004086732864379883
101,256.50732421875,470.3611755371094,0.9999834299087524,197.41275024414062,468.2927551269531,0.18517521023750305,854.3807373046875,534.3865356445312,0.9996005296707153,625.3285522460938,569.5103149414062,0.8130066394805908,597.534423828125,591.0360107421875,0.9025955200195312,618.6129760742188,581.7327880859375,0.010489076375961304,612.7267456054688,589.4945068359375,0.06392672657966614,676.8138427734375,566.9865112304688,0.33174633979797363,170.91896057128906,549.9375610351562,0.011783838272094727,166.4302520751953,532.0137939453125,0.013085484504699707,693.1766967773438,556.2818603515625,0.0534842312335968,618.4442138671875,587.8748779296875,0.005127906799316406
102,256.7488098144531,470.5197448730469,0.9999752640724182,198.150146484375,464.3362121582031,0.532496988773346,854.3924560546875,533.6823120117188,0.9994670152664185,625.76513671875,569.3403930664062,0.8845313787460327,597.1530151367188,590.7870483398438,0.9368099570274353,619.0198364257812,581.8303833007812,0.008263081312179565,666.6596069335938,586.773193359375,0.06636762619018555,676.4935913085938,567.4679565429688,0.3532937169075012,171.25083923339844,550.2769165039062,0.009618908166885376,166.9550323486328,532.7835083007812,0.009187549352645874,693.0841064453125,555.8729248046875,0.21004942059516907,618.5122680664062,588.2233276367188,0.0040499866008758545
103,256.6304016113281,470.3392028808594,0.9999830722808838,200.0409698486328,468.55780029296875,0.9719418287277222,854.4008178710938,533.9949951171875,0.9994266033172607,625.6950073242188,569.2266235351562,0.8623117208480835,597.2490844726562,590.9400634765625,0.9401430487632751,618.9500122070312,581.8882446289062,0.008837103843688965,666.20361328125,586.787841796875,0.05800667405128479,677.1612548828125,567.4268798828125,0.36754071712493896,170.95132446289062,550.2277221679688,0.0085868239402771,849.779052734375,524.239013671875,0.009890258312225342,692.944091796875,555.6859130859375,0.20470231771469116,618.4068603515625,588.1492919921875,0.004627436399459839
104,256.75128173828125,470.4939880371094,0.9999842643737793,177.7772979736328,480.8452453613281,0.29152214527130127,853.9585571289062,533.688720703125,0.9995921850204468,625.2327880859375,569.4194946289062,0.8628698587417603,597.2213134765625,591.0003051757812,0.9344296455383301,618.9522705078125,581.6094360351562,0.00839284062385559,666.3558959960938,586.667236328125,0.06030428409576416,675.6251831054688,568.3087768554688,0.2814098596572876,677.7625122070312,568.8074951171875,0.009056329727172852,166.73416137695312,532.0562133789062,0.010177433490753174,692.570556640625,556.5420532226562,0.08170446753501892,618.3792114257812,588.14208984375,0.004111260175704956
105,256.7599182128906,470.22198486328125,0.9999828338623047,201.84776306152344,462.8227844238281,0.8367908000946045,854.529541015625,533.701904296875,0.9994791150093079,625.730224609375,569.6590576171875,0.8677786588668823,597.3635864257812,590.7984008789062,0.9300733804702759,619.11328125,581.935302734375,0.0066270530223846436,665.673095703125,586.07568359375,0.08395764231681824,675.3749389648438,568.4577026367188,0.21821928024291992,175.18197631835938,549.275146484375,0.009651809930801392,849.7173461914062,523.835693359375,0.010235220193862915,691.9066772460938,556.6155395507812,0.15537354350090027,618.1702880859375,588.47216796875,0.003863811492919922
106,256.6097717285156,470.1192626953125,0.999983549118042,193.30738830566406,473.8907775878906,0.5138334631919861,854.7910766601562,534.1146850585938,0.9993685483932495,626.0084838867188,569.27197265625,0.7725812196731567,597.8641967773438,591.0695190429688,0.9045853614807129,618.90234375,582.3458862304688,0.008056968450546265,665.6539306640625,586.8231811523438,0.07683336734771729,676.3496704101562,567.8021850585938,0.13901659846305847,175.14590454101562,549.2305908203125,0.009774118661880493,167.08416748046875,532.85888671875,0.009363949298858643,692.3524169921875,556.1497802734375,0.06280535459518433,618.4840698242188,588.11181640625,0.004552572965621948
107,256.66357421875,470.2896423339844,0.999982476234436,197.1638946533203,467.03143310546875,0.20521444082260132,167.77516174316406,542.5684814453125,0.9993022680282593,626.0662841796875,569.427978515625,0.7634950876235962,597.2622680664062,590.6550903320312,0.9489847421646118,619.065673828125,582.31298828125,0.007784992456436157,665.5237426757812,586.9147338867188,0.057533860206604004,676.41552734375,567.5526123046875,0.2145545780658722,268.0621032714844,478.13067626953125,0.008162200450897217,166.9156036376953,533.0914916992188,0.008299827575683594,692.2633666992188,556.8611450195312,0.07345926761627197,618.5955810546875,588.1613159179688,0.00467798113822937
108,256.7117614746094,470.08892822265625,0.9999854564666748,198.2357940673828,466.4382629394531,0.1585085093975067,168.08987426757812,542.4849243164062,0.9993897676467896,625.79150390625,569.793701171875,0.8548862934112549,597.4487915039062,590.9531860351562,0.9507802724838257,618.9978637695312,581.860595703125,0.007439106702804565,665.3118286132812,587.054443359375,0.05551469326019287,676.836669921875,567.1824951171875,0.18265730142593384,175.1600341796875,549.3134155273438,0.00975191593170166,166.9788818359375,532.7303466796875,0.011291980743408203,692.6539916992188,555.8507690429688,0.06715711951255798,618.4972534179688,588.159423828125,0.004191607236862183
109,256.8758544921875,470.387451171875,0.9999824166297913,192.52978515625,476.47412109375,0.7847808599472046,854.9352416992188,534.456298828125,0.9993046522140503,625.029296875,569.9610595703125,0.8334925174713135,597.2382202148438,590.9467163085938,0.951482892036438,619.1094360351562,581.588134765625,0.007502049207687378,665.0111694335938,586.9221801757812,0.06714805960655212,675.877685546875,567.8720703125,0.13218790292739868,174.7401123046875,548.9183349609375,0.008980035781860352,167.05296325683594,532.5347290039062,0.008123070001602173,691.3021850585938,557.9619140625,0.06933781504631042,618.4076538085938,588.1907958984375,0.004419177770614624
110,256.7678527832031,470.36968994140625,0.9999781250953674,192.89405822753906,477.50787353515625,0.7457495927810669,167.32286071777344,542.8373413085938,0.9992231130599976,625.3539428710938,569.9400024414062,0.8863308429718018,596.793212890625,591.1195068359375,0.966720700263977,619.1090698242188,581.6526489257812,0.007963746786117554,665.9566040039062,586.7531127929688,0.06322503089904785,676.0087890625,568.0048828125,0.2444055676460266,268.06878662109375,478.2623291015625,0.00849422812461853,849.7982177734375,523.2783813476562,0.009292036294937134,692.588623046875,556.3703002929688,0.18799901008605957,618.3984375,588.27490234375,0.003909707069396973
111,257.2828674316406,470.4306640625,0.9999784827232361,194.3147735595703,477.5198059082031,0.914610743522644,166.65753173828125,542.9705810546875,0.9991733431816101,625.6011962890625,569.8497314453125,0.9120335578918457,597.1312866210938,590.9878540039062,0.9545839428901672,619.1766357421875,581.5563354492188,0.00842350721359253,665.3890991210938,586.662841796875,0.08297008275985718,675.7981567382812,567.6181640625,0.17687740921974182,170.7382354736328,550.3711547851562,0.00844120979309082,855.5767822265625,523.52001953125,0.007481276988983154,692.0592041015625,556.986328125,0.15135863423347473,618.5022583007812,588.10546875,0.004138946533203125
112,256.8140563964844,470.6275634765625,0.9999800324440002,190.7897491455078,475.4848937988281,0.3087475299835205,854.6238403320312,534.0849609375,0.9993727207183838,625.1817016601562,569.9114379882812,0.8577713966369629,597.2251586914062,591.0030517578125,0.9412140250205994,618.9722290039062,581.4041748046875,0.008984774351119995,665.3936767578125,586.580078125,0.07263165712356567,675.63427734375,568.3966064453125,0.22223591804504395,677.92333984375,568.8367919921875,0.008469372987747192,849.9531860351562,523.7606811523438,0.008801519870758057,691.3012084960938,557.7477416992188,0.08544006943702698,618.39306640625,588.114501953125,0.0046041905879974365
113,256.61724853515625,470.6954040527344,0.9999831914901733,197.80001831054688,466.78057861328125,0.21306928992271423,167.6967010498047,543.407958984375,0.9992282390594482,625.7285766601562,569.775146484375,0.8715221881866455,597.0822143554688,591.2724609375,0.9609416723251343,619.1334228515625,581.6407470703125,0.008131414651870728,665.7291870117188,587.1570434570312,0.05724349617958069,676.1904296875,567.97412109375,0.16713359951972961,267.90191650390625,478.23333740234375,0.00697663426399231,849.629638671875,523.7599487304688,0.010619103908538818,691.6035766601562,557.6011962890625,0.08376431465148926,618.3228759765625,588.3023681640625,0.004054546356201172
114,256.91143798828125,470.5805358886719,0.9999763369560242,192.76153564453125,476.3020935058594,0.18380972743034363,854.7763061523438,533.8303833007812,0.9993170499801636,624.8837890625,569.8032836914062,0.8178542256355286,597.7039184570312,590.8607177734375,0.9221855401992798,618.7822265625,581.583984375,0.009577363729476929,666.2520141601562,587.2853393554688,0.06852465867996216,676.857666015625,567.17333984375,0.1732841432094574,267.9650573730469,478.2474060058594,0.008280664682388306,849.9163818359375,523.88818359375,0.008151620626449585,692.4451904296875,556.9921264648438,0.07455956935882568,618.4140014648438,587.9248046875,0.004692643880844116
115,256.8785095214844,470.84344482421875,0.9999778270721436,179.22073364257812,481.63330078125,0.11981996893882751,168.6880645751953,543.7060546875,0.9992885589599609,625.5861206054688,569.944580078125,0.8289084434509277,597.1341552734375,591.0389404296875,0.9371074438095093,619.074951171875,581.3722534179688,0.008336842060089111,665.732177734375,587.3923950195312,0.055925071239471436,677.0667724609375,567.261962890625,0.23665055632591248,268.0937805175781,478.2583312988281,0.007531076669692993,167.4832763671875,533.2904052734375,0.007839828729629517,692.3618774414062,556.6082153320312,0.06191205978393555,618.635498046875,588.0327758789062,0.004267483949661255
116,257.1437072753906,470.85345458984375,0.9999825954437256,194.81475830078125,475.2394104003906,0.5634092092514038,168.2977294921875,543.4246826171875,0.9992513656616211,625.8661499023438,569.33642578125,0.8183020949363708,597.3511352539062,590.915771484375,0.949874997138977,618.9451293945312,581.8901977539062,0.009292125701904297,665.82470703125,586.3504638671875,0.0860925018787384,675.93310546875,568.2186279296875,0.3285039961338043,678.0202026367188,568.7080688476562,0.009277164936065674,849.8239135742188,523.8521118164062,0.008833974599838257,692.1196899414062,557.494140625,0.15219828486442566,618.3421630859375,588.04638671875,0.004911512136459351
117,257.2152099609375,470.58880615234375,0.9999823570251465,195.87721252441406,475.093994140625,0.6600520610809326,853.8887939453125,533.5457763671875,0.9993047714233398,626.04296875,569.2203369140625,0.8312328457832336,597.314453125,591.14501953125,0.9208202362060547,618.5491333007812,581.9948120117188,0.010719060897827148,666.0764770507812,586.9034423828125,0.05846169590950012,676.4371948242188,567.8285522460938,0.3612443208694458,174.52133178710938,549.8834838867188,0.010164529085159302,848.6905517578125,524.1460571289062,0.012356430292129517,692.2844848632812,557.1826171875,0.06675174832344055,618.3683471679688,587.8309936523438,0.004863828420639038
118,257.286865234375,470.7801513671875,0.999981701374054,195.3112030029297,476.01580810546875,0.8156075477600098,854.332275390625,534.293701171875,0.9992808103561401,625.3614501953125,569.77392578125,0.8113474249839783,597.5880737304688,591.0453491210938,0.9435847997665405,618.91748046875,581.5623168945312,0.0076368749141693115,665.9918212890625,586.93359375,0.06361809372901917,676.2399291992188,567.654296875,0.2779356837272644,174.53335571289062,549.609375,0.009555995464324951,849.4835205078125,524.2440795898438,0.008556634187698364,692.7083740234375,556.1629638671875,0.05085796117782593,618.53076171875,588.0638427734375,0.003854900598526001
119,257.0023193359375,470.8896789550781,0.9999774694442749,194.63890075683594,473.0960693359375,0.9485923051834106,854.2921142578125,533.4468383789062,0.9993864297866821,625.1495971679688,570.1339721679688,0.8765058517456055,597.0123901367188,590.7581176757812,0.9389733076095581,618.9364013671875,581.8079223632812,0.008724242448806763,665.7869873046875,586.9111328125,0.057441502809524536,676.6494140625,567.4098510742188,0.2611524164676666,174.88865661621094,549.9148559570312,0.007591664791107178,849.859619140625,523.7827758789062,0.01070454716682434,692.2382202148438,556.3638305664062,0.13128221035003662,618.2572631835938,588.2026977539062,0.004263848066329956
120,256.84381103515625,470.9776611328125,0.9999762773513794,196.95387268066406,472.78521728515625,0.9885674118995667,854.0186767578125,533.751953125,0.9993773102760315,625.1962280273438,570.0093383789062,0.8304948210716248,597.205078125,591.0217895507812,0.9195692539215088,618.8257446289062,581.5546875,0.009914427995681763,665.1659545898438,586.7144775390625,0.07777389883995056,676.40771484375,567.76806640625,0.13415265083312988,174.825439453125,550.5266723632812,0.007996410131454468,849.400146484375,524.1193237304688,0.009861260652542114,691.2976684570312,557.833251953125,0.17754074931144714,618.3557739257812,588.0252075195312,0.004948854446411133
121,256.7756042480469,470.8395080566406,0.9999734163284302,197.92730712890625,466.1099548339844,0.8918403387069702,854.1083374023438,533.5415649414062,0.9993693828582764,625.8317260742188,569.6416015625,0.8252267837524414,597.3833618164062,590.924072265625,0.9484208822250366,618.830810546875,581.9490356445312,0.009470611810684204,665.6007690429688,586.73828125,0.07768741250038147,676.5503540039062,567.7161254882812,0.1577572226524353,267.8583984375,478.18731689453125,0.007921099662780762,849.2252197265625,523.4873046875,0.011457860469818115,692.3343505859375,556.520751953125,0.1064143180847168,618.4090576171875,587.99658203125,0.004830896854400635
122,256.6611022949219,470.9173889160156,0.9999765157699585,199.08937072753906,469.6291198730469,0.9099383354187012,854.3438110351562,533.989013671875,0.9994165897369385,625.3138427734375,569.9099731445312,0.8047977089881897,597.4027099609375,591.0698852539062,0.9138151407241821,618.9025268554688,581.9086303710938,0.008997589349746704,665.8264770507812,586.874267578125,0.061679691076278687,676.7468872070312,566.9461669921875,0.37159547209739685,267.9621276855469,478.37030029296875,0.007909923791885376,855.28125,524.3652954101562,0.007432878017425537,692.2188720703125,556.8936157226562,0.111358642578125,618.381103515625,588.0867919921875,0.004502445459365845
123,256.6524353027344,471.01708984375,0.9999794960021973,195.74940490722656,474.5621032714844,0.9261722564697266,853.9382934570312,533.12158203125,0.9993975162506104,625.4376220703125,569.5971069335938,0.8647443056106567,597.5452880859375,590.9793090820312,0.9304721355438232,618.9286499023438,581.2854614257812,0.009063392877578735,665.302001953125,587.0931396484375,0.06522214412689209,676.9896240234375,566.8855590820312,0.3037952780723572,174.9094696044922,550.2561645507812,0.0091513991355896,849.0020141601562,523.010986328125,0.008350342512130737,692.3172607421875,556.935546875,0.06961208581924438,618.4429321289062,588.0601806640625,0.004217952489852905
124,256.88433837890625,471.22283935546875,0.9999772906303406,195.5670166015625,474.24835205078125,0.9741197824478149,854.3916015625,533.8756713867188,0.9993482828140259,624.9572143554688,569.7767333984375,0.8466260433197021,597.458740234375,590.8291625976562,0.9285051822662354,618.9898681640625,581.5201416015625,0.008541882038116455,665.7186889648438,586.9198608398438,0.07443603873252869,676.3408813476562,567.9476928710938,0.26055777072906494,678.3832397460938,568.3040771484375,0.007861733436584473,849.6503295898438,523.6141967773438,0.007324695587158203,691.7636108398438,557.6486206054688,0.1217157244682312,618.2987060546875,588.1920776367188,0.003978729248046875
125,257.039306640625,471.3101501464844,0.9999816417694092,195.1564178466797,472.9302062988281,0.9586695432662964,854.3692626953125,533.5181884765625,0.9993118047714233,625.8360595703125,569.5636596679688,0.8794807195663452,597.0198364257812,590.8373413085938,0.9494292736053467,618.9411010742188,581.4530639648438,0.0077422261238098145,665.8639526367188,586.4366455078125,0.11469140648841858,675.6394653320312,568.6728515625,0.1707724928855896,677.9102783203125,568.8280029296875,0.007586747407913208,849.6578979492188,523.4163818359375,0.013117372989654541,691.5365600585938,557.9848022460938,0.2573697566986084,618.4212646484375,588.2734985351562,0.0037300288677215576
126,257.1501770019531,471.4745788574219,0.9999769330024719,195.64495849609375,475.5802001953125,0.31817626953125,854.321044921875,533.6752319335938,0.9993709921836853,624.943115234375,569.8417358398438,0.8840172290802002,596.9432983398438,590.854736328125,0.9482682347297668,619.0609741210938,581.3230590820312,0.008596867322921753,665.5139770507812,586.904296875,0.0735519528388977,676.4219970703125,567.6884765625,0.2623303234577179,678.2149658203125,568.5609741210938,0.007184475660324097,849.7418212890625,524.0747680664062,0.010129839181900024,691.7750244140625,557.1353149414062,0.0790981650352478,618.4497680664062,588.2918090820312,0.0041533708572387695
127,257.35968017578125,471.0945129394531,0.9999761581420898,198.2260284423828,468.4779052734375,0.5009462833404541,854.2896118164062,533.312255859375,0.9993680119514465,621.0137329101562,571.8663940429688,0.803164005279541,596.8846435546875,590.8889770507812,0.9259870052337646,618.802734375,580.8142700195312,0.008164733648300171,665.4014282226562,586.7479248046875,0.06803750991821289,676.2638549804688,567.9295043945312,0.1215817928314209,267.94158935546875,478.338134765625,0.007230579853057861,849.1644897460938,523.89404296875,0.010765790939331055,860.7677612304688,524.7190551757812,0.062361717224121094,618.589111328125,588.1884155273438,0.003885626792907715
128,257.1410217285156,471.2201843261719,0.9999775886535645,195.79598999023438,475.3683776855469,0.8910099267959595,853.9853515625,533.7521362304688,0.999424934387207,625.5739135742188,569.3723754882812,0.9011396169662476,597.215576171875,590.9351196289062,0.9544929265975952,619.1083374023438,581.38818359375,0.009467273950576782,665.744873046875,586.4420776367188,0.05713739991188049,676.7332153320312,567.126708984375,0.4304557144641876,678.4439697265625,568.1580810546875,0.006727665662765503,849.3091430664062,523.990478515625,0.009470611810684204,693.2632446289062,555.3582763671875,0.10791650414466858,618.2080078125,588.1011962890625,0.004564553499221802
129,257.2008361816406,471.289306640625,0.9999747276306152,194.13548278808594,474.35284423828125,0.4267727732658386,854.2438354492188,533.9376220703125,0.999466598033905,625.3567504882812,570.2047729492188,0.8765366077423096,596.9609375,591.0704345703125,0.9606761932373047,619.132080078125,581.681396484375,0.00777241587638855,664.7318115234375,586.8233032226562,0.05998587608337402,676.691650390625,567.1857299804688,0.15736791491508484,267.8392028808594,478.2975158691406,0.006215989589691162,849.92578125,523.9357299804688,0.009645015001296997,860.8465576171875,524.8174438476562,0.07078233361244202,618.3500366210938,588.2596435546875,0.0040274858474731445
130,257.1563720703125,471.5670166015625,0.9999731779098511,195.149169921875,474.5989685058594,0.8592928051948547,853.7969970703125,533.7476196289062,0.9995137453079224,625.7559814453125,569.4153442382812,0.8624523878097534,597.6211547851562,590.819091796875,0.9470300674438477,619.0973510742188,581.8263549804688,0.00786656141281128,666.0548706054688,586.7304077148438,0.06785884499549866,676.73193359375,567.5763549804688,0.35495448112487793,678.3585815429688,568.3165893554688,0.006244868040084839,849.38037109375,523.964599609375,0.008646070957183838,692.9107055664062,556.4144897460938,0.12015140056610107,618.5104370117188,588.2250366210938,0.004325449466705322
131,257.0134582519531,471.5224609375,0.9999733567237854,198.57638549804688,466.911865234375,0.4757773280143738,854.275390625,534.0285034179688,0.9993877410888672,625.0048217773438,569.6888427734375,0.8629275560379028,596.9904174804688,590.9420776367188,0.9483132362365723,618.7835083007812,581.5718383789062,0.008263915777206421,665.9456787109375,587.0270385742188,0.05660560727119446,676.7672119140625,567.6681518554688,0.23932528495788574,174.46141052246094,550.5908203125,0.006043761968612671,850.02294921875,524.3494873046875,0.010102242231369019,692.2424926757812,556.3776245117188,0.114922434091568,618.4788208007812,588.2952270507812,0.0041252076625823975
132,256.9398498535156,471.75054931640625,0.9999741315841675,198.37193298339844,466.8209228515625,0.461893767118454,854.1282348632812,533.1663208007812,0.9993858337402344,625.3888549804688,569.3893432617188,0.844463586807251,597.0523681640625,590.8320922851562,0.9367388486862183,618.9654541015625,581.5816650390625,0.00797984004020691,665.6832275390625,586.78076171875,0.07377991080284119,675.9335327148438,568.0443725585938,0.18774524331092834,678.0933227539062,568.6834106445312,0.006653547286987305,849.1574096679688,523.7106323242188,0.009678572416305542,691.1724853515625,557.2973022460938,0.10467574000358582,618.4686889648438,588.0880737304688,0.0042452216148376465
133,256.90399169921875,471.4928894042969,0.999974250793457,198.97396850585938,463.4111633300781,0.8999701142311096,854.6024780273438,533.4950561523438,0.999382734298706,625.8731079101562,569.1282958984375,0.8062429428100586,597.098876953125,590.8191528320312,0.929948091506958,618.9088745117188,581.5585327148438,0.007554531097412109,665.6264038085938,587.0654907226562,0.07069098949432373,676.4523315429688,567.938232421875,0.17289239168167114,256.798583984375,478.0325622558594,0.0056514739990234375,850.6292724609375,523.4864501953125,0.0076871514320373535,860.816162109375,524.552490234375,0.04143688082695007,618.387451171875,588.0762939453125,0.004363000392913818
134,257.2861328125,471.4217834472656,0.9999799132347107,200.7405548095703,467.4649963378906,0.9329308271408081,854.3275146484375,534.7416381835938,0.999396800994873,626.2278442382812,569.513427734375,0.8695341348648071,597.8068237304688,590.9327392578125,0.9449735283851624,619.080322265625,582.25048828125,0.008430540561676025,665.318603515625,586.9860229492188,0.08343201875686646,676.4037475585938,567.9293823242188,0.17465046048164368,595.53564453125,580.5108032226562,0.006404250860214233,850.4257202148438,524.2360229492188,0.007621407508850098,692.0064697265625,557.2327880859375,0.057356446981430054,618.348876953125,588.0802001953125,0.004525661468505859
135,257.15240478515625,471.49517822265625,0.9999752640724182,200.16650390625,463.0711669921875,0.7640630006790161,853.9431762695312,533.5431518554688,0.9993150234222412,625.6004638671875,569.5582885742188,0.8523337841033936,597.5709228515625,591.0521850585938,0.9512401819229126,619.1264038085938,581.7323608398438,0.009993672370910645,666.1201782226562,587.1981201171875,0.06545662879943848,676.4878540039062,567.7385864257812,0.3324683606624603,678.4956665039062,568.2883911132812,0.008371949195861816,256.542724609375,465.13165283203125,0.006995677947998047,692.0917358398438,556.6410522460938,0.07446768879890442,618.4303588867188,588.052734375,0.004895627498626709
136,256.9112854003906,471.6563415527344,0.9999735355377197,198.30072021484375,467.9429016113281,0.1851901412010193,854.6175537109375,533.7073974609375,0.9994450807571411,625.8112182617188,569.1490478515625,0.8879534006118774,597.3156127929688,590.938232421875,0.9519649744033813,619.3460083007812,581.4567260742188,0.0077858567237854,665.740234375,587.0804443359375,0.0853772759437561,676.752685546875,567.8784790039062,0.19379419088363647,267.6277770996094,478.43597412109375,0.0063790977001190186,850.3780517578125,523.4786376953125,0.009475946426391602,692.8447265625,557.1404418945312,0.07784879207611084,618.5100708007812,588.1659545898438,0.004089862108230591
137,257.1925048828125,471.7041015625,0.9999761581420898,198.15394592285156,466.22003173828125,0.8490931391716003,853.70556640625,532.9503173828125,0.9994585514068604,625.760009765625,569.3212890625,0.7899385094642639,597.310791015625,591.1917724609375,0.95012366771698,619.0928955078125,581.7557373046875,0.00906294584274292,665.802001953125,587.2837524414062,0.06820616126060486,676.583740234375,567.357421875,0.2466886043548584,595.3121948242188,580.56884765625,0.006374865770339966,849.19287109375,523.1018676757812,0.009235352277755737,860.5875244140625,523.977294921875,0.052319228649139404,618.4288330078125,588.1528930664062,0.004308581352233887
138,257.087890625,471.7955322265625,0.9999700784683228,198.42971801757812,465.40576171875,0.9273025989532471,854.3701782226562,534.0099487304688,0.9992331266403198,625.4214477539062,569.8410034179688,0.8721895217895508,597.2655029296875,591.0458374023438,0.9578809142112732,619.0286254882812,581.7067260742188,0.008430808782577515,666.0037841796875,587.0775146484375,0.0863199234008789,676.290771484375,567.6043701171875,0.1585119068622589,595.10693359375,580.4636840820312,0.006501317024230957,850.545654296875,523.7482299804688,0.009322404861450195,692.1795654296875,557.0777587890625,0.0824081301689148,618.4256591796875,588.1943969726562,0.0041928887367248535
139,257.30865478515625,471.7643737792969,0.9999717473983765,199.2420654296875,470.3376770019531,0.9541276097297668,854.1372680664062,533.68310546875,0.9993799924850464,626.0521240234375,568.8847045898438,0.8065612316131592,597.5747680664062,590.7658081054688,0.9481430053710938,618.983642578125,582.4945678710938,0.0084017813205719,665.9732666015625,587.070068359375,0.0733727514743805,676.7521362304688,567.13134765625,0.4393528401851654,678.425048828125,568.300048828125,0.007033288478851318,849.781005859375,523.8414916992188,0.01094624400138855,693.4315185546875,555.7239379882812,0.09036454558372498,618.3511352539062,588.0155029296875,0.004700422286987305
140,256.8772277832031,471.939208984375,0.9999686479568481,198.50575256347656,466.20916748046875,0.9234668612480164,854.496826171875,533.82861328125,0.9991858005523682,625.4366455078125,569.0881958007812,0.9259697198867798,597.366943359375,590.8136596679688,0.9344656467437744,619.0355224609375,581.7777099609375,0.008904963731765747,665.386474609375,586.9918212890625,0.04900562763214111,676.9749145507812,567.1865844726562,0.4682057499885559,678.46728515625,568.0879516601562,0.008696824312210083,850.2597045898438,524.41796875,0.008013904094696045,860.9642333984375,524.9273681640625,0.060929685831069946,618.3194580078125,588.27490234375,0.003854900598526001
141,257.14849853515625,471.8489990234375,0.9999767541885376,192.8433837890625,475.59967041015625,0.2373640239238739,853.9024047851562,533.3113403320312,0.9989861249923706,626.2579956054688,569.308349609375,0.8689111471176147,597.7796630859375,590.6472778320312,0.9273459911346436,618.8883056640625,582.6454467773438,0.009328603744506836,666.214599609375,587.0343017578125,0.06430709362030029,676.6382446289062,567.5224609375,0.32363998889923096,678.2922973632812,568.2139892578125,0.009252220392227173,848.7521362304688,523.8093872070312,0.007781654596328735,692.3395385742188,555.8486328125,0.06894952058792114,618.4681396484375,588.3422241210938,0.004973024129867554
142,257.44317626953125,471.77764892578125,0.999976396560669,198.1378936767578,468.0235290527344,0.39957696199417114,853.9618530273438,533.6312255859375,0.9992755651473999,625.2005615234375,569.4111938476562,0.8855151534080505,597.1458129882812,590.5742797851562,0.9436310529708862,619.1395263671875,581.815673828125,0.00860583782196045,665.430419921875,587.0266723632812,0.06862989068031311,677.1748657226562,566.9932250976562,0.34170347452163696,679.1577758789062,567.87255859375,0.008308351039886475,849.1519165039062,523.9654541015625,0.010257095098495483,692.8690795898438,556.576171875,0.10230892896652222,618.4493408203125,588.1237182617188,0.004463106393814087
143,257.5074768066406,471.85980224609375,0.9999789595603943,195.71226501464844,473.95172119140625,0.3213614821434021,854.36572265625,534.1477661132812,0.999144971370697,625.469482421875,569.468994140625,0.9044927954673767,597.4334106445312,590.4219360351562,0.9228546619415283,619.2724609375,581.7196655273438,0.008241832256317139,665.9972534179688,586.7962036132812,0.0678815245628357,676.775146484375,567.471435546875,0.4140923023223877,678.7098388671875,568.017333984375,0.012128055095672607,636.646484375,570.9791259765625,0.007977992296218872,692.8446044921875,555.9118041992188,0.12759587168693542,618.518310546875,588.25341796875,0.004419416189193726
144,257.31597900390625,471.98565673828125,0.9999654293060303,200.01846313476562,463.46160888671875,0.9411754608154297,854.3634643554688,533.633056640625,0.9993767142295837,624.9963989257812,569.6315307617188,0.8870113492012024,597.3017578125,590.8538208007812,0.9060556888580322,618.8026123046875,581.63134765625,0.012001484632492065,666.2769165039062,586.5037841796875,0.09580007195472717,675.7437133789062,568.1284790039062,0.40779197216033936,677.7786254882812,568.774658203125,0.010638147592544556,849.5516357421875,523.7984619140625,0.009079724550247192,692.8602905273438,555.7781982421875,0.20244422554969788,618.4615478515625,588.0331420898438,0.005560100078582764
145,257.40753173828125,472.1070556640625,0.9999606609344482,198.9145965576172,465.8878173828125,0.8967376947402954,167.43002319335938,544.4125366210938,0.9992460608482361,625.4456787109375,569.2730102539062,0.8989999294281006,597.27294921875,590.6043090820312,0.9300153255462646,619.092041015625,581.6199951171875,0.00968468189239502,666.33349609375,586.902099609375,0.08999580144882202,676.728515625,567.5156860351562,0.5183070302009583,678.226806640625,568.4957885742188,0.009455382823944092,850.0523071289062,523.54833984375,0.009190350770950317,693.8676147460938,555.5784912109375,0.11482292413711548,618.18359375,588.0796508789062,0.004664242267608643
146,257.108642578125,472.16644287109375,0.9999537467956543,197.91773986816406,466.86328125,0.8017408847808838,854.3475341796875,533.7060546875,0.9992715120315552,625.1018676757812,569.6309204101562,0.9033037424087524,597.2930908203125,590.6829833984375,0.9361894130706787,618.9661865234375,581.5572509765625,0.009330779314041138,664.7578125,586.70751953125,0.08282729983329773,676.459228515625,567.3710327148438,0.20807164907455444,678.4019165039062,567.9158325195312,0.00659787654876709,849.9212646484375,524.1741943359375,0.011889934539794922,692.3569946289062,556.43603515625,0.10444897413253784,618.484130859375,588.1265258789062,0.004585593938827515
147,257.62640380859375,472.5123291015625,0.9999560117721558,198.45779418945312,467.37322998046875,0.7697674036026001,854.4343872070312,533.4599609375,0.9992963671684265,626.5169067382812,569.308837890625,0.8670220375061035,597.1190185546875,590.7938232421875,0.9479471445083618,619.133544921875,581.6608276367188,0.007706016302108765,665.5908813476562,586.90234375,0.06577044725418091,676.4400634765625,566.5820922851562,0.28128331899642944,678.7554321289062,567.7971801757812,0.007552593946456909,849.8319702148438,523.5316162109375,0.008730947971343994,692.5986328125,555.7008666992188,0.1446247398853302,618.2576904296875,588.3289794921875,0.004171907901763916
148,257.64971923828125,472.3069152832031,0.9999649524688721,198.00938415527344,467.038818359375,0.9198655486106873,854.49609375,533.3681030273438,0.9992934465408325,625.1631469726562,569.4478149414062,0.8741577863693237,597.0350952148438,590.9425048828125,0.9309362173080444,618.8158569335938,581.4055786132812,0.009949296712875366,665.9278564453125,586.88623046875,0.069247305393219,676.4985961914062,567.5267944335938,0.3299705982208252,678.1100463867188,568.599365234375,0.006714880466461182,849.617431640625,523.6641235351562,0.00974339246749878,692.9312133789062,556.213134765625,0.1097848117351532,618.4426879882812,588.09326171875,0.004704326391220093
149,257.51226806640625,472.4237365722656,0.9999637603759766,198.1083221435547,466.7763366699219,0.9124002456665039,854.3445434570312,533.5193481445312,0.9991844892501831,626.2402954101562,569.4266967773438,0.8504554629325867,597.5099487304688,590.8995361328125,0.9372200965881348,618.99072265625,581.9478149414062,0.0074967145919799805,666.0057373046875,586.9899291992188,0.04896023869514465,676.9100952148438,567.3230590820312,0.23236355185508728,678.608154296875,568.3465576171875,0.006640374660491943,849.7825927734375,523.70263671875,0.008468449115753174,693.0398559570312,555.8272705078125,0.10622936487197876,618.4661254882812,588.1068115234375,0.004399806261062622
150,257.7427673339844,472.7193298339844,0.9999667406082153,198.71446228027344,465.55023193359375,0.9004025459289551,854.55615234375,532.69140625,0.9989758729934692,625.7122192382812,569.2766723632812,0.8850658535957336,597.5955810546875,590.7398071289062,0.9155540466308594,619.1200561523438,581.494140625,0.00784289836883545,666.3079833984375,587.0549926757812,0.05321240425109863,676.5250244140625,567.8143310546875,0.31920671463012695,678.3858642578125,568.638916015625,0.011372685432434082,849.5167846679688,523.4774169921875,0.011562436819076538,861.1234741210938,524.2550659179688,0.056367307901382446,618.3973388671875,588.2010498046875,0.004266828298568726
151,257.26031494140625,472.5074768066406,0.9999683499336243,198.961181640625,463.8565673828125,0.9148105382919312,854.4679565429688,533.0739135742188,0.999213695526123,625.6717529296875,569.4635620117188,0.872795820236206,597.3837890625,590.710693359375,0.9456961154937744,618.9139404296875,582.1791381835938,0.008605092763900757,665.456298828125,586.5896606445312,0.06952837109565735,676.197998046875,567.8697509765625,0.21824541687965393,678.2881469726562,568.53076171875,0.008418917655944824,850.2764892578125,523.1600952148438,0.010288059711456299,692.82958984375,556.14892578125,0.0769873857498169,618.2732543945312,588.2354736328125,0.004675805568695068
152,257.5438232421875,472.56231689453125,0.999976634979248,199.15167236328125,465.3229675292969,0.9751466512680054,854.1544799804688,533.248291015625,0.9993917942047119,625.5684814453125,569.4486083984375,0.9250497221946716,597.2625122070312,590.8570556640625,0.9363325238227844,619.0886840820312,581.591552734375,0.009102076292037964,665.621826171875,586.458251953125,0.08269241452217102,676.240478515625,568.1951293945312,0.2348478138446808,678.064208984375,568.65673828125,0.007978171110153198,849.5581665039062,523.6632080078125,0.009474098682403564,692.6632690429688,557.0289916992188,0.07723066210746765,618.4594116210938,588.1591186523438,0.004481852054595947
153,257.78924560546875,472.4505310058594,0.9999740123748779,200.49534606933594,466.5494384765625,0.9633612632751465,854.0337524414062,532.9609985351562,0.9994210004806519,625.7444458007812,569.3233032226562,0.8798176646232605,597.658447265625,591.017333984375,0.9326953887939453,619.1105346679688,581.3486938476562,0.008953630924224854,665.8191528320312,586.2594604492188,0.06333965063095093,675.6135864257812,568.4725952148438,0.29393988847732544,678.0298461914062,568.6331787109375,0.013161420822143555,849.2363891601562,523.521240234375,0.010720282793045044,692.0006103515625,557.05224609375,0.14644736051559448,618.3511352539062,588.1135864257812,0.004587650299072266
154,257.7445373535156,472.81304931640625,0.9999693632125854,199.9639434814453,468.5919494628906,0.9724866151809692,854.547607421875,533.6366577148438,0.9993441700935364,626.3179321289062,569.2421264648438,0.8416420221328735,597.0670776367188,591.0112915039062,0.9455381631851196,619.1195068359375,582.0448608398438,0.008508026599884033,666.0673828125,586.8003540039062,0.053925395011901855,675.916015625,568.2278442382812,0.2877451777458191,678.0492553710938,568.7879028320312,0.008495062589645386,849.5003662109375,523.9736328125,0.009844541549682617,860.9091796875,524.5548095703125,0.056747645139694214,618.347900390625,588.0177612304688,0.00407642126083374
155,257.6395568847656,472.5601806640625,0.9999734163284302,198.17892456054688,467.0357971191406,0.88685142993927,854.230224609375,533.4760131835938,0.9994249939918518,625.8076171875,569.1259765625,0.8496925830841064,597.2022094726562,590.8412475585938,0.9413504600524902,618.8247680664062,581.9359741210938,0.010095596313476562,666.3062744140625,587.0714721679688,0.06444358825683594,676.7600708007812,567.445556640625,0.5015567541122437,678.2955932617188,568.130126953125,0.010714799165725708,849.415771484375,523.7520751953125,0.011309415102005005,692.31591796875,557.1467895507812,0.07208907604217529,618.2996215820312,587.912841796875,0.004870295524597168
156,257.57684326171875,472.64678955078125,0.9999685287475586,199.76663208007812,469.6862487792969,0.9518433809280396,167.8176727294922,545.6640625,0.9991490840911865,626.1298828125,569.044189453125,0.8800022602081299,597.3311157226562,590.7146606445312,0.941866397857666,618.9012451171875,582.052490234375,0.011356264352798462,666.2213134765625,587.0057373046875,0.07951566576957703,676.7096557617188,567.7192993164062,0.3789401352405548,678.3381958007812,568.48828125,0.007543772459030151,849.7163696289062,523.9370727539062,0.011749476194381714,692.720458984375,556.9642944335938,0.12114381790161133,618.1854858398438,587.9368896484375,0.0052204132080078125
157,257.74884033203125,472.9270935058594,0.9999668002128601,198.0615692138672,467.0063781738281,0.9558324813842773,168.02964782714844,545.5673828125,0.9993005394935608,625.6443481445312,569.4838256835938,0.8773761987686157,597.2256469726562,590.6869506835938,0.921832799911499,619.0635986328125,581.6934204101562,0.009060472249984741,665.5648803710938,586.8389282226562,0.0619906485080719,676.4393310546875,567.6646118164062,0.35339364409446716,678.5079956054688,567.8887939453125,0.012768596410751343,855.1688232421875,524.6477661132812,0.009412109851837158,692.3128051757812,557.269775390625,0.07464981079101562,618.3811645507812,588.1237182617188,0.004526346921920776
158,257.9222106933594,472.82208251953125,0.9999727606773376,198.58753967285156,465.731689453125,0.9365084171295166,168.0186309814453,545.3833618164062,0.9994395971298218,625.4955444335938,569.6522827148438,0.8999804258346558,597.2207641601562,590.7686767578125,0.9529794454574585,619.3385620117188,581.8369750976562,0.007420331239700317,666.4003295898438,586.7791137695312,0.05810710787773132,676.2015380859375,567.4105224609375,0.4482172727584839,677.7598266601562,568.4698486328125,0.009464830160140991,849.1751708984375,523.9329833984375,0.01110917329788208,693.798828125,555.0449829101562,0.2158212661743164,618.4561767578125,588.3844604492188,0.004086226224899292
159,257.83819580078125,473.10797119140625,0.9999762773513794,197.55641174316406,468.0400695800781,0.8213111162185669,168.16505432128906,545.7444458007812,0.9993108510971069,625.4043579101562,569.6565551757812,0.8370673060417175,597.5931396484375,590.9136352539062,0.9436053037643433,618.9869384765625,581.7488403320312,0.008902013301849365,666.0165405273438,586.5986328125,0.06664219498634338,676.52734375,568.1187744140625,0.4255254566669464,678.21533203125,568.7380981445312,0.012216061353683472,168.75424194335938,537.59521484375,0.009818583726882935,692.6517333984375,557.2759399414062,0.11472886800765991,618.4741821289062,588.0220947265625,0.0044422149658203125
160,257.9111633300781,473.0572204589844,0.9999711513519287,199.18446350097656,464.1345520019531,0.9116086363792419,854.2163696289062,533.9163208007812,0.9993903636932373,626.2908935546875,569.099853515625,0.9041788578033447,597.1697998046875,590.6005249023438,0.9517835378646851,619.1224975585938,581.5331420898438,0.009213030338287354,666.7677612304688,586.3802490234375,0.07846671342849731,676.4667358398438,568.1875610351562,0.5478389859199524,678.0806274414062,568.5735473632812,0.014039486646652222,849.4777221679688,524.1038818359375,0.010604292154312134,693.1014404296875,556.3553466796875,0.10089945793151855,618.327880859375,588.0152587890625,0.004521816968917847
161,257.8884582519531,473.1929626464844,0.9999771118164062,197.4280548095703,476.9760437011719,0.9776239991188049,854.503662109375,533.903564453125,0.9992777109146118,625.9661254882812,569.8528442382812,0.8444892168045044,597.0144653320312,590.9743041992188,0.9570264220237732,618.9866943359375,581.8461303710938,0.009355157613754272,665.4017333984375,586.9728393554688,0.05900847911834717,676.6080322265625,567.3723754882812,0.4213927984237671,678.7672119140625,567.880126953125,0.00794169306755066,849.6987915039062,523.8651123046875,0.01087138056755066,692.3621826171875,556.7013549804688,0.16629883646965027,618.3500366210938,588.1743774414062,0.004704833030700684
162,257.6661682128906,473.09771728515625,0.9999680519104004,197.37937927246094,472.7241516113281,0.9292684197425842,854.5087890625,533.1162109375,0.9992326498031616,624.8499755859375,569.9161376953125,0.8953053951263428,597.219970703125,590.75732421875,0.9347836971282959,619.25341796875,581.3195190429688,0.0082722008228302,665.8710327148438,586.6304931640625,0.06059372425079346,675.9561767578125,568.3050537109375,0.21536371111869812,678.2027587890625,568.7631225585938,0.008197486400604248,849.6007080078125,523.717041015625,0.01086336374282837,861.0593872070312,524.4838256835938,0.054666221141815186,618.6015625,588.1886596679688,0.004371225833892822
163,257.6921081542969,473.1381530761719,0.9999716281890869,197.2074432373047,468.9400939941406,0.5775587558746338,167.98036193847656,545.7469482421875,0.9992316365242004,625.84228515625,569.5342407226562,0.8407838940620422,597.4959716796875,590.979248046875,0.9344325661659241,618.8212280273438,582.1437377929688,0.009245157241821289,665.6513671875,586.6661987304688,0.05776411294937134,676.4146118164062,567.7939453125,0.302457332611084,678.4342651367188,568.0142822265625,0.008892953395843506,168.95533752441406,537.9495239257812,0.012136518955230713,692.6583862304688,556.1376342773438,0.12892580032348633,618.4821166992188,588.1087646484375,0.004834473133087158
164,257.8338928222656,473.1293029785156,0.9999686479568481,196.41896057128906,473.6304626464844,0.9244851469993591,854.4073486328125,533.261474609375,0.9992668628692627,625.6874389648438,569.8646850585938,0.8969870209693909,597.5665283203125,590.6917724609375,0.9263852834701538,618.8406982421875,581.7843627929688,0.009153664112091064,665.626953125,586.458984375,0.06900501251220703,675.2045288085938,568.431884765625,0.22444570064544678,677.5960083007812,568.7521362304688,0.008453279733657837,849.6589965820312,523.601806640625,0.01051446795463562,692.566650390625,557.2319946289062,0.06313526630401611,618.4242553710938,588.1693115234375,0.004661351442337036
165,257.76629638671875,473.30938720703125,0.9999699592590332,198.50428771972656,472.9872131347656,0.9784621000289917,854.4149169921875,533.788330078125,0.9992921352386475,626.1494750976562,569.1909790039062,0.8644396662712097,597.5357055664062,590.55078125,0.9215537309646606,618.6219482421875,582.8834838867188,0.010162681341171265,666.1346435546875,586.5548095703125,0.05747932195663452,675.836181640625,568.4988403320312,0.39650049805641174,678.0308837890625,568.7070922851562,0.010816097259521484,849.9874267578125,524.1590576171875,0.00975528359413147,692.8347778320312,556.2326049804688,0.172868549823761,618.3983154296875,588.235107421875,0.005080580711364746
166,257.84356689453125,473.0621337890625,0.9999758005142212,199.980712890625,468.4801330566406,0.9589864015579224,854.3960571289062,533.292236328125,0.999281108379364,625.1618041992188,569.601318359375,0.8975878357887268,597.0897827148438,590.72119140625,0.9406476020812988,619.030029296875,581.6505737304688,0.007619589567184448,664.7677001953125,586.5006103515625,0.05576130747795105,676.1926879882812,567.3907470703125,0.16359788179397583,202.43618774414062,478.6343994140625,0.008745014667510986,168.5865936279297,537.85009765625,0.00935259461402893,691.9099731445312,556.5952758789062,0.10392218828201294,618.4546508789062,588.3702392578125,0.003613084554672241
167,258.01434326171875,473.2010498046875,0.9999747276306152,197.78958129882812,473.55706787109375,0.9840977787971497,854.9209594726562,534.108642578125,0.9994208812713623,625.8367309570312,569.5713500976562,0.8740701079368591,597.528564453125,590.7119140625,0.9199193716049194,618.7025146484375,581.9171752929688,0.008085787296295166,665.5057983398438,586.7413330078125,0.0557192862033844,676.6705322265625,567.2791748046875,0.3287045955657959,678.4068603515625,568.4510498046875,0.009713321924209595,168.5507354736328,537.8943481445312,0.009616225957870483,693.1004638671875,556.2382202148438,0.10862493515014648,618.3489990234375,588.2484741210938,0.004016876220703125
168,257.7960205078125,473.0299072265625,0.999980092048645,197.10302734375,475.68878173828125,0.9913933873176575,854.2012329101562,533.3443603515625,0.9994221925735474,626.4796752929688,568.815673828125,0.8864717483520508,597.2938232421875,590.5436401367188,0.9537981152534485,619.2349853515625,582.0947875976562,0.008686989545822144,665.6199340820312,586.3323364257812,0.06522396206855774,675.840576171875,568.066162109375,0.44052061438560486,677.8637084960938,568.4664916992188,0.011887609958648682,168.97044372558594,538.829833984375,0.011660665273666382,692.8239135742188,555.963623046875,0.135186105966568,618.3193969726562,588.2665405273438,0.004324883222579956
169,257.70184326171875,473.0801696777344,0.9999824166297913,196.24215698242188,476.1456298828125,0.9750207662582397,853.7645263671875,533.0103149414062,0.9994754791259766,626.1504516601562,569.051513671875,0.9012951850891113,597.3516845703125,590.5672607421875,0.95314621925354,619.2324829101562,582.0555419921875,0.00824001431465149,666.4078979492188,586.6409912109375,0.04798239469528198,676.4673461914062,567.741943359375,0.583869457244873,678.277587890625,568.5303955078125,0.014139324426651001,848.932861328125,523.7755737304688,0.011684030294418335,693.8783569335938,554.86962890625,0.16128522157669067,618.4352416992188,588.3052978515625,0.00453948974609375
170,258.2462463378906,473.450439453125,0.9999730587005615,196.68788146972656,473.6118469238281,0.9686068296432495,853.6776733398438,533.4895629882812,0.9995659589767456,625.4457397460938,569.352783203125,0.9177829027175903,596.8583984375,590.7426147460938,0.9617002606391907,619.0079956054688,581.61572265625,0.00767865777015686,666.610595703125,586.6752319335938,0.05381369590759277,676.4758911132812,568.1653442382812,0.5575807094573975,678.5543823242188,568.4197387695312,0.015564322471618652,848.9910888671875,523.53759765625,0.011098474264144897,693.791259765625,555.2083740234375,0.21684148907661438,618.3093872070312,588.3994140625,0.004125773906707764
171,257.9421691894531,473.41326904296875,0.9999762773513794,198.396728515625,466.7524108886719,0.9460282921791077,168.34625244140625,546.4415283203125,0.999271035194397,625.957763671875,568.9586791992188,0.7819702625274658,597.2359619140625,590.5349731445312,0.9479247331619263,618.8345947265625,582.4953002929688,0.00820806622505188,666.2401123046875,586.878662109375,0.07139056921005249,676.4296875,568.3051147460938,0.3619983494281769,678.0892333984375,568.7443237304688,0.0094127357006073,169.42210388183594,538.5286865234375,0.011672824621200562,692.6876220703125,556.789794921875,0.12116199731826782,618.3873291015625,588.238037109375,0.00469285249710083
172,258.069580078125,473.218505859375,0.9999793767929077,200.4564666748047,467.7080383300781,0.9503560066223145,854.4012451171875,533.43115234375,0.9993358850479126,625.9017333984375,569.4442138671875,0.843671977519989,597.5307006835938,590.690185546875,0.9520939588546753,619.0570068359375,582.190185546875,0.007637500762939453,665.417724609375,586.7598876953125,0.054068803787231445,676.6155395507812,567.37890625,0.38320159912109375,678.410888671875,567.7075805664062,0.01031920313835144,169.42327880859375,538.6463012695312,0.012370765209197998,693.1433715820312,555.640869140625,0.16408473253250122,618.2890014648438,588.1898193359375,0.004443079233169556
173,257.9542541503906,473.36181640625,0.9999717473983765,197.37535095214844,473.2519226074219,0.9699665307998657,854.0906372070312,533.62890625,0.9994183778762817,625.9208984375,568.9191284179688,0.9255189895629883,597.4072875976562,590.6296997070312,0.9468227028846741,619.2843627929688,581.6263427734375,0.008777409791946411,665.8063354492188,586.3274536132812,0.09018561244010925,675.9153442382812,568.487548828125,0.5661942958831787,677.981201171875,568.6854248046875,0.01749706268310547,169.21359252929688,538.5475463867188,0.010388970375061035,692.8482055664062,556.4498901367188,0.257429838180542,618.3405151367188,588.0363159179688,0.004514783620834351
174,258.1178283691406,473.38287353515625,0.9999749660491943,199.4049072265625,464.5491027832031,0.9443646669387817,168.30532836914062,546.3693237304688,0.9993226528167725,625.5435791015625,568.7882080078125,0.9007728099822998,597.3607177734375,590.4010620117188,0.928030252456665,618.9852905273438,581.6241455078125,0.007911205291748047,666.3787841796875,586.3911743164062,0.09952607750892639,676.3024291992188,568.354248046875,0.40562108159065247,678.2877197265625,568.6115112304688,0.010760694742202759,168.88526916503906,538.47509765625,0.012061446905136108,692.7525634765625,557.0034790039062,0.21312132477760315,618.5030517578125,588.0519409179688,0.0042098164558410645
175,258.0772399902344,473.79327392578125,0.9999713897705078,198.2918243408203,467.9275817871094,0.9570255279541016,854.380859375,533.5761108398438,0.9994034767150879,625.9730834960938,569.4146118164062,0.855946958065033,597.2089233398438,590.7802124023438,0.9547657370567322,619.0816040039062,582.0016479492188,0.007629126310348511,666.0675659179688,586.6265869140625,0.06556424498558044,675.9097900390625,568.0968017578125,0.2649683356285095,677.943603515625,569.09033203125,0.009977459907531738,169.1278533935547,538.34375,0.009859859943389893,692.4537353515625,557.0758056640625,0.09915611147880554,618.3418579101562,588.2314453125,0.004463642835617065
176,258.1302795410156,473.5588073730469,0.9999728798866272,198.29196166992188,472.8024597167969,0.9689721465110779,168.00157165527344,546.0401000976562,0.9992728233337402,625.9765625,569.4185180664062,0.8774436712265015,597.3250732421875,590.7061157226562,0.9394603967666626,619.0901489257812,581.9739379882812,0.008640676736831665,665.4706420898438,586.893798828125,0.06669822335243225,676.616943359375,567.9443359375,0.3927474021911621,678.3162841796875,568.447021484375,0.011295974254608154,850.002197265625,523.8499145507812,0.011239945888519287,692.587646484375,557.1394653320312,0.12449526786804199,618.2391967773438,588.1736450195312,0.004639238119125366
177,258.1056823730469,473.4082946777344,0.9999754428863525,197.1361846923828,474.304443359375,0.9843639135360718,168.06349182128906,546.5999755859375,0.9993520975112915,625.4954223632812,569.851318359375,0.8591436147689819,596.9453735351562,591.0,0.9575716853141785,618.9566040039062,581.748291015625,0.007379323244094849,665.6536254882812,586.8653564453125,0.0678013265132904,676.5398559570312,567.6500854492188,0.3125131130218506,678.48193359375,568.4090576171875,0.007555127143859863,168.87478637695312,538.7158813476562,0.010300099849700928,692.9093627929688,556.3688354492188,0.11246845126152039,618.6180419921875,588.376220703125,0.004296153783798218
178,258.083251953125,473.8046569824219,0.9999739527702332,199.04649353027344,464.1425476074219,0.8216602802276611,168.10821533203125,546.2489624023438,0.9991945028305054,625.9871826171875,569.3636474609375,0.8914270401000977,597.284912109375,590.7394409179688,0.9421941637992859,619.1805419921875,581.68896484375,0.008341491222381592,665.3631591796875,586.4663696289062,0.08208423852920532,676.28955078125,567.7935180664062,0.3467983603477478,678.163330078125,568.4338989257812,0.012356430292129517,169.0429229736328,538.3856201171875,0.01108241081237793,692.8463745117188,556.2669677734375,0.12229958176612854,618.3080444335938,588.21630859375,0.004432022571563721
179,258.0917663574219,473.7659912109375,0.9999772310256958,197.31202697753906,475.2198181152344,0.9709239602088928,169.0390167236328,547.0957641601562,0.9993597269058228,625.7080078125,569.76318359375,0.7925529479980469,597.32421875,590.9468383789062,0.9342625737190247,618.7294921875,581.9771118164062,0.008049458265304565,665.6627197265625,586.9530639648438,0.057117760181427,676.3325805664062,567.5607299804688,0.23667287826538086,678.658935546875,568.0852661132812,0.009295016527175903,169.3162841796875,539.1227416992188,0.01377144455909729,691.931640625,556.9979248046875,0.1089470386505127,618.4830932617188,588.2103881835938,0.004516780376434326
180,258.3088684082031,474.1801452636719,0.9999694228172302,200.7400665283203,468.3691711425781,0.9424581527709961,853.9387817382812,533.1820068359375,0.9994234442710876,625.6853637695312,569.5025634765625,0.8466770648956299,597.2596435546875,590.7536010742188,0.9249920845031738,618.9523315429688,581.9835815429688,0.008174151182174683,665.6094360351562,586.3837280273438,0.1083759069442749,675.1959228515625,568.542236328125,0.23310711979866028,677.5654907226562,568.9791870117188,0.008665978908538818,169.14195251464844,539.0881958007812,0.012871235609054565,692.2443237304688,557.0390625,0.17752960324287415,618.3753662109375,588.1123657226562,0.004453927278518677
181,258.35223388671875,473.9650573730469,0.9999721050262451,197.67372131347656,473.6553039550781,0.9782016277313232,168.62205505371094,546.6488647460938,0.9993898868560791,626.0872192382812,569.1465454101562,0.8556722402572632,597.4949340820312,590.8350219726562,0.955378532409668,618.9929809570312,581.6727905273438,0.0065892040729522705,665.7489624023438,586.4779663085938,0.05728134512901306,676.3920288085938,567.606689453125,0.43128642439842224,678.1740112304688,568.2722778320312,0.010143935680389404,169.293701171875,538.7470092773438,0.013007402420043945,693.5485229492188,555.4851684570312,0.20295879244804382,618.4533081054688,588.2144165039062,0.0035924315452575684
182,258.3700866699219,474.13970947265625,0.9999699592590332,197.2842559814453,476.1833801269531,0.9937610030174255,854.1140747070312,533.70703125,0.9993680715560913,626.325927734375,569.2059326171875,0.8178229331970215,597.3463745117188,590.6434936523438,0.9269362688064575,618.7964477539062,582.2605590820312,0.007337093353271484,665.9564819335938,586.8103637695312,0.07606309652328491,676.947998046875,567.8648071289062,0.259330153465271,175.50994873046875,556.0990600585938,0.005606323480606079,169.05479431152344,538.9130249023438,0.01269504427909851,692.8173828125,556.525634765625,0.10249125957489014,618.5629272460938,588.126220703125,0.00442194938659668
183,258.4839782714844,474.038330078125,0.9999725222587585,197.01759338378906,475.3797607421875,0.9821761846542358,853.595703125,533.4199829101562,0.9994509220123291,625.6111450195312,568.95458984375,0.8762649297714233,597.1396484375,590.873779296875,0.9345933198928833,618.8765258789062,581.8006591796875,0.008840054273605347,664.4571533203125,586.3455200195312,0.09800982475280762,676.6862182617188,567.8572998046875,0.3632509708404541,678.5503540039062,567.69140625,0.013853877782821655,168.85830688476562,538.84375,0.013801634311676025,692.4141845703125,557.1571044921875,0.11114686727523804,618.1972045898438,588.1065063476562,0.00428047776222229
184,258.12432861328125,473.7522888183594,0.9999746084213257,196.22410583496094,475.7984619140625,0.9671534299850464,854.0231323242188,533.3348999023438,0.9993483424186707,625.1172485351562,569.5440063476562,0.8588532209396362,597.4381713867188,590.8261108398438,0.9254790544509888,619.12451171875,581.3316040039062,0.00795525312423706,665.1927490234375,586.1178588867188,0.06847119331359863,675.2182006835938,568.5715942382812,0.24692553281784058,677.7529296875,568.4654541015625,0.009738624095916748,169.085693359375,538.96044921875,0.015427380800247192,692.5220947265625,556.4249267578125,0.18969807028770447,618.5390014648438,588.1603393554688,0.004010051488876343
185,257.9927673339844,474.1640319824219,0.9999667406082153,197.387939453125,474.1893310546875,0.9378610849380493,168.75982666015625,546.6414794921875,0.999503493309021,624.8729248046875,569.9093627929688,0.8082273602485657,596.8917236328125,590.9525756835938,0.9311729669570923,619.0812377929688,581.0473022460938,0.0073247551918029785,665.296142578125,586.4234619140625,0.1357036828994751,675.1430053710938,568.7564697265625,0.13303852081298828,677.498779296875,569.182373046875,0.0077117085456848145,168.91896057128906,538.6307373046875,0.015568345785140991,692.1912841796875,557.4002075195312,0.19944614171981812,618.445556640625,588.146240234375,0.0036119818687438965
186,258.0228576660156,474.2332458496094,0.9999690055847168,198.19264221191406,473.0088806152344,0.984582245349884,169.24180603027344,547.44921875,0.9994714260101318,625.3174438476562,569.8941650390625,0.8022618293762207,596.8049926757812,590.9785766601562,0.9430646896362305,619.0431518554688,581.4889526367188,0.009048938751220703,665.5099487304688,586.4817504882812,0.08282536268234253,675.5211181640625,568.5513916015625,0.1529172658920288,677.7886352539062,568.7855834960938,0.007673442363739014,169.2328338623047,539.6849365234375,0.015592038631439209,691.9683837890625,557.0394897460938,0.07637909054756165,618.4046020507812,588.1151733398438,0.0043991804122924805
187,258.1188659667969,474.22637939453125,0.999975323677063,197.48655700683594,474.69940185546875,0.9787558317184448,169.00376892089844,546.9256591796875,0.9993946552276611,625.7098999023438,568.8848266601562,0.8600589036941528,597.8073120117188,590.5033569335938,0.9053251147270203,618.8984375,581.9487915039062,0.010060876607894897,665.7788696289062,586.7296752929688,0.11216136813163757,676.8460083007812,567.7398681640625,0.2829365134239197,678.6925659179688,567.926025390625,0.0074866414070129395,169.09779357910156,538.8635864257812,0.019617080688476562,693.07177734375,555.7120971679688,0.10734039545059204,618.2669067382812,587.9866943359375,0.004994183778762817
188,258.00030517578125,473.7948913574219,0.9999748468399048,197.4607696533203,475.6106262207031,0.9648439884185791,169.6402587890625,547.1094360351562,0.9995023012161255,625.8214111328125,569.154296875,0.8564180135726929,597.3104248046875,590.8991088867188,0.9323244690895081,618.945068359375,581.6881103515625,0.007571011781692505,665.7679443359375,586.0557250976562,0.09252205491065979,675.5912475585938,568.7420654296875,0.3314402103424072,677.6784057617188,569.05615234375,0.013237595558166504,169.26541137695312,539.1373901367188,0.018940359354019165,692.7410278320312,556.2600708007812,0.16241222620010376,618.3379516601562,588.3245239257812,0.0038684606552124023
189,258.1342468261719,474.3163757324219,0.9999644160270691,199.03955078125,468.2298889160156,0.9545050859451294,169.09722900390625,546.9310302734375,0.9994922876358032,626.0487060546875,569.2155151367188,0.9147825837135315,597.4642333984375,590.5772705078125,0.9324406385421753,619.103515625,581.809814453125,0.00978541374206543,666.1240844726562,586.3118286132812,0.07615494728088379,675.8019409179688,568.2679443359375,0.21777260303497314,677.961181640625,568.7312622070312,0.008808881044387817,169.22186279296875,538.5325317382812,0.015294313430786133,691.958251953125,557.276123046875,0.09876880049705505,618.2178344726562,588.0902099609375,0.004451721906661987
190,258.2445983886719,474.58441162109375,0.9999681711196899,199.8881378173828,467.3915100097656,0.9786273241043091,169.09918212890625,547.2305908203125,0.9994226694107056,626.0001831054688,569.6546020507812,0.8840458393096924,597.513916015625,590.974365234375,0.9275140762329102,618.98193359375,581.8821411132812,0.008534014225006104,666.0294189453125,586.1369018554688,0.07288169860839844,675.3429565429688,568.691650390625,0.30082863569259644,677.9342651367188,568.8260498046875,0.013856649398803711,169.31866455078125,539.04052734375,0.015619516372680664,690.57373046875,561.0805053710938,0.10071897506713867,618.3104248046875,588.1891479492188,0.004045814275741577
191,258.0912780761719,474.34442138671875,0.9999724626541138,199.67919921875,466.75518798828125,0.9733912348747253,169.2112274169922,547.13427734375,0.9995468258857727,626.2261352539062,569.3641357421875,0.9288686513900757,597.4005126953125,590.5052490234375,0.9402693510055542,619.186767578125,581.8106079101562,0.009043484926223755,666.1234130859375,586.5031127929688,0.0672144889831543,675.8087768554688,568.1641845703125,0.3445432186126709,677.9745483398438,568.8201293945312,0.011897444725036621,169.08094787597656,538.8255004882812,0.015138387680053711,691.7189331054688,557.1250610351562,0.07434126734733582,618.3760375976562,588.2964477539062,0.004624217748641968
192,258.38299560546875,474.2635803222656,0.9999710321426392,198.0187225341797,473.7304992675781,0.9607592225074768,169.41976928710938,547.08251953125,0.9994779825210571,626.8165893554688,568.9103393554688,0.9394251704216003,597.52392578125,590.57470703125,0.9423970580101013,619.453125,581.9791870117188,0.007733196020126343,666.7000122070312,586.428466796875,0.07989084720611572,675.8300170898438,568.41259765625,0.41639524698257446,677.7828369140625,568.7283325195312,0.011299580335617065,169.32632446289062,538.9954223632812,0.017193466424942017,692.7340087890625,556.9298706054688,0.09720227122306824,618.2850341796875,588.3905639648438,0.0037185847759246826
193,258.1969299316406,474.3150939941406,0.999971330165863,199.24363708496094,467.4434814453125,0.9742680788040161,169.76513671875,547.300537109375,0.999488115310669,626.0751342773438,569.1443481445312,0.8856856226921082,597.5096435546875,590.6466674804688,0.9325695037841797,619.2620849609375,581.691650390625,0.007951468229293823,666.0430908203125,586.4978637695312,0.0706794261932373,676.4317016601562,568.119873046875,0.39745229482650757,678.3776245117188,568.43505859375,0.01572558283805847,169.4923095703125,539.2591552734375,0.016901731491088867,692.450439453125,557.54150390625,0.09663179516792297,618.2032470703125,588.1505126953125,0.0038363635540008545
194,258.37091064453125,474.3453674316406,0.9999764561653137,199.6800994873047,468.1753845214844,0.9815462827682495,169.46734619140625,547.30810546875,0.9995623826980591,626.7476806640625,569.0773315429688,0.8348098993301392,597.6600341796875,590.8529052734375,0.9350268840789795,618.8670043945312,582.3603515625,0.008954733610153198,665.5089111328125,586.4100952148438,0.07617586851119995,676.5809326171875,568.0040893554688,0.3084433078765869,678.4180908203125,568.242431640625,0.007751017808914185,169.15374755859375,539.3025512695312,0.01741066575050354,692.2308959960938,556.9431762695312,0.06607303023338318,618.2584838867188,588.2232666015625,0.004970133304595947
195,258.31573486328125,474.2751770019531,0.9999697208404541,198.83944702148438,472.3882141113281,0.9563769102096558,169.43072509765625,547.3158569335938,0.9994771480560303,626.213134765625,569.8052368164062,0.9029606580734253,597.4075317382812,590.978271484375,0.9579169750213623,619.428466796875,581.6992797851562,0.008174598217010498,665.8720092773438,586.4592895507812,0.06082618236541748,676.2763061523438,567.97412109375,0.36401671171188354,176.17013549804688,556.4263916015625,0.010293930768966675,169.4210662841797,539.2111206054688,0.018538624048233032,692.6956176757812,557.1659545898438,0.06648373603820801,618.3739624023438,588.2939453125,0.00396960973739624
196,258.131591796875,474.41241455078125,0.9999666213989258,197.05975341796875,477.36346435546875,0.9905703067779541,169.79922485351562,547.9849853515625,0.9995821714401245,626.2794799804688,569.2306518554688,0.945164680480957,597.127197265625,590.921630859375,0.9626205563545227,619.1196899414062,581.9385375976562,0.008937597274780273,666.2550048828125,586.6652221679688,0.05410999059677124,677.1673583984375,567.3703002929688,0.6002493500709534,678.4290161132812,568.1902465820312,0.013591498136520386,169.53431701660156,540.0442504882812,0.015688717365264893,693.12451171875,555.7744750976562,0.09344857931137085,618.2291259765625,588.326416015625,0.004163086414337158
197,258.3173522949219,474.4861145019531,0.999963641166687,198.32203674316406,474.52685546875,0.9828689098358154,169.8091278076172,547.9225463867188,0.9995783567428589,626.2284545898438,569.0271606445312,0.851696789264679,597.2379150390625,590.796142578125,0.9527713656425476,619.0841674804688,581.7653198242188,0.009174317121505737,666.10888671875,586.6766357421875,0.053207069635391235,677.4840087890625,567.3465576171875,0.5482915043830872,678.7860107421875,568.1649780273438,0.011036515235900879,169.52838134765625,539.7928466796875,0.015510320663452148,693.3438110351562,555.8327026367188,0.06500589847564697,618.3162231445312,588.1331176757812,0.004760146141052246
198,258.2784118652344,474.5638427734375,0.9999691247940063,198.78155517578125,471.6933288574219,0.8917281031608582,170.05406188964844,547.7918090820312,0.9995818138122559,626.0103759765625,569.3653564453125,0.8803046345710754,597.1823120117188,590.677001953125,0.9482817649841309,619.1466674804688,581.9617309570312,0.008136987686157227,666.37890625,586.4766235351562,0.07184308767318726,676.3106079101562,567.8699340820312,0.35694366693496704,678.128173828125,568.5338134765625,0.012490659952163696,169.57395935058594,539.6946411132812,0.01935073733329773,692.9332885742188,555.6668090820312,0.10167324542999268,172.00225830078125,541.9415893554688,0.004118442535400391
199,258.4588928222656,474.85400390625,0.9999610185623169,198.54617309570312,472.6265563964844,0.9303358197212219,169.86380004882812,548.2845458984375,0.999494194984436,625.9629516601562,569.3790893554688,0.8867875337600708,597.2933349609375,590.9534912109375,0.9441349506378174,619.0239868164062,581.7888793945312,0.00853574275970459,665.909423828125,586.5801391601562,0.06652918457984924,676.52587890625,567.8885498046875,0.36583447456359863,176.3844451904297,557.0217895507812,0.01126524806022644,169.51614379882812,540.0689697265625,0.019473642110824585,692.9453125,556.1123046875,0.12960335612297058,618.2810668945312,588.1913452148438,0.00409698486328125
200,258.40802001953125,474.9570617675781,0.9999653100967407,198.95310974121094,472.7650146484375,0.9462329149246216,169.6820526123047,547.6322631835938,0.9994912147521973,626.5170288085938,569.2026977539062,0.9001782536506653,597.2337646484375,590.8851928710938,0.9514855742454529,619.2581787109375,581.7080688476562,0.007953047752380371,666.285888671875,586.4397583007812,0.043403834104537964,676.1317138671875,567.7889404296875,0.50068199634552,176.14561462402344,556.8377075195312,0.009526968002319336,169.4447479248047,539.540283203125,0.016445636749267578,693.2556762695312,555.327880859375,0.07514426112174988,618.4738159179688,588.162841796875,0.004007607698440552
201,258.44091796875,475.2486267089844,0.9999508857727051,199.4570770263672,467.9220275878906,0.960002601146698,169.15826416015625,547.3741455078125,0.9994995594024658,626.7404174804688,569.3870239257812,0.8963829278945923,597.5556030273438,590.8740234375,0.9299527406692505,619.3048095703125,582.0086059570312,0.010169059038162231,666.4794311523438,586.6835327148438,0.07387980818748474,676.3117065429688,568.0845336914062,0.3194442689418793,175.768798828125,556.494873046875,0.008025676012039185,169.18307495117188,538.7203979492188,0.015238970518112183,692.4899291992188,556.7907104492188,0.09659850597381592,618.2669067382812,588.1483154296875,0.004659444093704224
202,258.40447998046875,475.44580078125,0.9999526739120483,198.9497833251953,476.6308288574219,0.9928334355354309,170.24685668945312,548.1359252929688,0.9993888735771179,625.6389770507812,568.8795776367188,0.9187221527099609,597.1537475585938,590.71142578125,0.9548860788345337,619.48779296875,581.357421875,0.00746193528175354,666.4411010742188,586.6947631835938,0.09197580814361572,676.6754760742188,567.6759643554688,0.5010191798210144,176.57127380371094,557.3145141601562,0.012071788311004639,169.7504119873047,539.8262939453125,0.018965482711791992,693.0919189453125,555.569580078125,0.10168862342834473,172.0662384033203,541.9557495117188,0.003976255655288696
203,258.57000732421875,474.9389343261719,0.9999574422836304,197.7283935546875,474.6736755371094,0.9633071422576904,169.50576782226562,547.3600463867188,0.99951171875,625.5775756835938,569.6203002929688,0.8850780725479126,597.1133422851562,590.6934204101562,0.9285067915916443,619.0301513671875,581.77734375,0.009440302848815918,666.0560302734375,586.2118530273438,0.07194352149963379,675.3289794921875,568.8434448242188,0.15134799480438232,677.5982055664062,569.1483764648438,0.008868873119354248,169.13186645507812,538.8206176757812,0.02101638913154602,692.2362060546875,556.98046875,0.17004436254501343,618.3408813476562,588.0115966796875,0.004431992769241333
204,258.4762268066406,475.1950378417969,0.9999604225158691,197.2818603515625,474.5972900390625,0.9877377152442932,169.88912963867188,547.7924194335938,0.9994651079177856,626.1255493164062,569.3214111328125,0.8736481666564941,597.4107666015625,590.99609375,0.9400213956832886,618.8646240234375,582.18798828125,0.009792715311050415,666.3526000976562,586.8251342773438,0.05723077058792114,677.2342529296875,567.1924438476562,0.4403627812862396,176.12313842773438,557.2000732421875,0.01122504472732544,169.42379760742188,539.2412719726562,0.021617978811264038,693.790771484375,555.00537109375,0.0762033760547638,618.3617553710938,587.9981689453125,0.004994064569473267
205,258.8434753417969,475.15362548828125,0.9999370574951172,198.48068237304688,472.1835021972656,0.9564220905303955,169.92807006835938,547.6776733398438,0.9994901418685913,626.2737426757812,569.468505859375,0.8681163787841797,597.40234375,590.7303466796875,0.9297581315040588,618.85546875,582.1167602539062,0.007983267307281494,666.1680908203125,586.6519775390625,0.054595768451690674,676.568603515625,567.8958740234375,0.36466091871261597,678.3485107421875,568.3226928710938,0.010114282369613647,169.58013916015625,539.2528686523438,0.018953174352645874,692.2872314453125,556.6965942382812,0.18680551648139954,618.634765625,588.0123901367188,0.004489809274673462
206,258.64959716796875,475.090087890625,0.9999638795852661,199.71095275878906,468.5951843261719,0.9820201396942139,169.88238525390625,547.8368530273438,0.9995245933532715,625.6328735351562,569.611083984375,0.9020198583602905,597.367431640625,590.7664184570312,0.9130012392997742,619.0635986328125,581.7551879882812,0.00748056173324585,666.19921875,586.6243286132812,0.07054388523101807,676.2327270507812,568.0997314453125,0.35610976815223694,176.42774963378906,557.1613159179688,0.013714373111724854,169.3350830078125,539.56201171875,0.018511414527893066,692.7620849609375,556.4998779296875,0.10532096028327942,171.85415649414062,541.7996826171875,0.004042983055114746
207,258.64794921875,475.29217529296875,0.9999544024467468,199.51312255859375,467.66241455078125,0.9312521815299988,169.50863647460938,547.5853271484375,0.9995232820510864,625.7022094726562,569.6704711914062,0.8171205520629883,597.1743774414062,590.9898071289062,0.935198187828064,612.7706298828125,583.0068969726562,0.00724831223487854,665.7587890625,587.1533813476562,0.07785359025001526,677.2346801757812,567.2243041992188,0.25318437814712524,176.22860717773438,556.614501953125,0.01052480936050415,169.36048889160156,539.2286987304688,0.017429620027542114,692.1593017578125,556.1516723632812,0.07272112369537354,618.50341796875,588.094482421875,0.0036619901657104492
208,258.9668273925781,475.1909484863281,0.9999434947967529,198.8587646484375,474.19683837890625,0.9905470609664917,169.5345916748047,548.0103759765625,0.9994667172431946,626.3465576171875,569.1322631835938,0.9176502227783203,597.2039794921875,590.8370361328125,0.9258360862731934,619.2359619140625,581.8994140625,0.007948756217956543,665.3839111328125,586.3677368164062,0.06260731816291809,676.5177001953125,568.333251953125,0.25702396035194397,176.201416015625,557.2266845703125,0.01179814338684082,169.34458923339844,539.2860717773438,0.019866496324539185,691.7488403320312,557.1475830078125,0.07914292812347412,171.84889221191406,541.8219604492188,0.004107445478439331
209,258.778564453125,474.8800964355469,0.9999580383300781,199.72264099121094,468.6856689453125,0.9855665564537048,169.66151428222656,547.6807861328125,0.9995254278182983,625.6782836914062,569.3845825195312,0.8181438446044922,597.1354370117188,590.9149780273438,0.9364209175109863,618.9293823242188,581.4866333007812,0.006728947162628174,665.5736694335938,587.0186157226562,0.05950096249580383,676.483154296875,567.3642578125,0.2778877317905426,176.4849395751953,557.0726928710938,0.01369515061378479,169.40093994140625,539.10693359375,0.016674280166625977,692.8086547851562,555.947265625,0.1054481565952301,171.83665466308594,541.7503051757812,0.0034653842449188232
210,258.87225341796875,475.01519775390625,0.9999586343765259,198.45297241210938,473.5654296875,0.9793269634246826,169.85714721679688,548.0902099609375,0.9995322227478027,625.9492797851562,569.7845458984375,0.8909482359886169,597.1588134765625,590.7540893554688,0.9253159761428833,618.9772338867188,581.9469604492188,0.009360581636428833,665.2501831054688,586.5836181640625,0.05100944638252258,675.5812377929688,568.1522827148438,0.147282212972641,176.55258178710938,557.3126220703125,0.012831240892410278,169.62705993652344,539.4691772460938,0.017774492502212524,691.198486328125,557.4847412109375,0.08977136015892029,618.505859375,588.1466674804688,0.005000442266464233
211,258.71246337890625,475.1061706542969,0.999958872795105,199.4093475341797,473.6239929199219,0.983616828918457,169.8514862060547,548.1302490234375,0.999487042427063,625.8173828125,569.02734375,0.8393233418464661,597.0858154296875,590.8544311523438,0.9297797679901123,618.978271484375,581.5357055664062,0.00981035828590393,665.6314697265625,586.6461181640625,0.055646151304244995,677.0556640625,567.379638671875,0.35548824071884155,176.3976593017578,557.2667236328125,0.010541379451751709,169.57818603515625,539.5007934570312,0.01848486065864563,692.132568359375,556.7814331054688,0.12844771146774292,618.2954711914062,587.9774780273438,0.005001962184906006
212,258.82696533203125,475.2334899902344,0.9999587535858154,199.38157653808594,473.3364562988281,0.9754611849784851,169.4801788330078,548.1041259765625,0.9994645714759827,625.88916015625,569.211181640625,0.8726546764373779,597.278564453125,590.9845581054688,0.9343732595443726,618.9749145507812,581.3992919921875,0.008135437965393066,665.4539184570312,586.3489990234375,0.10101622343063354,676.4584350585938,567.9638671875,0.20583388209342957,176.4086456298828,557.29248046875,0.014405578374862671,169.37643432617188,539.2088623046875,0.01881459355354309,691.9583129882812,557.7243041992188,0.09836065769195557,618.3003540039062,588.1190795898438,0.0038777291774749756
213,258.928955078125,475.21728515625,0.999954104423523,198.80252075195312,473.8848876953125,0.9813919067382812,169.95086669921875,548.423095703125,0.9993888139724731,626.4996337890625,569.1693725585938,0.905929684638977,597.265625,590.6166381835938,0.9172085523605347,619.2094116210938,581.935302734375,0.007927089929580688,665.8878173828125,586.6935424804688,0.05247017741203308,676.2999877929688,567.6990356445312,0.32712411880493164,176.42941284179688,557.6102294921875,0.015194982290267944,169.78428649902344,539.7494506835938,0.020425736904144287,693.1162109375,556.2867431640625,0.112113356590271,171.93453979492188,541.7791748046875,0.003880053758621216
214,259.07928466796875,475.5240783691406,0.9999574422836304,199.4844207763672,469.1361083984375,0.9659423828125,170.57388305664062,548.1968383789062,0.9995484352111816,626.6260375976562,568.9600219726562,0.9058340787887573,597.63232421875,590.6513061523438,0.9410979151725769,619.2234497070312,582.0632934570312,0.007456958293914795,665.6116333007812,586.5534057617188,0.06583309173583984,676.9326171875,567.29541015625,0.3742939531803131,176.792724609375,557.371826171875,0.009048402309417725,169.98809814453125,539.6363525390625,0.020580053329467773,693.0668334960938,555.7208862304688,0.11222302913665771,171.98805236816406,541.990234375,0.004011183977127075
215,258.9825439453125,475.339599609375,0.9999569654464722,200.9345245361328,466.82281494140625,0.9627505540847778,170.69711303710938,548.198486328125,0.9995560646057129,625.7930297851562,569.0343627929688,0.883364737033844,597.6827392578125,590.7448120117188,0.9383172392845154,619.2326049804688,581.9196166992188,0.008189499378204346,666.3129272460938,586.4673461914062,0.06265625357627869,675.9737548828125,568.0638427734375,0.3371019959449768,176.92735290527344,557.6258544921875,0.013881981372833252,169.9591064453125,539.347900390625,0.023181915283203125,693.2752685546875,555.6185913085938,0.12585940957069397,618.468017578125,588.142822265625,0.00438264012336731
216,259.163330078125,475.3804016113281,0.999954342842102,199.8920135498047,469.8658447265625,0.9767979979515076,170.25099182128906,548.5595703125,0.9995549917221069,625.9467163085938,569.4892578125,0.8549344539642334,597.2517700195312,590.6385498046875,0.9420236349105835,619.0648803710938,581.9453735351562,0.007922381162643433,666.2224731445312,586.67333984375,0.07473435997962952,676.5791625976562,568.0903930664062,0.2659508287906647,176.4922637939453,557.6604614257812,0.011587202548980713,169.86227416992188,539.7252807617188,0.021459341049194336,692.5568237304688,556.7940673828125,0.10504227876663208,618.3953247070312,588.390869140625,0.004134654998779297
217,259.0602111816406,475.45355224609375,0.9999544024467468,200.05404663085938,468.86798095703125,0.9755027294158936,170.4659881591797,548.0325317382812,0.9994845390319824,625.7164306640625,569.3853759765625,0.9173587560653687,597.059326171875,591.0344848632812,0.9652531147003174,619.444091796875,581.6467895507812,0.0064674317836761475,665.6788940429688,586.2225341796875,0.08421847224235535,676.1229248046875,567.9782104492188,0.3116096258163452,176.86976623535156,557.5081176757812,0.014612644910812378,169.90428161621094,539.3866577148438,0.02174985408782959,692.7500610351562,556.0238647460938,0.25384312868118286,172.0571746826172,541.9009399414062,0.003914684057235718
218,259.0238342285156,475.56756591796875,0.9999551773071289,200.19894409179688,473.4482421875,0.9862033128738403,170.9281463623047,549.0726318359375,0.9994573593139648,626.2197265625,569.0380249023438,0.9306652545928955,596.9871215820312,591.0765991210938,0.9613965749740601,619.1096801757812,581.9213256835938,0.008848518133163452,665.4827270507812,586.4904174804688,0.05440366268157959,676.4871215820312,567.368408203125,0.4499664008617401,177.07583618164062,557.965576171875,0.014853358268737793,170.0693817138672,540.3028564453125,0.02304789423942566,693.0188598632812,556.0921020507812,0.112908273935318,618.2987060546875,588.1482543945312,0.004358410835266113
219,258.8045349121094,474.8775634765625,0.9999697804450989,197.60205078125,475.78704833984375,0.9764130115509033,854.2184448242188,533.5453491210938,0.9993950128555298,625.8824462890625,569.143798828125,0.9091167449951172,597.4273681640625,590.5260009765625,0.9376664161682129,619.0919189453125,581.9337768554688,0.009324431419372559,665.4121704101562,586.739013671875,0.09028616547584534,676.10791015625,567.9515380859375,0.26142922043800354,176.86514282226562,557.6113891601562,0.015657126903533936,169.6962127685547,539.8484497070312,0.020188212394714355,691.9625854492188,557.7319946289062,0.13670194149017334,618.2750854492188,588.1094360351562,0.004820138216018677
220,258.7888488769531,475.13262939453125,0.9999615550041199,199.1190185546875,473.08203125,0.9646848440170288,170.49082946777344,548.52783203125,0.9995009899139404,626.5015258789062,569.1195678710938,0.9095717668533325,597.2872924804688,590.553955078125,0.9430276155471802,619.0527954101562,581.620361328125,0.007953226566314697,665.9493408203125,586.7344360351562,0.04670208692550659,677.031005859375,567.4807739257812,0.5317556262016296,176.9515380859375,557.2822265625,0.012437969446182251,169.69390869140625,539.9865112304688,0.02143627405166626,693.1324462890625,556.0996704101562,0.08356764912605286,618.3851928710938,588.1936645507812,0.0042469799518585205
221,258.9443664550781,475.16888427734375,0.9999532699584961,199.3848876953125,473.1457824707031,0.969340443611145,170.8436737060547,548.6346435546875,0.9993981122970581,626.3944091796875,568.9257202148438,0.8768323659896851,597.2515869140625,590.8399047851562,0.9505332708358765,618.935546875,581.5707397460938,0.007113814353942871,665.8548583984375,586.6016235351562,0.08194184303283691,676.0308227539062,567.9205932617188,0.5346864461898804,176.90866088867188,557.7117919921875,0.012662649154663086,170.05816650390625,539.89208984375,0.023944050073623657,692.5042724609375,556.9564819335938,0.1688595712184906,172.1934051513672,541.9371337890625,0.004117846488952637
222,258.7903137207031,475.3651123046875,0.9999549388885498,199.3325653076172,472.6617736816406,0.9752534627914429,170.23538208007812,548.4814453125,0.9994952082633972,626.43994140625,568.877197265625,0.8407472372055054,597.7195434570312,590.6680908203125,0.9084093570709229,618.8970947265625,582.2741088867188,0.008304178714752197,665.4055786132812,586.7459106445312,0.09225761890411377,676.7453002929688,567.118408203125,0.32714152336120605,176.84164428710938,557.6375122070312,0.014650076627731323,169.6316680908203,539.8529052734375,0.021878451108932495,692.5204467773438,556.0385131835938,0.07618793845176697,618.4253540039062,588.2169189453125,0.004567384719848633
223,259.048583984375,475.3148193359375,0.9999595880508423,199.471435546875,473.22991943359375,0.9641449451446533,171.10679626464844,548.4813842773438,0.9995337724685669,626.0861206054688,569.1285400390625,0.8111386299133301,597.3187866210938,590.6272583007812,0.9395512342453003,619.1549682617188,582.2171630859375,0.009070217609405518,666.007080078125,586.472412109375,0.07226356863975525,675.6632690429688,568.1569213867188,0.3661949634552002,177.28131103515625,557.535400390625,0.013556301593780518,170.2198486328125,539.7352294921875,0.02414405345916748,692.0106811523438,556.8908081054688,0.1341991126537323,618.3711547851562,588.1281127929688,0.004900723695755005
224,258.0738525390625,474.5727233886719,0.9999462366104126,199.85415649414062,469.2945251464844,0.9751213788986206,170.06483459472656,548.4047241210938,0.999535083770752,625.8988647460938,569.3277587890625,0.8773146867752075,597.0234375,591.1634521484375,0.9593249559402466,613.1688232421875,583.1460571289062,0.006703794002532959,665.4335327148438,586.3275756835938,0.04453805088996887,676.7859497070312,567.2396850585938,0.4083337187767029,176.78778076171875,557.499755859375,0.0131244957447052,169.671142578125,539.6065673828125,0.02035537362098694,692.74658203125,555.6195678710938,0.07336229085922241,171.95603942871094,541.8925170898438,0.0037652254104614258
225,257.71575927734375,474.6016845703125,0.9999462962150574,200.4108428955078,467.5658264160156,0.9742411375045776,170.31674194335938,548.5619506835938,0.9994851350784302,626.1131591796875,569.3795166015625,0.878178596496582,597.1986694335938,590.8833618164062,0.9511918425559998,619.203125,581.7349853515625,0.007118701934814453,666.4153442382812,586.408447265625,0.058516353368759155,676.3701171875,568.04248046875,0.4369674026966095,678.4185791015625,568.3499755859375,0.015513628721237183,169.6618194580078,539.5751953125,0.024661153554916382,692.5106811523438,556.99951171875,0.15886491537094116,171.89999389648438,541.9057006835938,0.0044096410274505615
226,258.83465576171875,475.7313537597656,0.9999426603317261,199.75701904296875,473.1634216308594,0.982632040977478,169.99313354492188,548.9618530273438,0.9994454383850098,625.9995727539062,569.0405883789062,0.8541515469551086,597.0843505859375,590.8922119140625,0.933861255645752,618.9947509765625,581.972412109375,0.007825523614883423,665.7650146484375,586.6336059570312,0.08343029022216797,677.3597412109375,567.5477294921875,0.5019981861114502,176.53738403320312,557.7537841796875,0.014954537153244019,169.41676330566406,539.9231567382812,0.023687154054641724,693.6708984375,555.6774291992188,0.12979400157928467,618.2777709960938,588.1853637695312,0.003918319940567017
227,258.9336242675781,475.35748291015625,0.9999562501907349,200.26153564453125,468.2964782714844,0.976301372051239,170.77127075195312,548.7861328125,0.9994734525680542,625.7698364257812,569.5377807617188,0.8718377947807312,596.9912109375,591.1121826171875,0.9464743137359619,618.9013061523438,581.5010986328125,0.009313106536865234,665.7832641601562,586.442626953125,0.043773800134658813,676.3952026367188,567.878173828125,0.34164881706237793,176.9615020751953,558.0281982421875,0.015575498342514038,169.66912841796875,539.8251342773438,0.0256497859954834,691.9198608398438,557.4163208007812,0.08624926209449768,618.4339599609375,588.048583984375,0.0044480860233306885
228,258.95770263671875,475.52447509765625,0.9999514818191528,199.28550720214844,473.8067932128906,0.9868764877319336,170.69937133789062,548.973388671875,0.9994056224822998,626.305419921875,569.3328857421875,0.9068902134895325,597.3489990234375,590.925537109375,0.9355251789093018,619.2617797851562,582.0148315429688,0.00913509726524353,665.958984375,586.4909057617188,0.0652075707912445,676.8541259765625,567.612548828125,0.35542523860931396,176.7209930419922,558.1456909179688,0.015112757682800293,169.61912536621094,539.9236450195312,0.028420239686965942,692.6704711914062,556.5345458984375,0.14098724722862244,172.02987670898438,542.0509033203125,0.0045351386070251465
229,258.9614562988281,475.3938903808594,0.9999420642852783,200.24302673339844,469.8288879394531,0.9681464433670044,170.7169952392578,549.0419311523438,0.9994925260543823,627.1005249023438,568.7290649414062,0.8591336011886597,597.409423828125,590.5887451171875,0.9408267736434937,619.0891723632812,582.2105712890625,0.006813526153564453,666.1648559570312,586.437255859375,0.05956724286079407,677.0160522460938,567.5067138671875,0.5905531644821167,176.9341278076172,558.09619140625,0.015333384275436401,169.73094177246094,539.8721923828125,0.026757746934890747,693.9513549804688,554.8942260742188,0.2032715082168579,172.14279174804688,542.03369140625,0.004485726356506348
230,258.9704284667969,475.0552978515625,0.9999604225158691,199.97900390625,470.3314208984375,0.9725627899169922,170.31466674804688,549.0585327148438,0.9994717836380005,625.9725952148438,568.8890991210938,0.8549790382385254,597.3565673828125,590.845947265625,0.9288283586502075,619.1376342773438,581.7466430664062,0.008829742670059204,666.07763671875,586.3528442382812,0.10860520601272583,676.1641235351562,567.9579467773438,0.42146652936935425,176.6511993408203,557.9003295898438,0.016353696584701538,169.59400939941406,540.115966796875,0.025308281183242798,691.4339599609375,560.6959838867188,0.08788365125656128,618.3689575195312,588.1224975585938,0.004681944847106934
231,259.2161865234375,475.26556396484375,0.9999617338180542,199.9022674560547,475.1721496582031,0.9915217757225037,170.58251953125,549.0784912109375,0.9994815587997437,625.9365234375,568.7955932617188,0.8718163967132568,596.810791015625,590.589599609375,0.9378364086151123,619.2755126953125,581.5717163085938,0.008689850568771362,666.5579223632812,586.2811889648438,0.06419464945793152,676.5131225585938,567.5921630859375,0.5428632497787476,176.94090270996094,557.6944580078125,0.013601243495941162,169.7803192138672,540.0833129882812,0.024553537368774414,693.0219116210938,555.7177734375,0.14117756485939026,618.2928466796875,588.2118530273438,0.0041925907135009766
232,259.010498046875,475.5125732421875,0.9999540448188782,200.9150390625,467.82904052734375,0.973082423210144,170.42332458496094,549.0009155273438,0.9995402097702026,625.9746704101562,569.12939453125,0.8200943470001221,597.18408203125,590.9313354492188,0.899308979511261,618.8529663085938,582.2064819335938,0.012547850608825684,615.6363525390625,588.5501098632812,0.06908717751502991,677.4795532226562,566.8984985351562,0.3431755304336548,176.95985412597656,557.453125,0.01638197898864746,169.48463439941406,539.7589111328125,0.025884002447128296,693.0807495117188,555.7902221679688,0.10283949971199036,618.297119140625,587.8859252929688,0.005876988172531128
233,258.12664794921875,474.4532775878906,0.9999562501907349,199.8098907470703,469.9031677246094,0.9616237878799438,170.7373504638672,549.2440185546875,0.9995317459106445,626.1127319335938,569.0452880859375,0.8657841682434082,597.2374877929688,590.5648803710938,0.9378241300582886,618.9309692382812,581.5862426757812,0.007968306541442871,665.9893188476562,586.3025512695312,0.07190665602684021,676.1344604492188,567.6563110351562,0.4030260145664215,177.12603759765625,557.8533325195312,0.01550281047821045,169.7871551513672,539.805419921875,0.02595767378807068,692.838623046875,556.2067260742188,0.12261021137237549,618.4349975585938,588.2305297851562,0.004415690898895264
234,258.08062744140625,474.49200439453125,0.9999579787254333,200.34658813476562,467.7630310058594,0.9651695489883423,170.73214721679688,548.9635009765625,0.9995600581169128,625.3576049804688,569.3021850585938,0.9147756695747375,597.4581298828125,590.785888671875,0.9444993734359741,619.0643310546875,581.6729125976562,0.009224742650985718,666.34130859375,586.7230224609375,0.07007217407226562,675.7555541992188,567.9515380859375,0.4293104410171509,177.07998657226562,557.939208984375,0.01591247320175171,169.78598022460938,539.864013671875,0.024907231330871582,860.9755859375,525.134521484375,0.0637812614440918,618.2268676757812,588.18115234375,0.004272878170013428
235,259.0963439941406,475.5959167480469,0.9999547004699707,200.29013061523438,469.156982421875,0.9706730842590332,171.0706024169922,549.2437744140625,0.9995633363723755,625.6446533203125,569.1942138671875,0.8708571195602417,596.9437255859375,590.8505859375,0.9454492330551147,619.030029296875,581.6111450195312,0.009677082300186157,665.6484985351562,586.5181274414062,0.09323418140411377,676.5901489257812,567.725830078125,0.3356863260269165,177.1544189453125,558.2127685546875,0.015104025602340698,170.04736328125,540.0905151367188,0.028486579656600952,692.6343994140625,556.4994506835938,0.1568911075592041,618.4318237304688,588.0010375976562,0.004697889089584351
236,257.8707275390625,474.61016845703125,0.9999446868896484,200.44924926757812,473.3415222167969,0.987296462059021,170.513427734375,549.2378540039062,0.9994597434997559,625.970703125,569.3546142578125,0.8585548996925354,597.2810668945312,590.6766357421875,0.9343687891960144,619.1676635742188,581.5309448242188,0.006617307662963867,665.5509643554688,586.4515991210938,0.06394663453102112,676.2059326171875,567.8087158203125,0.3823035955429077,176.8868865966797,558.1064453125,0.015399158000946045,169.76296997070312,540.118896484375,0.026156753301620483,692.287353515625,556.6170654296875,0.13817015290260315,172.0104217529297,542.0069580078125,0.004441380500793457
237,259.3534240722656,475.5172119140625,0.9999579191207886,199.91983032226562,472.5202331542969,0.9796863198280334,854.6590576171875,533.3975830078125,0.9993287324905396,626.1936645507812,568.8926391601562,0.7774755954742432,597.6146240234375,590.810546875,0.9250615239143372,618.8464965820312,582.1563720703125,0.009693175554275513,665.5324096679688,586.399658203125,0.060265183448791504,676.2396850585938,567.7846069335938,0.40162384510040283,176.9171905517578,557.9378051757812,0.01065129041671753,170.0130615234375,540.5051879882812,0.025649577379226685,693.011474609375,556.0867919921875,0.15232831239700317,618.3811645507812,587.94677734375,0.00456768274307251
238,258.2369384765625,474.6508483886719,0.9999492168426514,198.8086395263672,473.2239685058594,0.9658117890357971,171.06842041015625,549.22265625,0.999441921710968,625.7655639648438,569.8263549804688,0.9146182537078857,597.31591796875,591.0407104492188,0.9456667900085449,619.4154052734375,581.4598388671875,0.007899969816207886,665.6958618164062,586.3427124023438,0.05911204218864441,675.9851684570312,567.6529541015625,0.37123388051986694,177.03482055664062,558.1483154296875,0.015258729457855225,169.94984436035156,539.9285278320312,0.024708032608032227,693.6943359375,556.211669921875,0.17538785934448242,172.1917724609375,542.1339111328125,0.004288166761398315
239,258.2488708496094,474.5938720703125,0.9999532699584961,201.64556884765625,467.230712890625,0.9857821464538574,171.30303955078125,549.403564453125,0.99951171875,625.9998779296875,569.5885620117188,0.8510439395904541,597.3412475585938,590.7526245117188,0.9307954907417297,618.8553466796875,582.0877075195312,0.00845181941986084,665.906005859375,586.6531982421875,0.0603661835193634,675.87890625,567.8440551757812,0.30378180742263794,177.34027099609375,558.5184326171875,0.01712930202484131,170.2476806640625,539.99072265625,0.02614694833755493,692.199951171875,556.5869140625,0.1465524137020111,618.4437255859375,588.1455078125,0.004538893699645996
240,258.4133605957031,474.58050537109375,0.9999514818191528,200.77597045898438,468.3024597167969,0.979364275932312,171.4553680419922,549.5084838867188,0.9994691014289856,626.2402954101562,569.1288452148438,0.8684861063957214,597.6904296875,590.6226806640625,0.906234622001648,619.0968017578125,581.9562377929688,0.008982956409454346,665.5689697265625,586.3126831054688,0.07265368103981018,676.4088134765625,567.3171997070312,0.3437705636024475,177.31246948242188,558.40966796875,0.014334529638290405,170.11114501953125,540.0880737304688,0.02636590600013733,692.2160034179688,555.899169921875,0.08885884284973145,618.3442993164062,588.0130004882812,0.004476606845855713
241,258.50396728515625,474.67633056640625,0.9999542236328125,201.33546447753906,469.04205322265625,0.9861276745796204,171.2732391357422,549.0585327148438,0.9994919300079346,625.3518676757812,569.5942993164062,0.8571826219558716,596.6956787109375,591.0091552734375,0.9474368095397949,619.2507934570312,581.4978637695312,0.00834915041923523,665.3941650390625,586.5841674804688,0.07182788848876953,676.5344848632812,567.328125,0.33306699991226196,177.3430633544922,558.0046997070312,0.013851970434188843,170.01571655273438,539.6836547851562,0.030531644821166992,692.92138671875,556.1826782226562,0.11715945601463318,172.141357421875,542.0660400390625,0.004874110221862793
242,258.458251953125,474.5854187011719,0.9999561905860901,201.092529296875,469.972900390625,0.976418137550354,172.09375,549.8218994140625,0.999529242515564,625.9403686523438,569.5413208007812,0.844692587852478,597.4745483398438,590.7808837890625,0.9297468662261963,618.9102172851562,581.9871215820312,0.009030669927597046,665.48974609375,586.352294921875,0.06765475869178772,676.5046997070312,567.4977416992188,0.2995842695236206,180.95892333984375,561.2976684570312,0.01869499683380127,170.48184204101562,540.02685546875,0.028658121824264526,692.2872314453125,557.1061401367188,0.13065972924232483,172.45359802246094,542.2252807617188,0.00452423095703125
243,258.2825927734375,474.5588684082031,0.9999371767044067,201.06027221679688,468.5509948730469,0.9624511003494263,171.54660034179688,549.4498901367188,0.999500036239624,626.1807861328125,569.142333984375,0.8203111290931702,597.6210327148438,590.77392578125,0.893811821937561,618.9091186523438,582.2446899414062,0.009336322546005249,665.6614379882812,586.7295532226562,0.04587569832801819,676.3327026367188,567.8773193359375,0.31967151165008545,180.54931640625,561.315673828125,0.014673739671707153,170.47120666503906,539.8494873046875,0.02750641107559204,692.244140625,556.9014892578125,0.08228424191474915,618.4002685546875,588.11328125,0.005023986101150513
244,258.19635009765625,474.270751953125,0.9999412298202515,201.22662353515625,467.96270751953125,0.9728946685791016,171.69142150878906,549.33056640625,0.9995074272155762,626.3392333984375,569.2122802734375,0.8366336822509766,597.8905029296875,590.823486328125,0.9140499234199524,618.9384155273438,581.9910888671875,0.008780360221862793,665.4511108398438,586.5679931640625,0.04910862445831299,676.8383178710938,567.2854614257812,0.20724332332611084,180.7916717529297,561.03759765625,0.014910370111465454,170.3142547607422,539.9034423828125,0.029675543308258057,860.7872314453125,524.8682250976562,0.055392712354660034,618.4495239257812,588.0128173828125,0.004827260971069336
245,258.4724426269531,474.5963439941406,0.9999551773071289,200.46875,469.0088195800781,0.9497863054275513,171.95228576660156,549.442138671875,0.9993330240249634,626.0241088867188,569.2429809570312,0.8253476023674011,597.4601440429688,590.8201904296875,0.936815619468689,619.0889892578125,582.1486206054688,0.006351858377456665,665.447265625,586.4755249023438,0.03776967525482178,676.4153442382812,567.378173828125,0.1624375879764557,177.4491424560547,558.6398315429688,0.013023465871810913,170.70350646972656,539.9910888671875,0.032136470079422,861.2224731445312,524.3789672851562,0.039227068424224854,172.40980529785156,542.1702880859375,0.004465937614440918
246,258.3784484863281,474.6092224121094,0.9999571442604065,201.198974609375,467.36846923828125,0.9794701337814331,172.71160888671875,549.6956176757812,0.9994543790817261,625.736083984375,569.3963012695312,0.869185209274292,597.175048828125,590.8678588867188,0.9286683201789856,619.0399780273438,581.67236328125,0.007689923048019409,665.9550170898438,587.134033203125,0.07912096381187439,679.2862548828125,565.9878540039062,0.232588529586792,180.88340759277344,561.3975219726562,0.012545883655548096,171.17713928222656,540.0303344726562,0.02879968285560608,693.020263671875,556.26318359375,0.08446112275123596,172.5532989501953,542.3099975585938,0.004445582628250122
247,258.47607421875,474.39581298828125,0.9999539852142334,201.26129150390625,469.279296875,0.9440015554428101,171.7301025390625,549.8643188476562,0.9994038343429565,626.2936401367188,569.390869140625,0.7906359434127808,597.1295166015625,590.93701171875,0.928946316242218,618.8925170898438,582.2379150390625,0.008426487445831299,616.5036010742188,588.3704223632812,0.0451928973197937,677.3223876953125,567.8811645507812,0.24898427724838257,177.58694458007812,558.5384521484375,0.013509690761566162,170.57391357421875,540.4302368164062,0.025140821933746338,692.216796875,557.463134765625,0.08624741435050964,618.3717651367188,588.0614624023438,0.004638075828552246
248,258.2738952636719,474.50225830078125,0.999958872795105,200.46697998046875,469.1255798339844,0.9543620347976685,172.29034423828125,550.0850219726562,0.9993168115615845,625.9175415039062,569.6307983398438,0.9283349514007568,597.0999145507812,590.6409301757812,0.9436936974525452,619.51611328125,581.4647216796875,0.007283955812454224,665.3316040039062,586.58056640625,0.05357864499092102,677.0626831054688,567.6517944335938,0.23150187730789185,177.7523956298828,558.9616088867188,0.015343904495239258,170.8955535888672,540.4566650390625,0.027983665466308594,692.8056640625,556.20556640625,0.05658888816833496,172.40525817871094,542.2030029296875,0.0044487714767456055
249,258.3789978027344,474.3924865722656,0.999944806098938,199.37953186035156,473.320068359375,0.9693619012832642,172.13189697265625,549.8467407226562,0.9993839263916016,626.2344360351562,569.2994995117188,0.8966364860534668,597.2598266601562,591.063720703125,0.9485182762145996,619.1941528320312,581.9168701171875,0.007554233074188232,666.0623168945312,586.7453002929688,0.05559748411178589,677.0447387695312,567.3948974609375,0.39652809500694275,177.48355102539062,558.5881958007812,0.013892918825149536,170.74346923828125,540.1920166015625,0.030507594347000122,692.7728881835938,555.924560546875,0.08451968431472778,172.41395568847656,542.2281494140625,0.00446552038192749
250,259.3937683105469,475.5960693359375,0.999951958656311,200.67799377441406,468.76885986328125,0.9720396995544434,172.31314086914062,550.1612548828125,0.9994411468505859,626.3048706054688,568.9207763671875,0.90935218334198,597.4304809570312,590.75341796875,0.9428268074989319,619.3630981445312,581.9129028320312,0.0080147385597229,665.7330932617188,586.2160034179688,0.07088726758956909,676.6815185546875,568.1976318359375,0.3239017724990845,180.80508422851562,561.439208984375,0.015594720840454102,170.8494873046875,540.4120483398438,0.028316617012023926,692.509033203125,556.2364501953125,0.07188710570335388,172.4984588623047,542.3370361328125,0.004343092441558838
251,258.50384521484375,474.65252685546875,0.9999583959579468,201.37783813476562,467.13623046875,0.9609700441360474,172.40541076660156,550.1626586914062,0.9994058012962341,626.3119506835938,569.1510009765625,0.9217584133148193,597.1614990234375,590.9312744140625,0.9503000974655151,619.4977416992188,581.7847290039062,0.00801268219947815,666.4351196289062,586.3056030273438,0.0533125102519989,676.9483642578125,567.6107788085938,0.5965387225151062,177.72274780273438,558.962646484375,0.01576840877532959,170.6862030029297,540.18994140625,0.035336047410964966,693.2407836914062,555.785888671875,0.13973286747932434,172.5267791748047,542.3724365234375,0.004503011703491211
252,258.2518615722656,474.8771057128906,0.9999450445175171,200.1109161376953,468.0860290527344,0.9312289953231812,853.8773193359375,533.1217041015625,0.9995185136795044,626.4363403320312,569.0288696289062,0.8979132771492004,597.5886840820312,590.5902099609375,0.9136198163032532,619.0868530273438,581.9207763671875,0.00905156135559082,666.2119750976562,586.3348999023438,0.07813233137130737,676.1057739257812,567.7992553710938,0.34000054001808167,180.97999572753906,561.0775756835938,0.012293100357055664,171.17161560058594,539.7604370117188,0.03155091404914856,692.1295776367188,556.8582763671875,0.12401390075683594,172.566650390625,542.3230590820312,0.004684805870056152
253,258.6441345214844,474.72332763671875,0.999953031539917,200.5200958251953,468.2748718261719,0.9760750532150269,172.60841369628906,550.1193237304688,0.9994298815727234,626.201904296875,568.762451171875,0.8644952774047852,597.3480224609375,590.7958984375,0.9357706308364868,619.0753173828125,582.0242309570312,0.008395075798034668,666.014892578125,586.7033081054688,0.0693047046661377,677.016357421875,567.3988647460938,0.3453192114830017,181.03269958496094,561.644287109375,0.014399975538253784,170.8502960205078,540.4127807617188,0.02851274609565735,692.8145141601562,556.0247802734375,0.10217094421386719,172.42642211914062,542.3324584960938,0.004419177770614624
254,258.50836181640625,475.01751708984375,0.9999579191207886,200.4088897705078,468.91033935546875,0.9449127912521362,172.75474548339844,549.8115844726562,0.9994440674781799,626.3864135742188,569.5928955078125,0.8165194988250732,597.4835815429688,590.8636474609375,0.9402905702590942,619.1066284179688,582.5198364257812,0.007693767547607422,666.0445556640625,586.591552734375,0.05637681484222412,676.3406982421875,567.9729614257812,0.3180997967720032,181.0886688232422,561.3864135742188,0.01398572325706482,170.91455078125,539.9261474609375,0.03132814168930054,692.3305053710938,556.6021728515625,0.10501724481582642,172.4517364501953,542.3076782226562,0.004652470350265503
255,258.52911376953125,475.0277404785156,0.9999588131904602,201.32876586914062,467.1626281738281,0.8582698702812195,173.09039306640625,550.0913696289062,0.9994384050369263,626.1070556640625,569.1356811523438,0.8944976329803467,597.5206298828125,590.8015747070312,0.9378524422645569,619.2555541992188,582.1001586914062,0.009403020143508911,666.532958984375,586.7616577148438,0.10778841376304626,676.7587890625,568.0036010742188,0.4225524961948395,678.261962890625,568.4730834960938,0.012042254209518433,171.40960693359375,540.22607421875,0.02901548147201538,692.6879272460938,556.7952880859375,0.1839674413204193,618.31640625,588.256103515625,0.0045938193798065186
256,258.8125305175781,475.0247497558594,0.9999620914459229,200.31922912597656,468.4876403808594,0.9673457145690918,853.9597778320312,533.533447265625,0.9994640946388245,626.8674926757812,568.5460815429688,0.8562391996383667,597.4701538085938,591.013427734375,0.9174116253852844,618.9767456054688,582.3145141601562,0.008727163076400757,666.4811401367188,586.5029907226562,0.0958663821220398,676.4583129882812,567.9373779296875,0.39049744606018066,181.35543823242188,561.6390380859375,0.016348928213119507,171.68630981445312,540.16748046875,0.029590517282485962,692.033447265625,557.0758056640625,0.19963279366493225,618.38134765625,588.1988525390625,0.004693031311035156
257,258.396484375,475.2689208984375,0.9999544620513916,200.4295654296875,468.5845642089844,0.9162366390228271,173.5010223388672,550.1590576171875,0.9993957281112671,625.4743041992188,569.6668701171875,0.9140539765357971,597.2150268554688,590.913330078125,0.9521560668945312,619.242919921875,581.4759521484375,0.008978426456451416,666.1091918945312,586.6212768554688,0.06585046648979187,676.8084716796875,567.3746337890625,0.6289371848106384,181.13714599609375,561.419677734375,0.01381632685661316,171.5774383544922,540.5303955078125,0.027282536029815674,693.1657104492188,555.8896484375,0.13545915484428406,171.8545684814453,545.785888671875,0.004177451133728027
258,258.68994140625,475.22265625,0.9999685287475586,198.5854034423828,473.9429016113281,0.8588657975196838,854.4309692382812,533.3098754882812,0.9993432760238647,626.3696899414062,569.3363037109375,0.8898425102233887,597.104248046875,590.7274780273438,0.9378064870834351,618.9693603515625,582.3488159179688,0.008423298597335815,665.750244140625,586.4243774414062,0.07258117198944092,676.0830078125,568.052490234375,0.30315926671028137,180.7801513671875,561.4776000976562,0.014584183692932129,171.67202758789062,540.363525390625,0.026193857192993164,692.7429809570312,556.8790893554688,0.18037208914756775,618.5300903320312,588.3202514648438,0.0045830607414245605
259,258.5477294921875,474.9364929199219,0.9999479055404663,200.92416381835938,470.3083801269531,0.8010432124137878,172.94053649902344,550.301025390625,0.9993597269058228,626.4729614257812,569.1858520507812,0.8742232322692871,597.1610107421875,590.6672973632812,0.9465271234512329,619.1886596679688,582.1801147460938,0.0078029632568359375,664.7323608398438,585.9561767578125,0.08806762099266052,675.05078125,568.3341064453125,0.10073626041412354,177.89617919921875,558.7479248046875,0.011344730854034424,171.41481018066406,540.7990112304688,0.027201026678085327,690.1561279296875,560.9878540039062,0.07076457142829895,172.55430603027344,542.38818359375,0.004275113344192505
260,258.48870849609375,475.0879821777344,0.9999549388885498,200.35906982421875,470.37548828125,0.8822218179702759,173.81964111328125,550.7586669921875,0.9993742108345032,626.0928344726562,569.1849975585938,0.8258069753646851,597.3140869140625,590.8724975585938,0.9273875951766968,618.6696166992188,581.9356689453125,0.009074419736862183,666.0204467773438,586.7860717773438,0.08398514986038208,676.595703125,567.5918579101562,0.3150697946548462,181.27676391601562,561.677978515625,0.014837473630905151,171.7395477294922,541.02880859375,0.02554604411125183,692.3056030273438,557.2455444335938,0.061542361974716187,618.3889770507812,588.0414428710938,0.004693388938903809
261,258.55047607421875,475.149169921875,0.999954104423523,200.86033630371094,470.3803405761719,0.9440158605575562,173.2912139892578,550.7149658203125,0.9993277192115784,626.1008911132812,569.2742309570312,0.8955450057983398,597.4227294921875,590.8607177734375,0.936464786529541,619.146240234375,581.975830078125,0.00790444016456604,665.7911987304688,586.4689331054688,0.08138486742973328,676.703857421875,567.0655517578125,0.43433499336242676,178.03382873535156,559.229736328125,0.014251798391342163,171.51307678222656,540.77099609375,0.028311848640441895,693.0318603515625,555.4482421875,0.14230605959892273,172.6347198486328,542.4649658203125,0.004357039928436279
262,258.6490173339844,475.1759033203125,0.9999580383300781,201.91366577148438,468.38983154296875,0.9666905403137207,853.642822265625,534.0711059570312,0.9995308518409729,626.3146362304688,569.1283569335938,0.8540133237838745,597.6990356445312,591.0721435546875,0.931930661201477,619.1842651367188,582.1533813476562,0.008448123931884766,665.5956420898438,586.6708984375,0.05920988321304321,677.3056030273438,567.2529907226562,0.4221543073654175,181.09112548828125,561.8966674804688,0.014897316694259644,171.7435760498047,540.8862915039062,0.027798980474472046,693.4844970703125,555.2915649414062,0.09473598003387451,172.66539001464844,542.4996948242188,0.004342913627624512
263,258.58111572265625,475.2066345214844,0.9999548196792603,202.1216583251953,469.1504821777344,0.980605959892273,854.1617431640625,533.3113403320312,0.9993686676025391,625.8568725585938,569.4464111328125,0.8816505670547485,597.9326782226562,590.55517578125,0.8868910670280457,619.0526733398438,581.6268310546875,0.009227126836776733,665.8873291015625,586.612060546875,0.06114867329597473,676.7662963867188,567.5916748046875,0.5226536989212036,181.27658081054688,562.0617065429688,0.01324009895324707,171.57928466796875,540.8033447265625,0.030828386545181274,692.9894409179688,555.8687133789062,0.11084163188934326,172.59906005859375,542.408447265625,0.004510104656219482
264,258.7656555175781,475.1859130859375,0.9999637603759766,202.0259552001953,469.14306640625,0.9534801244735718,853.8718872070312,533.1605834960938,0.999420166015625,626.5668334960938,568.8739013671875,0.9185963273048401,597.4993896484375,590.5687255859375,0.9270544052124023,619.3570556640625,581.8597412109375,0.007452726364135742,666.0579833984375,586.3489379882812,0.06161406636238098,676.526611328125,567.4393310546875,0.40406954288482666,181.30517578125,561.7440185546875,0.01436835527420044,171.81227111816406,540.5084228515625,0.03127381205558777,692.9083862304688,555.2838745117188,0.09112980961799622,172.6623077392578,542.4236450195312,0.004505723714828491
265,258.8071594238281,475.1859436035156,0.9999645948410034,201.4600830078125,470.1792907714844,0.9752991199493408,854.109619140625,533.816162109375,0.9994710683822632,626.6166381835938,569.3058471679688,0.888520359992981,597.7649536132812,590.539794921875,0.8974635601043701,618.8857421875,582.2881469726562,0.007998824119567871,665.793212890625,586.9278564453125,0.049184650182724,677.3802490234375,566.91015625,0.46378809213638306,181.21206665039062,561.7894897460938,0.012612640857696533,171.7941131591797,540.411376953125,0.02737632393836975,692.963134765625,555.345703125,0.09931680560112,171.88003540039062,545.8087158203125,0.004295170307159424
266,258.5054016113281,475.3061218261719,0.9999610185623169,201.7693634033203,470.61102294921875,0.9717974662780762,854.5916748046875,533.3395385742188,0.9994425177574158,626.398193359375,569.3612060546875,0.8413975834846497,597.0534057617188,590.9431762695312,0.9402264356613159,619.2349853515625,582.0891723632812,0.006514072418212891,665.5469970703125,586.1416625976562,0.07695052027702332,675.2574462890625,568.5364379882812,0.14506518840789795,178.3715362548828,559.3478393554688,0.011980265378952026,171.97695922851562,540.647216796875,0.024194806814193726,691.61328125,557.5633544921875,0.08584117889404297,172.05471801757812,545.9505004882812,0.004300177097320557
267,258.53521728515625,475.40350341796875,0.9999651312828064,200.2463836669922,472.67181396484375,0.9043638706207275,854.8585815429688,534.0555419921875,0.9993906021118164,626.5025024414062,569.341552734375,0.8928846120834351,597.314697265625,590.9849853515625,0.9368359446525574,619.2391967773438,582.37548828125,0.00833234190940857,666.2171630859375,586.664306640625,0.045182883739471436,676.3636474609375,567.6002807617188,0.42636629939079285,181.2969512939453,561.8116455078125,0.012743949890136719,171.8929443359375,540.9104614257812,0.027658671140670776,692.9290161132812,556.11181640625,0.09924235939979553,172.0670928955078,545.9566040039062,0.00425797700881958
268,258.5599670410156,475.40472412109375,0.9999683499336243,199.71595764160156,472.7341613769531,0.9000581502914429,854.38671875,533.4165649414062,0.9995662569999695,626.3421020507812,569.478271484375,0.9101120233535767,597.3335571289062,590.9356079101562,0.9364128112792969,619.1702270507812,581.8275756835938,0.0069487690925598145,665.8164672851562,586.303466796875,0.053867191076278687,676.1338500976562,568.2025146484375,0.37541139125823975,181.46340942382812,561.8279418945312,0.015725702047348022,171.83152770996094,540.9312744140625,0.02441081404685974,692.7991943359375,556.6249389648438,0.11461696028709412,171.97451782226562,545.8904418945312,0.0040743350982666016
269,258.89923095703125,475.4029235839844,0.9999673366546631,201.3037109375,470.1139221191406,0.9665518999099731,173.92935180664062,551.1071166992188,0.9993878602981567,626.0476684570312,569.322509765625,0.8195617198944092,597.1786499023438,590.8982543945312,0.9468553066253662,619.009033203125,581.7598266601562,0.007787168025970459,665.8758544921875,586.8375854492188,0.055482685565948486,676.6568603515625,567.537353515625,0.27517157793045044,181.44859313964844,561.9266967773438,0.016504108905792236,171.70623779296875,541.1636962890625,0.024441957473754883,692.614013671875,556.2890625,0.0799919068813324,171.91864013671875,546.0536499023438,0.004372209310531616
270,258.6680603027344,475.09893798828125,0.9999643564224243,201.87803649902344,468.303955078125,0.9470794796943665,173.9315948486328,551.1563720703125,0.9993032217025757,626.6122436523438,569.0552978515625,0.892447829246521,597.2092895507812,590.7921752929688,0.946770966053009,619.1128540039062,581.73388671875,0.009061068296432495,666.5262451171875,586.5502319335938,0.04697653651237488,677.2697143554688,567.6007690429688,0.5554491281509399,678.5765380859375,568.322998046875,0.016392022371292114,171.88954162597656,541.2897338867188,0.025751471519470215,693.515869140625,555.8477783203125,0.15991240739822388,618.3949584960938,588.16015625,0.004281133413314819
271,258.5505065917969,475.4410095214844,0.9999645352363586,201.91351318359375,469.9195861816406,0.9533287286758423,173.76080322265625,550.8450317382812,0.9992842078208923,625.8169555664062,569.4398803710938,0.8501009941101074,597.0700073242188,591.0416870117188,0.9310927391052246,618.9609985351562,581.8265380859375,0.008401602506637573,665.9119873046875,586.2213745117188,0.059547752141952515,676.2925415039062,567.739990234375,0.2921876609325409,178.32601928710938,559.114501953125,0.01176103949546814,171.846923828125,541.0927734375,0.029018878936767578,692.77978515625,556.4069213867188,0.11274513602256775,171.9789276123047,545.955078125,0.004265636205673218
272,258.6420593261719,475.2158508300781,0.9999687671661377,201.7959747314453,469.8455810546875,0.9657760858535767,174.20144653320312,551.0572509765625,0.9992848634719849,626.5902709960938,568.296142578125,0.8299752473831177,597.5641479492188,590.7705688476562,0.9288972616195679,619.1566162109375,582.443603515625,0.00909423828125,666.3179321289062,586.358154296875,0.09724384546279907,676.6364135742188,567.5772705078125,0.5945077538490295,181.386962890625,562.1315307617188,0.017025530338287354,171.8690643310547,541.2696533203125,0.026835769414901733,693.8377685546875,555.5379638671875,0.21671202778816223,618.4085693359375,588.13232421875,0.004652082920074463
273,258.9125061035156,475.255126953125,0.9999687671661377,200.98141479492188,471.47479248046875,0.918541431427002,854.3026733398438,533.0223999023438,0.9994497299194336,625.787841796875,569.3614501953125,0.8845410346984863,597.4320068359375,590.8336181640625,0.9210912585258484,619.0142211914062,582.30908203125,0.00878933072090149,665.8140258789062,586.64404296875,0.08305105566978455,677.1973266601562,567.1958618164062,0.43559399247169495,181.139404296875,561.59326171875,0.011220395565032959,171.96261596679688,540.9193115234375,0.03260540962219238,693.5038452148438,555.3623657226562,0.2067926824092865,172.68382263183594,542.5104370117188,0.004498153924942017
274,258.5268859863281,475.4125671386719,0.999955952167511,201.65380859375,470.737060546875,0.9698206186294556,173.93739318847656,550.8529663085938,0.9992903470993042,625.5971069335938,568.953857421875,0.8841854929924011,597.5184936523438,590.9468383789062,0.928978681564331,618.8616333007812,581.80322265625,0.008614391088485718,665.9702758789062,585.968994140625,0.0900697410106659,676.5857543945312,568.2886352539062,0.35611140727996826,678.712158203125,568.0079956054688,0.016688287258148193,172.05393981933594,540.8876953125,0.030667811632156372,692.8114624023438,556.4063720703125,0.29027754068374634,172.7356414794922,542.5176391601562,0.004809319972991943
275,258.6011047363281,475.5065002441406,0.9999605417251587,201.03341674804688,474.2075500488281,0.9524829387664795,174.1341094970703,550.8362426757812,0.9992637634277344,626.3905029296875,569.286865234375,0.9104163646697998,597.3014526367188,591.0223999023438,0.9537051916122437,619.3305053710938,581.9027099609375,0.008168131113052368,665.9010009765625,586.4646606445312,0.056433260440826416,676.6124267578125,567.8776245117188,0.36150866746902466,181.42442321777344,561.8076171875,0.013377279043197632,172.30093383789062,541.0403442382812,0.028353720903396606,692.65869140625,557.0027465820312,0.09681171178817749,172.23431396484375,545.848876953125,0.004389554262161255
276,258.7981262207031,475.47161865234375,0.9999632835388184,199.59210205078125,473.51092529296875,0.9236119389533997,173.55511474609375,550.4125366210938,0.9993568062782288,626.106201171875,569.090087890625,0.8781939744949341,597.294189453125,590.7378540039062,0.9406605958938599,619.3955688476562,582.3004150390625,0.008981823921203613,666.0254516601562,586.4868774414062,0.10133421421051025,675.7619018554688,567.8722534179688,0.25734221935272217,678.0994262695312,568.3036499023438,0.012780547142028809,172.06033325195312,540.3648071289062,0.030381828546524048,692.0759887695312,556.8406372070312,0.16647368669509888,618.3702392578125,588.294921875,0.004374504089355469
277,258.9073791503906,475.56072998046875,0.9999631643295288,201.94827270507812,470.3476867675781,0.9457938075065613,174.09544372558594,550.6199340820312,0.999346911907196,627.0285034179688,568.7744750976562,0.863519549369812,597.7211303710938,591.3062133789062,0.9337860345840454,619.080322265625,582.4659423828125,0.009099811315536499,665.6209106445312,586.101806640625,0.07188734412193298,676.5457763671875,567.9636840820312,0.4433472454547882,181.347900390625,561.6131591796875,0.013931065797805786,172.46551513671875,540.511474609375,0.02869907021522522,692.8546142578125,556.411865234375,0.09050461649894714,618.432373046875,588.1790161132812,0.004800319671630859
278,258.885009765625,475.4874572753906,0.9999665021896362,201.94882202148438,471.2156982421875,0.9797508120536804,854.54541015625,533.1165161132812,0.9993627667427063,626.2609252929688,569.070556640625,0.8562470078468323,597.5178833007812,590.9814453125,0.9282846450805664,619.0471801757812,581.9342041015625,0.010028749704360962,665.5318603515625,586.486083984375,0.07892349362373352,676.100830078125,567.942138671875,0.3888646960258484,678.1276245117188,568.0906372070312,0.011915892362594604,172.3708953857422,540.904541015625,0.02431511878967285,692.6284790039062,556.5761108398438,0.16097873449325562,618.5906982421875,587.9906005859375,0.005024820566177368
279,258.5629577636719,475.64581298828125,0.999970555305481,201.54934692382812,473.0033264160156,0.9769707918167114,854.2337036132812,533.1986694335938,0.9993716478347778,626.2357177734375,569.197265625,0.8574445843696594,597.4005737304688,591.06982421875,0.9170963168144226,618.9994506835938,582.2247314453125,0.009327530860900879,665.8026123046875,586.5718994140625,0.07382974028587341,676.3846435546875,567.5599975585938,0.3371872007846832,181.4908447265625,561.9695434570312,0.010552793741226196,172.1497344970703,541.1688842773438,0.026961952447891235,693.5609130859375,555.4339599609375,0.1502757966518402,618.4112548828125,587.9951782226562,0.004806965589523315
280,258.7148132324219,475.35369873046875,0.9999660849571228,202.28121948242188,470.95794677734375,0.9556014537811279,854.7675170898438,533.4115600585938,0.9992783069610596,626.5936889648438,569.095703125,0.83516925573349,597.733154296875,590.5816650390625,0.872907280921936,618.9898681640625,581.9241333007812,0.008331090211868286,666.4055786132812,586.67822265625,0.05313444137573242,676.4624633789062,568.1393432617188,0.30801790952682495,181.6226043701172,561.9606323242188,0.013042688369750977,172.2899169921875,541.2864990234375,0.028382182121276855,692.8157958984375,556.3475341796875,0.1450071930885315,172.3952178955078,546.0816650390625,0.004585623741149902
281,258.81280517578125,475.3401794433594,0.999954879283905,204.23912048339844,467.4295959472656,0.961248517036438,854.6455078125,533.7079467773438,0.999230146408081,625.963623046875,569.1366577148438,0.8848534226417542,597.4837646484375,591.0804443359375,0.9444093704223633,619.0924072265625,581.795654296875,0.01068463921546936,666.7708740234375,586.4401245117188,0.05932039022445679,675.926025390625,568.6212768554688,0.5347838997840881,677.951904296875,568.53955078125,0.01855519413948059,172.57443237304688,541.3680419921875,0.026882052421569824,692.818603515625,556.5451049804688,0.13245368003845215,618.3575439453125,588.0271606445312,0.004636108875274658
282,258.71014404296875,475.489501953125,0.9999678134918213,203.08712768554688,469.4990234375,0.9513543844223022,174.2901611328125,551.0426635742188,0.9993621706962585,626.274658203125,568.6838989257812,0.8248109817504883,597.42041015625,591.019775390625,0.9047951698303223,618.9363403320312,582.0305786132812,0.00980520248413086,612.711181640625,589.40966796875,0.04471182823181152,677.0263061523438,567.5855102539062,0.5941373705863953,181.6397247314453,562.0103759765625,0.012731164693832397,172.4399871826172,540.7191772460938,0.02392721176147461,693.2410278320312,556.2435302734375,0.06218096613883972,618.4705200195312,588.1524047851562,0.004797816276550293
283,258.656982421875,475.4161376953125,0.9999675750732422,203.0603790283203,468.4686584472656,0.9648575782775879,174.51907348632812,550.8638916015625,0.9993340969085693,626.2468872070312,569.5494995117188,0.8671481609344482,597.1612548828125,590.7916259765625,0.9372901320457458,619.09033203125,581.842529296875,0.009194433689117432,665.6243286132812,586.4178466796875,0.050881147384643555,675.9741821289062,568.4713745117188,0.4024174213409424,678.119384765625,568.617919921875,0.013949871063232422,172.56593322753906,540.5953979492188,0.028182297945022583,693.3280639648438,556.4402465820312,0.22765609622001648,172.30601501464844,545.8496704101562,0.004412859678268433
284,258.7290344238281,475.4155578613281,0.9999709129333496,200.4580535888672,471.98077392578125,0.8428055047988892,854.4695434570312,533.6817626953125,0.9993970394134521,626.6194458007812,569.33251953125,0.8653436303138733,597.650390625,591.0613403320312,0.9253478646278381,618.9342041015625,581.9959716796875,0.008431673049926758,665.7636108398438,586.7286987304688,0.058465808629989624,676.3577270507812,567.78955078125,0.36809223890304565,181.6701202392578,562.2568359375,0.01376962661743164,172.23963928222656,541.3093872070312,0.02784934639930725,693.3016357421875,556.0966186523438,0.09683912992477417,172.21751403808594,545.9403076171875,0.0042746663093566895
285,258.61846923828125,475.4187927246094,0.9999634623527527,203.16661071777344,468.4669189453125,0.9708706140518188,174.42355346679688,551.0490112304688,0.9993205666542053,626.13134765625,569.2977905273438,0.915099024772644,597.1295776367188,590.8418579101562,0.9300934076309204,619.2341918945312,581.4025268554688,0.008819550275802612,665.90478515625,586.5111694335938,0.05646154284477234,676.1118774414062,567.762451171875,0.506822407245636,678.1165771484375,568.3366088867188,0.015206456184387207,172.35597229003906,541.0087890625,0.026062309741973877,693.2931518554688,555.9712524414062,0.22635579109191895,618.5206909179688,588.1694946289062,0.0044311583042144775
286,258.69293212890625,475.46630859375,0.9999686479568481,203.21656799316406,469.6904296875,0.9766061902046204,854.286865234375,533.4345092773438,0.9992890357971191,625.9662475585938,569.4756469726562,0.7454699277877808,597.525146484375,590.9124145507812,0.8937566876411438,618.6458129882812,582.3607788085938,0.010140538215637207,666.2774047851562,587.0281372070312,0.0587940514087677,676.9690551757812,567.575927734375,0.23022577166557312,181.78964233398438,562.0396118164062,0.010668039321899414,172.42666625976562,540.9790649414062,0.023939162492752075,692.8851318359375,556.8734130859375,0.1145876944065094,618.5128784179688,587.9631958007812,0.004877448081970215
287,258.90899658203125,475.5531005859375,0.9999686479568481,202.21910095214844,470.93963623046875,0.9170920848846436,854.6613159179688,533.2169189453125,0.9994519352912903,625.7033081054688,569.770751953125,0.6921563744544983,597.3985595703125,591.0988159179688,0.9024138450622559,618.6244506835938,582.450439453125,0.010642677545547485,616.4439697265625,588.7951049804688,0.055703163146972656,676.8207397460938,567.1908569335938,0.1921137571334839,181.74310302734375,561.9597778320312,0.012742102146148682,172.78009033203125,540.7418823242188,0.026502937078475952,692.3523559570312,557.0075073242188,0.08892041444778442,618.4385375976562,588.1342163085938,0.005214810371398926
288,258.818359375,475.4888000488281,0.9999626874923706,203.0889129638672,469.17291259765625,0.974558413028717,174.718994140625,551.55224609375,0.9992452263832092,627.1466064453125,568.9532470703125,0.7787449359893799,597.5556030273438,590.7749633789062,0.9212393760681152,618.7728881835938,582.7067260742188,0.008856445550918579,665.2042846679688,586.1524658203125,0.059101223945617676,675.7214965820312,567.896240234375,0.16447818279266357,181.786865234375,562.3070678710938,0.016554951667785645,172.42234802246094,541.2747192382812,0.027501463890075684,692.145751953125,556.94140625,0.10877713561058044,172.433349609375,546.1508178710938,0.00439530611038208
289,259.0323791503906,475.5036926269531,0.9999663829803467,203.11636352539062,468.9087219238281,0.9804152250289917,174.70025634765625,551.6732788085938,0.9992269277572632,626.2431030273438,569.5494995117188,0.8469839096069336,597.3446044921875,590.8029174804688,0.9294375777244568,618.8707885742188,581.8153686523438,0.010620534420013428,664.5366821289062,586.5376586914062,0.07307624816894531,676.4501342773438,568.0899047851562,0.12256211042404175,181.7016143798828,562.1528930664062,0.016050606966018677,172.5568389892578,541.4016723632812,0.02749347686767578,692.3570556640625,557.3994140625,0.15328991413116455,618.3663940429688,587.9981689453125,0.004710406064987183
290,258.89178466796875,475.87835693359375,0.9999696612358093,202.9287872314453,469.05609130859375,0.9783369898796082,855.0679321289062,533.65283203125,0.9994218349456787,627.0330810546875,569.0955810546875,0.8410093784332275,597.2631225585938,590.9142456054688,0.9423643946647644,619.0335083007812,582.4652099609375,0.009107053279876709,666.4972534179688,586.1689453125,0.06553754210472107,675.851806640625,568.562255859375,0.4453081786632538,181.58905029296875,562.2442626953125,0.013020694255828857,172.25820922851562,541.5662841796875,0.0271223783493042,693.9995727539062,555.6849975585938,0.20862933993339539,618.4464111328125,588.10791015625,0.0044664740562438965
291,259.0140686035156,475.5929260253906,0.9999690651893616,203.4149627685547,467.80596923828125,0.973796010017395,855.0043334960938,533.6978759765625,0.9993687272071838,626.4088134765625,568.957763671875,0.8853263258934021,597.4188232421875,590.8446044921875,0.9228383302688599,618.8602294921875,582.4251098632812,0.010306507349014282,665.714599609375,586.4385986328125,0.05795860290527344,677.1594848632812,567.2809448242188,0.43126845359802246,181.6977081298828,562.3851928710938,0.011836051940917969,172.36297607421875,541.7319946289062,0.024252742528915405,693.3436889648438,556.3004150390625,0.10330286622047424,618.4686889648438,588.1708374023438,0.005557537078857422
292,258.9284362792969,475.7755126953125,0.9999710917472839,203.24209594726562,468.93243408203125,0.9778556823730469,854.8911743164062,533.953125,0.9994381666183472,626.6024169921875,569.3666381835938,0.8448383808135986,597.2450561523438,590.7459716796875,0.9203186631202698,618.6964111328125,582.9397583007812,0.010050565004348755,665.105712890625,586.8456420898438,0.05181300640106201,676.67431640625,567.1802368164062,0.303597629070282,181.95883178710938,562.1293334960938,0.010849833488464355,172.67236328125,541.0867309570312,0.023926258087158203,693.2922973632812,555.4942626953125,0.18608355522155762,618.3984985351562,588.1740112304688,0.005337744951248169
293,258.88421630859375,475.62164306640625,0.999964714050293,203.12271118164062,469.0812072753906,0.9465478658676147,854.867431640625,533.6845092773438,0.999396026134491,626.675537109375,569.08251953125,0.8278173208236694,597.5382080078125,590.8452758789062,0.9187273979187012,618.7571411132812,582.6343994140625,0.009325504302978516,665.865966796875,586.81591796875,0.05789417028427124,676.589111328125,567.725830078125,0.2909531593322754,181.7179412841797,562.1691284179688,0.01098400354385376,172.78494262695312,541.3211059570312,0.025037825107574463,692.9640502929688,556.1033935546875,0.20484358072280884,172.237060546875,545.8990478515625,0.004537105560302734
294,258.9759521484375,475.6681823730469,0.999960720539093,201.3475799560547,472.6590881347656,0.9504729509353638,854.4906005859375,533.8143920898438,0.9994003772735596,626.5369262695312,569.486328125,0.9175920486450195,597.5867919921875,591.2371215820312,0.950298547744751,619.3950805664062,582.3353881835938,0.008450359106063843,665.715576171875,586.1378173828125,0.06354385614395142,675.8121948242188,568.667236328125,0.39605388045310974,181.72447204589844,562.3399658203125,0.01649060845375061,172.50650024414062,541.4500732421875,0.02556118369102478,692.9260864257812,556.389892578125,0.20180705189704895,172.26287841796875,546.0348510742188,0.004382580518722534
295,258.8089599609375,475.6270446777344,0.9999617338180542,200.0883026123047,473.3405456542969,0.9482017755508423,854.7716064453125,533.7335815429688,0.9993530511856079,625.7225952148438,569.6421508789062,0.8911861777305603,597.1859741210938,590.9522094726562,0.9297964572906494,618.9710693359375,581.6748046875,0.007730334997177124,665.32958984375,586.4952392578125,0.04615786671638489,676.6613159179688,567.3396606445312,0.35452163219451904,181.90670776367188,562.0680541992188,0.012999176979064941,172.83181762695312,541.121826171875,0.025484085083007812,693.5735473632812,555.5463256835938,0.15348684787750244,172.39041137695312,546.04541015625,0.004458695650100708
296,258.896728515625,475.69757080078125,0.9999641180038452,203.53089904785156,468.260986328125,0.9740323424339294,175.66583251953125,552.5130615234375,0.9993352890014648,626.6423950195312,569.1395874023438,0.9531768560409546,597.1893310546875,590.8922119140625,0.9499720335006714,619.32470703125,581.8975219726562,0.007016509771347046,666.189208984375,586.296630859375,0.04689967632293701,676.2832641601562,568.0771484375,0.5674479007720947,678.2495727539062,568.3659057617188,0.015522599220275879,172.63357543945312,541.3169555664062,0.025686293840408325,693.6145629882812,556.2649536132812,0.1482367217540741,172.36740112304688,546.18017578125,0.004500031471252441
297,258.9662170410156,475.7451171875,0.9999717473983765,201.6975555419922,473.5965576171875,0.7639050483703613,854.7534790039062,533.7008056640625,0.9993910789489746,626.805908203125,568.9796142578125,0.9318059682846069,597.1710205078125,591.0798950195312,0.9570744037628174,619.5239868164062,581.8795166015625,0.008378148078918457,665.6000366210938,586.1097412109375,0.07602378726005554,675.9182739257812,568.1015014648438,0.4504181742668152,678.27294921875,568.26123046875,0.013169974088668823,172.57289123535156,541.3401489257812,0.026421546936035156,692.938720703125,556.6126098632812,0.2175247073173523,172.41578674316406,546.2177734375,0.0043659210205078125
298,258.8302307128906,475.6322937011719,0.9999748468399048,203.3493194580078,470.2892761230469,0.9139347672462463,175.77928161621094,552.5045166015625,0.9993810653686523,626.5082397460938,569.0259399414062,0.9053092002868652,597.5877685546875,590.84521484375,0.9029276371002197,619.2473754882812,581.9073486328125,0.007823318243026733,665.675537109375,586.3062744140625,0.07675468921661377,676.6848754882812,568.1248168945312,0.27390217781066895,181.91294860839844,562.2080688476562,0.011694878339767456,172.60348510742188,541.3094482421875,0.02390235662460327,692.7429809570312,556.7697143554688,0.14124435186386108,172.4098358154297,546.04248046875,0.004130333662033081
299,258.8773498535156,475.69317626953125,0.9999694228172302,204.0686492919922,468.15478515625,0.9721465110778809,854.7278442382812,533.342041015625,0.9994369745254517,626.4532470703125,568.92919921875,0.9127930402755737,597.3682861328125,590.7410888671875,0.9384832978248596,619.2376708984375,581.563232421875,0.01063278317451477,666.4844970703125,586.2955932617188,0.05703657865524292,676.1375122070312,567.9793701171875,0.6148890256881714,677.9857177734375,568.5670166015625,0.014529943466186523,172.5720672607422,540.9935913085938,0.024877488613128662,693.17626953125,556.1279907226562,0.15208500623703003,618.5824584960938,588.0580444335938,0.004847109317779541
300,258.67724609375,475.6510314941406,0.9999617338180542,204.24603271484375,467.56121826171875,0.9739788770675659,854.4365234375,533.4800415039062,0.9994237422943115,625.90673828125,569.1248168945312,0.850467324256897,597.220947265625,590.8292846679688,0.9149408936500549,618.9625854492188,582.0001831054688,0.009158521890640259,666.2042236328125,586.3206787109375,0.06511086225509644,676.3901977539062,568.2034301757812,0.43093401193618774,678.11669921875,568.7335205078125,0.014150559902191162,172.5231475830078,541.201904296875,0.025723367929458618,692.6372680664062,557.3323974609375,0.12051793932914734,618.4481201171875,588.2293701171875,0.004690408706665039
301,259.1729736328125,475.5870666503906,0.9999663829803467,203.12132263183594,470.4331970214844,0.953874945640564,853.9034423828125,533.2894287109375,0.9993748664855957,627.0361938476562,568.8982543945312,0.8913851976394653,597.5035400390625,590.8601684570312,0.9395713806152344,619.1369018554688,582.1401977539062,0.006951957941055298,666.0320434570312,586.422607421875,0.09558665752410889,676.30908203125,568.0816650390625,0.5252544283866882,678.2457885742188,568.3118286132812,0.015809565782546997,172.75479125976562,541.2142944335938,0.023349344730377197,693.5247192382812,555.75146484375,0.21978628635406494,172.45237731933594,546.0083618164062,0.004542440176010132
302,259.0243225097656,475.58770751953125,0.999962568283081,203.83251953125,468.40447998046875,0.9801816344261169,854.251953125,533.0680541992188,0.9994137287139893,625.6366577148438,569.4625244140625,0.8970872163772583,596.9258422851562,590.9749755859375,0.9469372034072876,619.2005004882812,581.39697265625,0.008470267057418823,665.8378295898438,586.2369384765625,0.08124184608459473,676.3639526367188,567.9451904296875,0.4052443206310272,181.8376922607422,562.2807006835938,0.011912643909454346,172.8550567626953,541.4326782226562,0.022715210914611816,693.1587524414062,556.4071044921875,0.21472865343093872,172.56045532226562,546.1852416992188,0.004297167062759399
303,258.89398193359375,475.5685119628906,0.9999618530273438,203.82711791992188,469.2753601074219,0.9379810094833374,175.24111938476562,551.5521240234375,0.9992990493774414,626.701171875,569.1843872070312,0.9044877290725708,597.5288696289062,590.773681640625,0.9244253635406494,618.9695434570312,582.1088256835938,0.00920414924621582,665.4425048828125,586.2910766601562,0.07317093014717102,675.8909912109375,568.0382080078125,0.4593341648578644,678.1087646484375,568.2373657226562,0.013088792562484741,172.7371368408203,541.1603393554688,0.025683462619781494,693.4721069335938,556.459716796875,0.2339560091495514,618.4859619140625,588.1382446289062,0.004495382308959961
304,259.181884765625,475.6982116699219,0.9999661445617676,202.6240234375,470.7825927734375,0.9293128252029419,854.2416381835938,533.3997802734375,0.9993109703063965,626.3162231445312,568.8636474609375,0.885273277759552,597.6453857421875,590.7244873046875,0.9271440505981445,619.0694580078125,582.3724975585938,0.010174483060836792,666.2296752929688,586.233642578125,0.06421834230422974,675.8515014648438,567.97802734375,0.4052475690841675,181.66854858398438,562.3018798828125,0.010724544525146484,172.48590087890625,541.4935913085938,0.024401932954788208,693.0193481445312,555.9952392578125,0.11073872447013855,618.59326171875,588.318359375,0.0049735307693481445
305,259.0736999511719,475.7044982910156,0.9999614953994751,203.14230346679688,469.3721618652344,0.9792892932891846,174.7447967529297,551.8396606445312,0.9992774128913879,626.7720947265625,569.0925903320312,0.9055845737457275,597.1404418945312,590.6976318359375,0.938016951084137,619.2381591796875,582.0858764648438,0.009074211120605469,666.385009765625,586.2467041015625,0.03807920217514038,676.076171875,568.4307861328125,0.5046588182449341,678.1543579101562,568.530029296875,0.014361262321472168,172.4995574951172,541.4326171875,0.02338278293609619,693.1841430664062,556.6749267578125,0.06469550728797913,618.5181274414062,588.2951049804688,0.004348725080490112
306,258.9927978515625,475.6757507324219,0.999958872795105,203.69606018066406,468.83868408203125,0.9756466746330261,854.92236328125,533.9088134765625,0.9994257688522339,626.4185180664062,569.2628784179688,0.893986701965332,597.5281982421875,590.7532348632812,0.918613612651825,618.962890625,582.0240478515625,0.01034197211265564,665.6122436523438,586.0914916992188,0.08137038350105286,675.6466064453125,568.3818359375,0.2593636214733124,181.747314453125,562.3004150390625,0.013288021087646484,172.67364501953125,541.2387084960938,0.02467373013496399,693.0885009765625,556.3773803710938,0.10718652606010437,618.3792114257812,588.1202392578125,0.005354106426239014
307,259.18359375,475.80487060546875,0.9999661445617676,203.85011291503906,467.8564147949219,0.9715968370437622,854.6783447265625,533.7488403320312,0.9995434284210205,626.107177734375,569.0316772460938,0.9019052982330322,597.0869140625,590.9400024414062,0.9440616965293884,618.8788452148438,582.0921630859375,0.010609269142150879,666.5425415039062,586.7771606445312,0.06303125619888306,677.0617065429688,566.8295288085938,0.707000195980072,678.1256713867188,568.0341796875,0.012411683797836304,172.4764862060547,541.3284912109375,0.02560645341873169,693.9749145507812,555.0619506835938,0.17392590641975403,618.5067749023438,588.1239624023438,0.005126595497131348
308,259.2861633300781,475.7044372558594,0.9999687671661377,202.73387145996094,469.79425048828125,0.9616602659225464,175.21096801757812,552.1026000976562,0.9992685317993164,626.5447387695312,569.0418090820312,0.8760408759117126,597.6083374023438,590.8027954101562,0.9353939890861511,618.9510498046875,582.314453125,0.009903192520141602,666.9674072265625,586.3046264648438,0.06521034240722656,675.7827758789062,568.3208618164062,0.5297962427139282,677.568603515625,569.006591796875,0.01509055495262146,172.6204833984375,541.67529296875,0.021940618753433228,693.4135131835938,555.9070434570312,0.21158933639526367,618.3760986328125,588.1809692382812,0.004970639944076538
309,259.4573669433594,475.6408386230469,0.9999694228172302,203.3867645263672,469.3497314453125,0.9727456569671631,854.2290649414062,533.8095703125,0.9994091987609863,626.2216186523438,569.2854614257812,0.8416365385055542,596.8638305664062,591.1296997070312,0.9425619840621948,618.70458984375,582.6356201171875,0.010569006204605103,666.0282592773438,586.532470703125,0.04946911334991455,676.7578125,567.5016479492188,0.5320715308189392,678.4097290039062,568.0813598632812,0.016466766595840454,172.57542419433594,541.7171020507812,0.02375274896621704,692.9710693359375,556.1497192382812,0.18745440244674683,618.3265991210938,588.0165405273438,0.00482293963432312
310,259.3006286621094,475.7893371582031,0.999964714050293,203.4026641845703,468.6929016113281,0.973702609539032,854.817138671875,534.415771484375,0.9993824362754822,626.5088500976562,569.1415405273438,0.8911130428314209,597.3065185546875,590.9107055664062,0.9559292793273926,619.2013549804688,582.607177734375,0.008344918489456177,665.3113403320312,586.2406005859375,0.06999805569648743,676.1153564453125,568.1193237304688,0.33280086517333984,182.03982543945312,562.4757690429688,0.013254642486572266,172.36802673339844,541.9491577148438,0.022522836923599243,693.2225341796875,555.2633666992188,0.26289188861846924,618.4345703125,588.3175659179688,0.004573315382003784
311,259.4504089355469,475.6535949707031,0.9999616146087646,203.9937286376953,469.536865234375,0.9780091643333435,854.3136596679688,533.6538696289062,0.9994252920150757,626.5857543945312,569.242919921875,0.8775001764297485,597.846923828125,590.8860473632812,0.9200960397720337,619.04638671875,582.4132690429688,0.008702337741851807,665.286865234375,586.3930053710938,0.05392155051231384,676.0701904296875,567.911865234375,0.497680127620697,678.0916137695312,568.1742553710938,0.016990184783935547,172.4884033203125,541.6882934570312,0.02381366491317749,693.0789794921875,555.8856811523438,0.23009508848190308,618.3181762695312,588.2722778320312,0.004607349634170532
312,259.27362060546875,475.7398681640625,0.9999678134918213,203.39608764648438,469.0382995605469,0.9688183665275574,854.5317993164062,533.6458129882812,0.999293863773346,625.8320922851562,569.27783203125,0.8642789125442505,597.086181640625,591.0408325195312,0.9378196597099304,618.8228149414062,581.719482421875,0.010231345891952515,665.8327026367188,586.8178100585938,0.07642307877540588,677.7318115234375,567.1884765625,0.4079667329788208,182.0691375732422,562.70263671875,0.015282303094863892,171.72811889648438,544.8304443359375,0.02480977773666382,693.6639404296875,555.1183471679688,0.2551442086696625,172.57188415527344,557.3370361328125,0.004681438207626343
313,259.37060546875,475.7427062988281,0.9999686479568481,203.6288299560547,468.3912353515625,0.9711520671844482,175.17410278320312,552.1653442382812,0.9991392493247986,626.4326171875,569.1190185546875,0.8544041514396667,597.4926147460938,590.851806640625,0.921602189540863,618.9248046875,582.1998901367188,0.010140299797058105,666.0634155273438,586.419921875,0.06958568096160889,676.2485961914062,568.0794067382812,0.46076345443725586,181.97901916503906,562.4020385742188,0.013239145278930664,172.38414001464844,541.9191284179688,0.02442556619644165,693.6641845703125,555.1473999023438,0.273998498916626,618.4424438476562,588.0111694335938,0.004783421754837036
314,259.5433654785156,475.71612548828125,0.9999622702598572,203.77923583984375,468.3995666503906,0.9755504727363586,854.1847534179688,533.8911743164062,0.9993222951889038,626.4588012695312,568.7199096679688,0.8465402126312256,597.26171875,591.0145263671875,0.9255290031433105,619.1217041015625,582.1464233398438,0.011400938034057617,666.5779418945312,586.3566284179688,0.0622219443321228,676.7431640625,567.4293823242188,0.6002728343009949,678.4114990234375,568.0745239257812,0.015416830778121948,172.0062713623047,544.9296875,0.022015273571014404,693.2135009765625,555.65234375,0.21781262755393982,618.3304443359375,587.9951782226562,0.005398482084274292
315,259.5081787109375,475.9191589355469,0.9999651908874512,203.3220977783203,469.9891357421875,0.9769377708435059,855.2149047851562,533.5715942382812,0.9992460012435913,625.8173217773438,569.1832885742188,0.828494668006897,597.2849731445312,590.9198608398438,0.9184466004371643,619.0528564453125,582.2530517578125,0.01149168610572815,666.4788208007812,586.729736328125,0.07179099321365356,676.75927734375,567.1478881835938,0.35076650977134705,182.08457946777344,562.6214599609375,0.01600506901741028,172.97203063964844,541.851318359375,0.023739218711853027,693.5422973632812,555.5382080078125,0.0885297954082489,618.333251953125,588.11083984375,0.0048836469650268555
316,259.4886779785156,475.97418212890625,0.9999687671661377,203.26632690429688,468.4794921875,0.973270833492279,854.7122192382812,533.5628051757812,0.9992642402648926,625.9223022460938,569.4229736328125,0.8421548008918762,597.3890380859375,590.9702758789062,0.9168123602867126,619.1923828125,582.1943969726562,0.009408891201019287,665.5438842773438,586.6497802734375,0.04735371470451355,676.7777709960938,567.3832397460938,0.4050682485103607,181.83810424804688,562.6018676757812,0.014623790979385376,173.06565856933594,541.4053955078125,0.02569851279258728,861.2625122070312,524.595458984375,0.059588611125946045,172.60067749023438,545.951171875,0.00451892614364624
317,259.5080261230469,475.8924560546875,0.9999685287475586,203.53421020507812,468.3211364746094,0.9782037734985352,854.7340698242188,533.6355590820312,0.999363899230957,626.5952758789062,569.37939453125,0.8534798622131348,597.3817138671875,590.9806518554688,0.9268792867660522,619.0335083007812,582.8109130859375,0.009907335042953491,666.531982421875,586.5606689453125,0.07084652781486511,676.393798828125,567.6984252929688,0.19646793603897095,181.9232177734375,563.0009155273438,0.014965206384658813,172.77023315429688,542.0326538085938,0.02591368556022644,693.181640625,555.52392578125,0.10940217971801758,618.3693237304688,588.0972290039062,0.0050983428955078125
318,259.3548889160156,475.9791259765625,0.9999628067016602,203.6680908203125,467.7306823730469,0.9711796045303345,854.8023681640625,533.7381591796875,0.9994727373123169,626.4912719726562,569.2669677734375,0.8737307190895081,597.2973022460938,590.8086547851562,0.9259916543960571,618.9389038085938,582.2764892578125,0.008265137672424316,666.0401611328125,586.2459716796875,0.05507388710975647,676.0656127929688,567.9524536132812,0.29826995730400085,181.83645629882812,562.7405395507812,0.014829427003860474,172.66830444335938,542.2490234375,0.026288658380508423,693.1477661132812,555.9151000976562,0.1157161295413971,172.56593322753906,557.1159057617188,0.004572123289108276
319,259.4759521484375,475.908203125,0.999972939491272,203.9381866455078,468.86328125,0.9634408950805664,854.7395629882812,533.1732177734375,0.9992982149124146,626.2350463867188,569.3958129882812,0.8987007737159729,597.6708984375,590.813232421875,0.9273004531860352,618.9581298828125,581.834228515625,0.009640544652938843,665.835693359375,586.8831176757812,0.05299898982048035,676.8057861328125,567.0098266601562,0.36619001626968384,182.2615203857422,562.61572265625,0.015866518020629883,172.2763671875,545.02734375,0.022290825843811035,693.4238891601562,554.993896484375,0.110150545835495,618.4537353515625,588.1981201171875,0.00472646951675415
320,259.57208251953125,475.7772216796875,0.9999586343765259,204.06353759765625,467.9414978027344,0.9802137613296509,854.910888671875,533.4683227539062,0.9995089769363403,626.9393310546875,569.0181884765625,0.736099898815155,597.7474365234375,590.6075439453125,0.8826370239257812,618.7669677734375,582.7597045898438,0.007378280162811279,666.8253173828125,586.82470703125,0.040907591581344604,676.871337890625,567.3148193359375,0.43253451585769653,182.01925659179688,562.7208251953125,0.014175891876220703,172.69024658203125,541.9593505859375,0.022912293672561646,694.312744140625,554.7471313476562,0.136222243309021,618.6253662109375,588.1812133789062,0.0045996010303497314
321,259.46234130859375,475.88641357421875,0.9999659657478333,203.6791229248047,467.4301452636719,0.9788056015968323,854.8840942382812,533.4840698242188,0.9994094371795654,625.978271484375,569.5459594726562,0.8672617673873901,597.1077880859375,590.7037353515625,0.9356842041015625,619.0328369140625,581.6953125,0.007987111806869507,665.3197021484375,586.3881225585938,0.06768330931663513,676.8348999023438,567.66748046875,0.3886687159538269,181.86578369140625,562.8530883789062,0.014103949069976807,172.99441528320312,541.8677978515625,0.024191975593566895,693.6616821289062,555.6213989257812,0.23678293824195862,172.74588012695312,546.1976318359375,0.004384726285934448
322,259.40606689453125,475.6806335449219,0.999960720539093,204.18409729003906,468.0169677734375,0.9649544358253479,176.26577758789062,554.05126953125,0.9993524551391602,626.2408447265625,568.9717407226562,0.8897314071655273,597.5100708007812,590.7059936523438,0.9364181756973267,619.0269165039062,582.0862426757812,0.008692324161529541,665.608154296875,586.26513671875,0.06637576222419739,676.0096435546875,567.4152221679688,0.37698209285736084,182.33837890625,562.9950561523438,0.01440054178237915,172.22879028320312,545.1113891601562,0.022237718105316162,693.609619140625,554.5361328125,0.2420487105846405,172.65655517578125,557.1771850585938,0.0049329400062561035
323,259.2244873046875,475.712158203125,0.9999608993530273,204.082763671875,467.57666015625,0.9659608602523804,176.6207275390625,553.8849487304688,0.9993153810501099,626.3550415039062,569.1420288085938,0.8347053527832031,597.386962890625,590.6417846679688,0.9379317760467529,618.914306640625,582.2809448242188,0.007359236478805542,665.7903442382812,586.530517578125,0.09288251399993896,675.9602661132812,567.9917602539062,0.28928565979003906,182.68954467773438,562.928955078125,0.01147887110710144,172.70399475097656,545.0480346679688,0.023356765508651733,692.7871704101562,555.9392700195312,0.2191016972064972,172.684326171875,557.1273193359375,0.004907518625259399
324,259.54925537109375,475.7889099121094,0.9999647736549377,204.37889099121094,468.5864562988281,0.9751403331756592,176.3581085205078,553.8016967773438,0.9993116855621338,626.3233642578125,569.0536499023438,0.909227728843689,597.4813842773438,590.5848388671875,0.9139477610588074,618.9884643554688,582.0267333984375,0.00844496488571167,666.00244140625,586.9922485351562,0.055515289306640625,677.172607421875,567.4088745117188,0.472036212682724,182.36180114746094,562.953125,0.013613522052764893,172.27481079101562,545.1619873046875,0.02296501398086548,693.4718627929688,555.8184814453125,0.10116738080978394,172.69580078125,557.1287841796875,0.004866123199462891
325,259.27886962890625,475.8395690917969,0.9999679923057556,203.27127075195312,470.0220947265625,0.9606925845146179,854.8163452148438,534.0875854492188,0.9991995096206665,626.355712890625,569.1873168945312,0.8216539621353149,597.3485717773438,591.0411376953125,0.9298677444458008,618.8917846679688,582.1808471679688,0.007456481456756592,665.9898681640625,586.9976806640625,0.06129071116447449,676.7593994140625,567.9911499023438,0.3920210599899292,182.0734100341797,562.9313354492188,0.017157256603240967,172.07244873046875,545.0206909179688,0.022241801023483276,692.9855346679688,556.3414916992188,0.16514906287193298,172.55062866210938,557.1009521484375,0.004875153303146362
326,259.4628601074219,475.7891540527344,0.999966025352478,203.5889892578125,468.2078552246094,0.9734431505203247,176.13699340820312,553.678955078125,0.9992538690567017,626.416748046875,569.5812377929688,0.8452001810073853,597.5884399414062,590.7743530273438,0.9292402267456055,619.0562133789062,581.7301025390625,0.00750279426574707,665.2601928710938,586.50732421875,0.06554877758026123,676.2703857421875,567.5179443359375,0.309440553188324,182.37164306640625,562.815185546875,0.01530417799949646,172.27960205078125,545.0000610351562,0.025163918733596802,692.6275634765625,556.2947387695312,0.10579702258110046,172.68115234375,557.1721801757812,0.004854530096054077
327,259.5675354003906,475.9158935546875,0.9999692440032959,203.56890869140625,468.9838562011719,0.9737415909767151,854.39990234375,533.8790283203125,0.9993428587913513,626.034912109375,569.6838989257812,0.8197170495986938,597.5659790039062,590.791259765625,0.9100700616836548,618.7642211914062,581.788330078125,0.009066849946975708,665.423583984375,586.5595703125,0.0409751832485199,676.8343505859375,567.8622436523438,0.3420950770378113,182.23712158203125,563.1423950195312,0.014041155576705933,172.35488891601562,545.2553100585938,0.022762268781661987,692.5887451171875,557.0325317382812,0.08279106020927429,172.67779541015625,557.12451171875,0.005047321319580078
328,259.589111328125,475.9686279296875,0.999967098236084,203.8495635986328,467.536376953125,0.9735316038131714,853.9385986328125,533.7864990234375,0.999491810798645,626.3453979492188,569.2232666015625,0.86905837059021,597.19580078125,590.6495971679688,0.9340163469314575,619.0340576171875,582.2894287109375,0.008875787258148193,664.9122924804688,586.496337890625,0.06995624303817749,676.5127563476562,567.868896484375,0.19307968020439148,181.9511260986328,562.9741821289062,0.014271944761276245,172.1208038330078,545.0570678710938,0.022028833627700806,692.4514770507812,556.8580322265625,0.1113206148147583,618.5064697265625,588.17626953125,0.004732668399810791
329,259.8081359863281,475.9353942871094,0.9999550580978394,203.63987731933594,467.407470703125,0.9500067234039307,854.5145263671875,533.8392333984375,0.999305248260498,627.1041870117188,569.3261108398438,0.7895663976669312,597.9476318359375,590.7198486328125,0.9075651168823242,619.0496215820312,582.65966796875,0.008183538913726807,665.878662109375,586.502197265625,0.05744543671607971,676.2691040039062,567.6431884765625,0.32292526960372925,182.13140869140625,562.6451416015625,0.014102011919021606,172.99330139160156,541.865478515625,0.023830264806747437,692.9735107421875,555.6763916015625,0.17061421275138855,172.54464721679688,557.198974609375,0.004769623279571533
330,259.8211669921875,475.71807861328125,0.9999608993530273,203.95816040039062,468.2402648925781,0.967456579208374,854.564208984375,534.1236572265625,0.9993174076080322,626.6290283203125,569.3755493164062,0.8113977909088135,597.6303100585938,591.1316528320312,0.9287434816360474,619.1456298828125,582.5261840820312,0.009065181016921997,666.1793823242188,586.8145141601562,0.06755444407463074,676.9610595703125,566.9603881835938,0.5148776173591614,182.30010986328125,562.5338745117188,0.013637036085128784,173.21861267089844,541.8505859375,0.02205011248588562,693.610595703125,554.6947631835938,0.16895288228988647,172.54287719726562,557.20751953125,0.004552006721496582
331,259.5866394042969,475.4854736328125,0.9999629259109497,203.80528259277344,468.8143310546875,0.9698013663291931,854.6277465820312,534.209228515625,0.9992666244506836,626.1663208007812,569.7003784179688,0.865418553352356,597.5687866210938,591.0100708007812,0.8771471977233887,618.77685546875,581.824951171875,0.009527266025543213,665.9061889648438,586.596923828125,0.05536964535713196,676.282958984375,568.2093505859375,0.2681243419647217,182.0972900390625,562.700439453125,0.01189759373664856,173.02210998535156,542.4600219726562,0.025008440017700195,692.4111328125,556.8267211914062,0.17549297213554382,172.61212158203125,557.1702880859375,0.004841238260269165
332,259.8348083496094,475.7925109863281,0.9999645948410034,204.33474731445312,467.81121826171875,0.984503984451294,854.9661254882812,534.6204833984375,0.9993230104446411,626.2678833007812,569.29833984375,0.8423284292221069,597.35888671875,590.6786499023438,0.9010381698608398,618.8345947265625,581.95703125,0.009574055671691895,665.4313354492188,586.72314453125,0.052301377058029175,676.8007202148438,567.4136962890625,0.2665233016014099,181.95037841796875,562.80322265625,0.012431234121322632,172.87026977539062,542.1876831054688,0.022987663745880127,693.1192626953125,556.0222778320312,0.11743348836898804,172.63204956054688,557.0950317382812,0.004658550024032593
333,259.5998840332031,476.11212158203125,0.9999688267707825,204.16336059570312,467.6630859375,0.9794759750366211,854.630859375,533.5303955078125,0.9993359446525574,626.6197509765625,569.0626831054688,0.8944656848907471,597.4594116210938,590.7444458007812,0.9239500761032104,619.0380859375,582.007080078125,0.009108036756515503,666.0230712890625,586.4259033203125,0.06385630369186401,677.3650512695312,567.2735595703125,0.39849531650543213,182.24273681640625,562.8004760742188,0.013969659805297852,172.94638061523438,542.261962890625,0.023411720991134644,693.4943237304688,555.4268798828125,0.20153427124023438,172.6582794189453,557.2183837890625,0.004653573036193848
334,259.9015197753906,475.681396484375,0.9999637603759766,204.0354766845703,468.1631774902344,0.9620875716209412,854.5082397460938,533.7446899414062,0.999462902545929,626.1945190429688,569.1856689453125,0.8533192873001099,597.2575073242188,590.9085693359375,0.935456395149231,618.8319091796875,582.0760498046875,0.01093032956123352,666.3468627929688,586.72412109375,0.0682307779788971,677.2957153320312,567.006103515625,0.4797865152359009,182.2344970703125,562.8124389648438,0.011662304401397705,173.2435760498047,541.9639282226562,0.021622419357299805,693.3573608398438,555.5142211914062,0.10480561852455139,618.3826904296875,587.9862060546875,0.005454719066619873
335,259.8161315917969,475.9144592285156,0.9999619126319885,204.60498046875,468.14813232421875,0.9760945439338684,854.9066162109375,533.384033203125,0.999315619468689,626.3012084960938,569.53173828125,0.8731164932250977,596.8933715820312,590.9033203125,0.9216989278793335,619.0895385742188,582.3055419921875,0.00829342007637024,666.1843872070312,586.2222900390625,0.05443871021270752,676.2341918945312,567.8881225585938,0.6693235039710999,677.8922729492188,568.6695556640625,0.014016330242156982,173.0427703857422,541.9996337890625,0.022922754287719727,693.9833984375,555.4430541992188,0.1390484869480133,172.5605926513672,557.1412963867188,0.00472027063369751
336,259.6006774902344,476.01953125,0.9999610185623169,204.64451599121094,469.3714599609375,0.9680788516998291,854.7476806640625,533.814208984375,0.9992356300354004,626.7662963867188,569.113525390625,0.7338584661483765,597.6212158203125,590.9420776367188,0.9231353998184204,619.0086059570312,582.7130126953125,0.009366810321807861,666.5007934570312,587.026611328125,0.04937320947647095,676.8251953125,567.2282104492188,0.5295922160148621,181.69384765625,562.5108642578125,0.012691855430603027,172.83261108398438,541.6896362304688,0.022207528352737427,693.6129760742188,555.2857055664062,0.14422929286956787,618.4425659179688,588.16796875,0.005040794610977173
337,259.8011779785156,475.8576965332031,0.9999566078186035,204.43992614746094,468.1794128417969,0.974372148513794,854.2324829101562,533.4575805664062,0.999244213104248,626.3916015625,569.288330078125,0.8495569229125977,597.78564453125,590.9385986328125,0.9391695261001587,619.11767578125,582.058837890625,0.00989222526550293,665.9246826171875,586.715087890625,0.07560250163078308,676.2401733398438,567.8675537109375,0.36308154463768005,182.02098083496094,562.72119140625,0.012921571731567383,172.09239196777344,545.1292724609375,0.024111062288284302,693.343505859375,555.8916625976562,0.17163869738578796,172.5963897705078,557.2734375,0.005165278911590576
338,259.6458740234375,475.9668884277344,0.9999634027481079,204.80404663085938,468.1076354980469,0.97765052318573,854.8739013671875,534.1553344726562,0.9991955757141113,625.3616943359375,569.3261108398438,0.89697265625,597.07861328125,591.00732421875,0.936924934387207,619.0376586914062,581.5530395507812,0.008818596601486206,665.521240234375,586.558837890625,0.06590908765792847,677.1117553710938,567.5222778320312,0.450467050075531,182.32186889648438,562.8577270507812,0.01343458890914917,172.25369262695312,545.1234130859375,0.0233442485332489,692.8807373046875,556.30322265625,0.1250743865966797,172.6114501953125,557.1709594726562,0.00513884425163269
339,259.6314392089844,476.0747375488281,0.9999668598175049,204.07127380371094,469.77093505859375,0.9773865342140198,854.1557006835938,533.7067260742188,0.9989770650863647,625.8421630859375,569.1586303710938,0.8709486722946167,597.547119140625,590.929931640625,0.9078487157821655,619.1038818359375,581.9946899414062,0.010036230087280273,665.5267944335938,586.80322265625,0.07941478490829468,677.02392578125,567.3150634765625,0.4304448068141937,182.1243133544922,562.7791137695312,0.010477840900421143,173.12112426757812,542.3781127929688,0.021415352821350098,693.2640991210938,556.1514282226562,0.1879938244819641,172.52984619140625,557.1455688476562,0.004758656024932861
340,259.7876892089844,476.0888977050781,0.9999727010726929,204.54969787597656,469.12091064453125,0.9620990753173828,854.3793334960938,533.7298583984375,0.9992207288742065,625.5306396484375,569.5697021484375,0.9284608364105225,596.9790649414062,590.7932739257812,0.9453904628753662,619.3280639648438,581.2931518554688,0.008589386940002441,664.77880859375,586.4334716796875,0.06345406174659729,676.5465087890625,566.7949829101562,0.2115359902381897,182.21481323242188,562.9256591796875,0.015268087387084961,172.30726623535156,545.201171875,0.02519974112510681,692.670166015625,555.4535522460938,0.1203027069568634,172.61151123046875,557.2372436523438,0.005311042070388794
341,259.9051818847656,476.013427734375,0.9999701976776123,204.0772705078125,468.6701965332031,0.9631158113479614,854.204345703125,534.1417846679688,0.9993458390235901,625.7881469726562,569.4320678710938,0.8913443684577942,597.4403076171875,591.0118408203125,0.9372625350952148,619.0447387695312,581.890625,0.00876656174659729,666.02685546875,586.7868041992188,0.05953684449195862,677.2749633789062,567.080322265625,0.4233803153038025,182.0972442626953,562.863037109375,0.01306980848312378,172.19200134277344,545.4210815429688,0.02367672324180603,693.95947265625,555.553466796875,0.1297072470188141,172.5955352783203,557.1357421875,0.005193620920181274
342,259.6690979003906,476.0458679199219,0.9999673366546631,203.80410766601562,469.4414978027344,0.9708238840103149,854.5968017578125,534.2618408203125,0.9992310404777527,626.35986328125,569.5023193359375,0.8947622179985046,597.1959228515625,590.7446899414062,0.9451204538345337,619.4840087890625,581.6873168945312,0.007341742515563965,665.791748046875,586.3576049804688,0.0714724063873291,676.3427124023438,568.14013671875,0.3839051425457001,678.4016723632812,568.60888671875,0.012493520975112915,172.1918487548828,545.3323364257812,0.021519243717193604,693.1670532226562,556.13427734375,0.0831572413444519,172.60548400878906,557.0902709960938,0.005002498626708984
343,259.75537109375,476.1761474609375,0.9999657273292542,205.00033569335938,468.7598876953125,0.9888935089111328,854.4140625,533.587158203125,0.9992603659629822,625.9863891601562,569.4125366210938,0.9046876430511475,597.2503662109375,590.9913940429688,0.9462157487869263,619.2114868164062,581.8824462890625,0.009096473455429077,666.1595458984375,586.4647216796875,0.12024751305580139,675.3587646484375,568.85400390625,0.20798659324645996,182.16111755371094,563.201416015625,0.016210466623306274,171.91549682617188,545.52197265625,0.02535921335220337,690.4127807617188,561.1963500976562,0.08891701698303223,172.5583953857422,557.25732421875,0.0052696168422698975
344,259.8121643066406,475.88226318359375,0.9999643564224243,204.25955200195312,468.7561950683594,0.9778390526771545,854.5703735351562,533.892578125,0.9992111921310425,626.2996215820312,569.6093139648438,0.8482098579406738,597.3968505859375,590.7654418945312,0.9258698225021362,618.947265625,582.2017822265625,0.009065449237823486,665.551513671875,586.6755981445312,0.07103413343429565,675.7337036132812,567.9296264648438,0.3747329115867615,182.0709686279297,562.8792724609375,0.011806219816207886,172.19607543945312,545.5342407226562,0.021853595972061157,692.5073852539062,556.3258666992188,0.16093862056732178,618.5721435546875,588.22509765625,0.004883825778961182
345,259.84735107421875,476.2168273925781,0.999970555305481,204.35574340820312,468.5706481933594,0.9845330715179443,175.92730712890625,553.9639282226562,0.9990593194961548,626.2310791015625,569.23095703125,0.9138921499252319,597.3983154296875,590.8198852539062,0.9411762952804565,619.2073974609375,581.7056884765625,0.007996886968612671,665.7262573242188,586.6152954101562,0.11091440916061401,676.3223266601562,568.1316528320312,0.205265074968338,182.14761352539062,563.0830078125,0.01587468385696411,172.02969360351562,545.1953125,0.024558663368225098,692.1348266601562,557.5529174804688,0.07279476523399353,172.67359924316406,557.1148681640625,0.005141168832778931
346,259.6982421875,475.9929504394531,0.9999681115150452,204.65570068359375,469.4087219238281,0.9738355875015259,854.41943359375,533.8182983398438,0.999043345451355,626.159423828125,569.5328369140625,0.9345536231994629,597.24853515625,591.001220703125,0.9477421045303345,619.41162109375,581.6701049804688,0.006860673427581787,665.5224609375,586.9490966796875,0.07074633240699768,676.4710083007812,567.9590454101562,0.2558535039424896,182.26568603515625,562.9008178710938,0.014004379510879517,172.09698486328125,545.296630859375,0.023688405752182007,692.7193603515625,557.372802734375,0.1441875398159027,172.55801391601562,557.1890258789062,0.0053757429122924805
347,260.0132141113281,476.2098693847656,0.9999610185623169,204.5784149169922,467.4886779785156,0.9722477793693542,854.7891235351562,534.4547729492188,0.9994158744812012,626.036376953125,569.3521728515625,0.9259545207023621,597.121826171875,590.885009765625,0.9478085041046143,619.2393798828125,581.6266479492188,0.006330817937850952,665.8037109375,586.3104248046875,0.07538348436355591,675.8081665039062,568.3710327148438,0.3494349718093872,677.9075317382812,568.601318359375,0.015053600072860718,172.27346801757812,545.204833984375,0.022993266582489014,692.0912475585938,556.9072265625,0.12231263518333435,172.5222625732422,557.1376953125,0.005369782447814941
348,259.6188659667969,476.3237609863281,0.9999668598175049,205.15711975097656,468.72381591796875,0.9754773378372192,854.5934448242188,533.7047729492188,0.9989715814590454,626.973876953125,568.8867797851562,0.9140400886535645,597.3700561523438,590.9331665039062,0.9453500509262085,619.3375854492188,582.2495727539062,0.0084267258644104,666.2615356445312,586.3232421875,0.06481599807739258,676.1460571289062,568.4253540039062,0.3017636239528656,182.10415649414062,562.766357421875,0.018185943365097046,171.9796142578125,545.1531982421875,0.02279260754585266,692.459716796875,556.8817138671875,0.13026094436645508,172.52206420898438,557.1402587890625,0.004816532135009766
349,259.5976257324219,476.147216796875,0.9999701976776123,204.39984130859375,470.2411804199219,0.9811971187591553,175.75485229492188,553.8521728515625,0.9990204572677612,626.676025390625,568.6412963867188,0.9170540571212769,597.3089599609375,590.8464965820312,0.9527097940444946,619.2584228515625,581.9362182617188,0.007989734411239624,666.28564453125,586.2431030273438,0.06424212455749512,675.9580078125,568.2891235351562,0.48412930965423584,182.14083862304688,562.9082641601562,0.013084471225738525,172.0652618408203,545.06884765625,0.022142887115478516,693.1431884765625,556.9068603515625,0.1747746765613556,172.53085327148438,557.1292114257812,0.004678815603256226
350,259.7323303222656,476.2071533203125,0.9999651908874512,204.74163818359375,469.8601989746094,0.9795947074890137,854.6531372070312,534.441650390625,0.9992718696594238,626.109375,569.0986328125,0.9118649959564209,597.3876342773438,591.0836181640625,0.959592342376709,619.202880859375,582.0121459960938,0.008647114038467407,666.3291625976562,586.4205322265625,0.08138161897659302,675.540771484375,568.1398315429688,0.46880975365638733,182.3734130859375,563.0653076171875,0.01566651463508606,172.28343200683594,545.4852294921875,0.024263650178909302,692.822509765625,556.6885375976562,0.13014733791351318,172.7293701171875,557.2521362304688,0.005430817604064941
351,259.8433837890625,476.0234069824219,0.9999716877937317,204.81304931640625,468.2576599121094,0.9843863248825073,854.3341064453125,534.1084594726562,0.9994338750839233,626.4254760742188,569.4613647460938,0.8395359516143799,597.5404663085938,590.6968383789062,0.9004104137420654,618.9668579101562,582.27880859375,0.008413761854171753,666.0357666015625,586.6165771484375,0.05571556091308594,676.2503051757812,568.0586547851562,0.2886544466018677,182.1763153076172,562.9634399414062,0.017633885145187378,172.1975555419922,545.2380981445312,0.02516704797744751,692.5875854492188,556.8280029296875,0.11456814408302307,172.538818359375,557.2190551757812,0.00593721866607666
352,259.6612243652344,476.2071228027344,0.9999692440032959,204.76864624023438,468.77862548828125,0.9762554168701172,854.6054077148438,534.8035888671875,0.9995561242103577,626.162353515625,569.470947265625,0.8842259645462036,597.4706420898438,590.8887939453125,0.9241743087768555,619.0096435546875,582.013916015625,0.009380191564559937,666.0485229492188,586.8125,0.07348152995109558,676.9761962890625,567.6577758789062,0.3929966986179352,182.59739685058594,563.1726684570312,0.015732109546661377,172.25604248046875,545.4779663085938,0.024709612131118774,693.2141723632812,555.6758422851562,0.15508529543876648,172.72216796875,557.2440795898438,0.005472362041473389
353,259.5876770019531,476.3790588378906,0.9999701976776123,204.91806030273438,470.1098937988281,0.9750468730926514,854.540771484375,533.8822021484375,0.9992890954017639,626.4636840820312,569.4055786132812,0.9117801189422607,597.6083374023438,590.8096923828125,0.9370090961456299,619.1343994140625,581.7916259765625,0.007782578468322754,665.9071655273438,586.759765625,0.059400081634521484,676.682373046875,567.7167358398438,0.33271467685699463,182.38084411621094,563.1782836914062,0.01829707622528076,172.37359619140625,545.3475341796875,0.025639891624450684,693.2647094726562,555.5928955078125,0.15740898251533508,172.63497924804688,557.1591796875,0.005385667085647583
354,259.56365966796875,476.2590026855469,0.9999754428863525,204.78131103515625,470.7408142089844,0.978185772895813,854.3163452148438,534.1858520507812,0.9992822408676147,627.2365112304688,568.6119384765625,0.9131256341934204,597.9266967773438,590.9137573242188,0.9319784641265869,619.2692260742188,582.2888793945312,0.008357644081115723,665.9995727539062,586.7359008789062,0.056787073612213135,676.8565063476562,567.3697509765625,0.5489040613174438,182.22608947753906,563.0616455078125,0.01782900094985962,172.39085388183594,545.3394165039062,0.023100554943084717,693.9287109375,554.8212890625,0.10227560997009277,172.6041717529297,557.1470947265625,0.005288630723953247
355,259.8985595703125,476.2252502441406,0.9999731779098511,204.3490753173828,469.9739074707031,0.9792991876602173,854.2548217773438,534.5635986328125,0.9994315505027771,626.719970703125,568.8646850585938,0.9048134088516235,597.4698486328125,590.6962890625,0.9305729866027832,619.1075439453125,582.2733154296875,0.007757455110549927,666.5047607421875,586.2648315429688,0.0755164623260498,676.4451904296875,567.721435546875,0.5532427430152893,182.4149169921875,563.24462890625,0.016247212886810303,172.41009521484375,545.5608520507812,0.02493301033973694,693.8505859375,554.990234375,0.21900084614753723,172.6924591064453,557.2005004882812,0.005473911762237549
356,259.9813537597656,476.1442565917969,0.9999761581420898,205.05838012695312,471.219482421875,0.981171727180481,854.7279663085938,534.3406982421875,0.9993019104003906,626.0840454101562,568.9013061523438,0.9073855876922607,597.4599609375,590.6810302734375,0.8954557180404663,619.0674438476562,582.1006469726562,0.008791446685791016,665.7831420898438,586.4541015625,0.05493432283401489,676.7625122070312,567.648193359375,0.48662182688713074,678.2267456054688,568.4322509765625,0.01577097177505493,172.5837860107422,545.4627685546875,0.024279683828353882,692.662353515625,556.6302490234375,0.11814269423484802,172.69886779785156,557.2256469726562,0.005280256271362305
357,259.6928405761719,476.3785400390625,0.9999740123748779,204.451171875,471.6293640136719,0.9783228635787964,854.5069580078125,533.7898559570312,0.9992472529411316,626.2066650390625,568.8582153320312,0.8249914050102234,597.3858642578125,591.0203247070312,0.9253997802734375,618.928955078125,581.95654296875,0.009426623582839966,666.4092407226562,586.3643188476562,0.10148972272872925,676.965087890625,568.0894165039062,0.49486684799194336,182.54916381835938,563.3182373046875,0.014837056398391724,172.25784301757812,545.7742919921875,0.02515500783920288,693.1456298828125,555.8959350585938,0.13825398683547974,172.72409057617188,557.24169921875,0.005268603563308716
358,259.6018371582031,476.01336669921875,0.9999768137931824,204.1161346435547,470.652099609375,0.9499927163124084,854.9908447265625,533.9193725585938,0.9992263913154602,625.5628662109375,569.5589599609375,0.8792814612388611,597.7284545898438,591.180908203125,0.926368236541748,619.1195068359375,581.5322875976562,0.007925957441329956,665.9662475585938,586.638916015625,0.08072042465209961,676.5299072265625,567.99853515625,0.321105420589447,182.16651916503906,563.39501953125,0.014587223529815674,172.0986785888672,545.8218383789062,0.023896485567092896,692.1535034179688,556.7711181640625,0.11826321482658386,172.57455444335938,557.2119750976562,0.005314826965332031
359,259.5442199707031,476.3565979003906,0.999976396560669,205.00120544433594,471.311279296875,0.9795953631401062,854.419677734375,533.7994384765625,0.9992824196815491,625.791015625,569.267333984375,0.9333944320678711,597.3718872070312,590.9714965820312,0.9428589344024658,619.619873046875,581.8468017578125,0.008609205484390259,665.7105712890625,586.1987915039062,0.07769477367401123,676.716064453125,567.4881591796875,0.38836050033569336,182.49876403808594,563.3861083984375,0.01188039779663086,172.24652099609375,545.8662719726562,0.023858249187469482,692.5709228515625,556.1854248046875,0.16084223985671997,172.69851684570312,557.3268432617188,0.0049881041049957275
360,259.6920166015625,476.337158203125,0.9999759197235107,204.2964630126953,471.95086669921875,0.9776594638824463,854.3715209960938,534.2046508789062,0.9994768500328064,626.1026000976562,568.770263671875,0.8766154646873474,597.4302978515625,591.0809326171875,0.9182119369506836,618.8084716796875,581.6769409179688,0.008726507425308228,665.7536010742188,586.4306640625,0.08683452010154724,676.3380126953125,567.879638671875,0.4053040146827698,182.19515991210938,562.9761352539062,0.013337403535842896,172.0328826904297,545.7156982421875,0.021517783403396606,692.3734130859375,556.5398559570312,0.1903577744960785,172.5289306640625,557.132080078125,0.004994869232177734
361,259.7189636230469,476.26666259765625,0.9999772310256958,204.29888916015625,470.29583740234375,0.9825579524040222,854.7821655273438,534.3988037109375,0.9994537830352783,625.9454956054688,569.0118408203125,0.9213131070137024,597.3851318359375,590.9933471679688,0.945672869682312,619.321533203125,581.6278076171875,0.006889611482620239,665.7044677734375,586.4198608398438,0.05411568284034729,676.91357421875,567.5397338867188,0.4307936131954193,182.3942413330078,563.1742553710938,0.014099329710006714,172.330078125,545.863525390625,0.023102611303329468,693.4647827148438,555.3978271484375,0.23344135284423828,172.66505432128906,557.164306640625,0.005383610725402832
362,259.7025146484375,476.2838134765625,0.9999735355377197,204.56492614746094,469.8575134277344,0.9804927110671997,854.3062744140625,533.669677734375,0.9993364810943604,626.5315551757812,568.7005615234375,0.8726788759231567,597.4820556640625,590.7578125,0.9409786462783813,619.0881958007812,582.3438110351562,0.007986903190612793,665.343994140625,586.573486328125,0.09339737892150879,676.61328125,567.6502685546875,0.34950071573257446,182.39129638671875,563.1863403320312,0.013178318738937378,172.31443786621094,545.7899169921875,0.02431812882423401,692.69189453125,556.3837890625,0.1996038556098938,172.603271484375,557.3373413085938,0.005603104829788208
363,259.58087158203125,476.1497497558594,0.9999746084213257,205.08802795410156,469.8600158691406,0.9851976037025452,854.9779052734375,534.7383422851562,0.9992368221282959,626.28515625,569.3159790039062,0.7533130645751953,597.7597045898438,590.8469848632812,0.896000862121582,618.5820922851562,582.2898559570312,0.007333576679229736,665.2178955078125,587.0558471679688,0.05069270730018616,677.1126098632812,567.358642578125,0.29593247175216675,182.6103973388672,563.4913940429688,0.01543697714805603,172.4854736328125,546.0521850585938,0.024069666862487793,692.910888671875,555.8646850585938,0.10845193266868591,172.76097106933594,557.3202514648438,0.005797892808914185
364,259.6459045410156,476.59722900390625,0.9999735355377197,205.02761840820312,469.5106201171875,0.9719825983047485,854.8360595703125,534.0782470703125,0.9993306398391724,626.5557250976562,568.9658203125,0.893210768699646,597.434326171875,590.7310791015625,0.9321560859680176,618.9808349609375,582.5958862304688,0.009182780981063843,666.0107421875,586.1994018554688,0.05320584774017334,675.9139404296875,567.75048828125,0.47484874725341797,678.1093139648438,568.360595703125,0.015987128019332886,172.2110595703125,545.9962768554688,0.026226133108139038,693.3735961914062,555.3184814453125,0.12264952063560486,172.76608276367188,557.3389282226562,0.004942893981933594
365,259.7667236328125,476.4490966796875,0.9999735951423645,204.8452606201172,469.56494140625,0.9842818975448608,854.338623046875,533.4583740234375,0.9991143345832825,626.5187377929688,568.9739990234375,0.8727245926856995,597.7651977539062,590.7669067382812,0.9338301420211792,619.0449829101562,582.2926635742188,0.008067876100540161,665.207763671875,586.6060791015625,0.06358456611633301,677.1311645507812,566.9854125976562,0.4557783007621765,182.3706512451172,563.5602416992188,0.013616114854812622,171.9996337890625,545.977783203125,0.026257336139678955,693.5753784179688,555.0956420898438,0.1681835651397705,172.7255401611328,557.3745727539062,0.005042135715484619
366,259.7147521972656,476.5401916503906,0.9999748468399048,204.80665588378906,469.705322265625,0.9868366718292236,854.3475341796875,533.8033447265625,0.9994040727615356,626.3067626953125,568.9033813476562,0.8413444757461548,597.31005859375,590.924560546875,0.9399840831756592,619.1729125976562,582.0731201171875,0.009232699871063232,665.3612060546875,586.3734741210938,0.06714761257171631,676.165771484375,567.575927734375,0.20472049713134766,182.17034912109375,563.439697265625,0.014011114835739136,171.9175262451172,546.0135498046875,0.025111615657806396,691.830322265625,556.7205810546875,0.09607630968093872,172.66049194335938,557.2528076171875,0.005193978548049927
367,259.8349304199219,476.52783203125,0.999971866607666,205.185546875,469.88604736328125,0.9839475154876709,854.6510009765625,533.6434326171875,0.9993346333503723,626.2404174804688,569.1639404296875,0.8757467269897461,597.4305419921875,590.7249755859375,0.9589958786964417,619.0602416992188,582.0308837890625,0.008554279804229736,666.1914672851562,586.77880859375,0.07650533318519592,677.2606811523438,566.404296875,0.4362736940383911,182.5424346923828,563.710205078125,0.014439254999160767,172.18385314941406,546.2237548828125,0.028008878231048584,693.3966674804688,555.062255859375,0.18482783436775208,172.78245544433594,557.5023803710938,0.005435377359390259
368,259.3995666503906,476.58941650390625,0.9999761581420898,205.19873046875,470.3155212402344,0.9868425130844116,854.273193359375,532.8536987304688,0.9990189075469971,624.9177856445312,569.452880859375,0.7924530506134033,597.5769653320312,590.878173828125,0.941216230392456,618.86669921875,581.6455688476562,0.008168846368789673,666.5535888671875,586.544189453125,0.0531919002532959,676.3778076171875,567.67041015625,0.32006406784057617,182.45022583007812,563.5948486328125,0.012523949146270752,172.2621612548828,546.1046142578125,0.02656102180480957,692.66748046875,556.7239990234375,0.11870357394218445,172.84019470214844,557.4583129882812,0.005189657211303711
369,259.26068115234375,476.3912353515625,0.9999804496765137,204.11534118652344,469.40924072265625,0.9826095700263977,854.5910034179688,534.65087890625,0.9993911981582642,625.735107421875,568.58984375,0.9026083946228027,597.3309936523438,590.9739990234375,0.9549700021743774,619.1683349609375,581.96728515625,0.009982913732528687,666.1966552734375,586.487060546875,0.07205483317375183,677.0965576171875,566.9683227539062,0.4678817689418793,182.40631103515625,563.4386596679688,0.012574851512908936,172.20152282714844,546.0396118164062,0.02581620216369629,693.210205078125,555.4364013671875,0.13291525840759277,172.709228515625,557.34130859375,0.005458652973175049
370,259.1183166503906,476.5144348144531,0.9999768733978271,205.18679809570312,469.7088928222656,0.9848886728286743,854.7172241210938,534.49560546875,0.9994837045669556,626.3483276367188,569.0989379882812,0.8328693509101868,597.9218139648438,590.7823486328125,0.918927788734436,619.0101318359375,582.334716796875,0.007994681596755981,666.2206420898438,586.8534545898438,0.05127286911010742,677.1636352539062,567.4091796875,0.46051812171936035,182.41123962402344,563.5503540039062,0.013260573148727417,172.2799072265625,546.1881713867188,0.02379968762397766,693.4232177734375,555.6233520507812,0.13742485642433167,172.8015594482422,557.4398193359375,0.005124866962432861
371,259.52783203125,476.8287048339844,0.9999717473983765,204.8416290283203,468.9952697753906,0.9820556640625,854.5521240234375,533.7847900390625,0.9993541836738586,625.7102661132812,569.197021484375,0.8973536491394043,597.61865234375,590.8292236328125,0.8990160822868347,618.8037109375,581.6469116210938,0.008710920810699463,665.2730102539062,586.4708251953125,0.0688747763633728,675.926513671875,568.32373046875,0.2510426938533783,182.4508514404297,563.3770141601562,0.015335410833358765,172.46043395996094,545.7793579101562,0.025595039129257202,691.8682861328125,556.8225708007812,0.1364147961139679,172.7797088623047,557.3689575195312,0.005102783441543579
372,259.64215087890625,476.5237121582031,0.9999774694442749,204.9425048828125,468.9756164550781,0.9863137006759644,854.2354125976562,533.6683349609375,0.9994257688522339,625.819091796875,569.4363403320312,0.9018140435218811,597.4119873046875,590.8601684570312,0.9224790334701538,619.2426147460938,581.7466430664062,0.009147971868515015,665.9173583984375,586.578369140625,0.06913664937019348,675.7440185546875,568.31005859375,0.3339937627315521,182.43519592285156,563.3389282226562,0.013087272644042969,172.4001922607422,545.8220825195312,0.02562391757965088,692.6533203125,556.3204345703125,0.11441448330879211,172.78717041015625,557.2876586914062,0.004950612783432007
373,259.7394714355469,476.5323181152344,0.9999725818634033,204.6947784423828,469.51397705078125,0.9850757718086243,854.29443359375,533.935791015625,0.9994885325431824,625.4795532226562,569.250244140625,0.8708987236022949,597.91259765625,590.9935913085938,0.888680100440979,618.9052124023438,582.0584106445312,0.009554535150527954,666.6199340820312,586.6380615234375,0.05104169249534607,676.107666015625,567.869873046875,0.4181671142578125,182.0650634765625,563.4500732421875,0.012481927871704102,172.20692443847656,545.865478515625,0.02835404872894287,693.2190551757812,555.9855346679688,0.1896529495716095,172.66409301757812,557.3203735351562,0.005266934633255005
374,259.66302490234375,476.6015930175781,0.999976396560669,204.755615234375,468.7196960449219,0.9878401756286621,854.4618530273438,534.0730590820312,0.9994877576828003,625.6605834960938,569.3837890625,0.9083000421524048,597.1380615234375,590.7262573242188,0.9534298181533813,619.1033935546875,581.7103881835938,0.007086038589477539,666.2835083007812,586.666259765625,0.07847031950950623,675.68310546875,568.4253540039062,0.30731430649757385,182.22955322265625,563.1760864257812,0.012835860252380371,172.3647003173828,546.007080078125,0.02638062834739685,692.4442749023438,556.34521484375,0.17866116762161255,172.68849182128906,557.36865234375,0.005477160215377808
375,259.209716796875,476.5250549316406,0.9999762773513794,204.33349609375,468.81243896484375,0.9794222116470337,854.1364135742188,533.20947265625,0.9991313219070435,625.7657470703125,569.502197265625,0.8912672996520996,597.3139038085938,591.0784912109375,0.9532763957977295,619.190673828125,581.3028564453125,0.007027119398117065,665.6371459960938,586.8162231445312,0.09931939840316772,676.781982421875,567.4642944335938,0.2634419798851013,182.18760681152344,563.4393310546875,0.011566340923309326,172.2014617919922,546.0067749023438,0.02916702628135681,692.8756103515625,556.01123046875,0.14697983860969543,172.75576782226562,557.3712158203125,0.005341708660125732
376,259.370849609375,476.6180114746094,0.9999787211418152,204.63670349121094,469.2337341308594,0.9868142604827881,854.391845703125,533.9275512695312,0.999476432800293,626.1383666992188,569.1114501953125,0.8500449657440186,597.4852294921875,590.908203125,0.9467988014221191,618.6929321289062,582.113525390625,0.008081972599029541,665.4609375,586.2734375,0.0959637463092804,675.897705078125,567.9517822265625,0.29679450392723083,182.25698852539062,563.4013671875,0.013727366924285889,172.317626953125,545.72705078125,0.027086526155471802,691.9381713867188,557.2376708984375,0.13766825199127197,172.64877319335938,557.4697875976562,0.004974067211151123
377,259.28179931640625,476.6830139160156,0.9999801516532898,203.80184936523438,469.9217529296875,0.9792144298553467,854.436279296875,534.0064086914062,0.9993863105773926,625.4390869140625,569.7545166015625,0.7819685935974121,597.2688598632812,590.803466796875,0.9408673048019409,618.9505004882812,581.8558349609375,0.007247447967529297,665.4197998046875,586.8190307617188,0.050718724727630615,676.9805908203125,567.6209716796875,0.25286805629730225,182.08189392089844,563.5184936523438,0.011640667915344238,172.076171875,546.273193359375,0.025809496641159058,692.2661743164062,556.7628173828125,0.1056908667087555,172.6597900390625,557.5131225585938,0.005257129669189453
378,259.0485534667969,476.7442321777344,0.9999805688858032,203.5672607421875,471.2810974121094,0.9807606935501099,855.0399169921875,533.657958984375,0.9993038177490234,626.1722412109375,569.4172973632812,0.8427591323852539,597.6792602539062,590.8372802734375,0.9253789186477661,618.9262084960938,581.9363403320312,0.00695115327835083,665.1270751953125,586.5879516601562,0.09699690341949463,675.4949340820312,567.95751953125,0.11718305945396423,205.3622283935547,477.5761413574219,0.01094314455986023,172.4895782470703,546.7782592773438,0.023819267749786377,692.0261840820312,557.0906982421875,0.08420094847679138,172.7667236328125,557.5040893554688,0.005481421947479248
379,259.1087951660156,476.7006530761719,0.9999762773513794,203.99374389648438,470.7134704589844,0.9796292781829834,854.7691650390625,533.6500244140625,0.9993010759353638,626.2422485351562,569.1376342773438,0.8798856735229492,597.9215087890625,590.6077880859375,0.9132124185562134,619.004638671875,582.3736572265625,0.00823509693145752,665.4332275390625,586.2520751953125,0.05243951082229614,675.4539794921875,568.4002075195312,0.29500532150268555,678.10546875,568.2449340820312,0.015418261289596558,172.2912139892578,546.747802734375,0.02597135305404663,692.2980346679688,556.9002075195312,0.15486028790473938,172.77919006347656,557.5099487304688,0.005437731742858887
380,259.4519348144531,476.6744079589844,0.9999778270721436,204.4120330810547,470.5397033691406,0.9828553199768066,855.0720825195312,533.989501953125,0.9992966651916504,625.9963989257812,568.9532470703125,0.8665494918823242,596.8878784179688,590.6593627929688,0.9448299407958984,619.091064453125,581.8975219726562,0.008016079664230347,665.8623046875,586.831298828125,0.07975518703460693,676.2845458984375,568.0018920898438,0.28946641087532043,182.2230682373047,563.1112670898438,0.010936707258224487,172.45779418945312,546.5795288085938,0.02708536386489868,692.5960693359375,556.4197998046875,0.16122514009475708,172.72764587402344,557.4939575195312,0.0056418776512146
381,258.83001708984375,476.9642639160156,0.9999786615371704,204.2835693359375,470.3498840332031,0.9839512705802917,854.8468627929688,533.2274780273438,0.9992290139198303,625.9869995117188,569.3570556640625,0.8802242279052734,597.1965942382812,590.9617309570312,0.9500586986541748,619.128173828125,581.712890625,0.008007019758224487,665.0123291015625,586.549560546875,0.08977025747299194,675.98779296875,568.2179565429688,0.18559065461158752,182.19393920898438,563.2333374023438,0.013822048902511597,172.22836303710938,546.7391967773438,0.028694361448287964,692.58203125,557.4854125976562,0.1260749101638794,172.8414306640625,557.4885864257812,0.0056536197662353516
382,259.2615966796875,477.0119934082031,0.9999768137931824,204.6818389892578,469.8138122558594,0.9807689189910889,854.7780151367188,533.9010009765625,0.9993788003921509,626.1591796875,568.8214721679688,0.8836396932601929,597.5513916015625,590.7771606445312,0.9421980977058411,619.1377563476562,581.543212890625,0.007370859384536743,665.72314453125,586.6168823242188,0.06940436363220215,676.7227783203125,567.8789672851562,0.2697610557079315,181.8855743408203,563.3201293945312,0.013469725847244263,172.0232696533203,546.7593994140625,0.028634101152420044,692.779052734375,556.3775024414062,0.13535690307617188,172.8241424560547,557.5783081054688,0.00574067234992981
383,259.3143615722656,477.00421142578125,0.9999794363975525,204.13177490234375,469.94195556640625,0.984076976776123,854.5531005859375,534.123046875,0.9994579553604126,626.4014282226562,568.9528198242188,0.8837012648582458,597.599365234375,590.910400390625,0.950404167175293,619.2227783203125,582.2279052734375,0.008559823036193848,666.0805053710938,586.779541015625,0.07113659381866455,676.630859375,567.571533203125,0.33712708950042725,182.36541748046875,563.8067626953125,0.011775046586990356,172.1322021484375,546.6300048828125,0.02582719922065735,693.7190551757812,556.1287231445312,0.0975571870803833,172.7436981201172,557.48095703125,0.005883216857910156
384,259.3954772949219,477.0052795410156,0.9999746084213257,204.41091918945312,470.06646728515625,0.9858965873718262,854.7109375,532.9974365234375,0.9991133213043213,626.619384765625,568.75,0.8952329158782959,597.5055541992188,590.6552124023438,0.9352549314498901,619.1284790039062,581.9971313476562,0.009024053812026978,666.5482788085938,586.4887084960938,0.05412489175796509,676.5364990234375,567.732177734375,0.5682929158210754,678.3870239257812,568.3612670898438,0.015903621912002563,172.31797790527344,546.6326904296875,0.025985777378082275,692.6746215820312,556.7471923828125,0.19728681445121765,172.8429412841797,557.5172729492188,0.00596308708190918
385,258.9768371582031,477.1722717285156,0.9999792575836182,204.23117065429688,473.2130126953125,0.9816100597381592,854.0535888671875,533.4640502929688,0.9995824098587036,625.315673828125,568.8992309570312,0.8400470018386841,597.31884765625,590.774169921875,0.9383264780044556,618.9365844726562,581.3701782226562,0.009311527013778687,666.1248168945312,586.960693359375,0.09037080407142639,676.2730712890625,567.9219970703125,0.27919554710388184,182.22340393066406,563.5720825195312,0.01447385549545288,172.15328979492188,546.3607788085938,0.027950674295425415,692.3847045898438,557.0303344726562,0.15154558420181274,172.69143676757812,557.44384765625,0.0055428147315979
386,259.4674377441406,476.89068603515625,0.9999769330024719,204.54025268554688,471.4131164550781,0.9880537986755371,854.329833984375,533.5432739257812,0.9991400241851807,625.8056030273438,568.97705078125,0.8860410451889038,597.3115234375,591.0289916992188,0.9642797708511353,619.2544555664062,581.524658203125,0.007710874080657959,666.0927124023438,586.5465087890625,0.0754847526550293,675.8706665039062,568.503173828125,0.37413519620895386,182.32920837402344,563.9075927734375,0.010894536972045898,172.32139587402344,546.930908203125,0.031169086694717407,692.5231323242188,557.0780029296875,0.07720640301704407,172.7733154296875,557.5907592773438,0.0056164562702178955
387,259.04168701171875,476.9761962890625,0.9999759197235107,203.2313232421875,472.44989013671875,0.9658524990081787,854.304931640625,534.1295776367188,0.9994570016860962,625.5371704101562,569.3253173828125,0.8901904225349426,596.9953002929688,590.6787719726562,0.9477580785751343,619.0485229492188,581.4949340820312,0.009372502565383911,666.5604248046875,586.3497924804688,0.10531845688819885,675.4489135742188,568.712646484375,0.30906498432159424,677.592041015625,569.09814453125,0.01325768232345581,172.2108917236328,546.8432006835938,0.030046701431274414,692.1685180664062,556.7702026367188,0.17255592346191406,172.79588317871094,557.6231689453125,0.005608230829238892
388,259.1266174316406,477.00384521484375,0.9999785423278809,204.01812744140625,471.3324279785156,0.97913658618927,854.5049438476562,533.1763305664062,0.9992772936820984,625.8807983398438,568.696533203125,0.8878905177116394,597.5436401367188,590.6964111328125,0.9403038024902344,619.1538696289062,581.972412109375,0.007413119077682495,666.615234375,586.2401733398438,0.0676017701625824,675.8838500976562,568.352294921875,0.5134524703025818,677.8203125,568.7667846679688,0.012834936380386353,171.87396240234375,546.5645141601562,0.026075363159179688,692.7254638671875,556.1145629882812,0.0867224931716919,172.6570587158203,557.531982421875,0.005279988050460815
389,258.8960876464844,477.1986083984375,0.9999804496765137,203.9501953125,471.7316589355469,0.9794149398803711,854.5635375976562,533.9473876953125,0.9993135333061218,625.9352416992188,569.1731567382812,0.7660494446754456,597.3082275390625,591.0440063476562,0.9387654066085815,618.9984130859375,582.2298583984375,0.00744202733039856,665.89697265625,586.4920654296875,0.08568128943443298,676.3727416992188,567.8048095703125,0.2099166214466095,182.2633056640625,563.7840576171875,0.011804968118667603,172.1551055908203,546.9340209960938,0.026342660188674927,692.0570678710938,556.7792358398438,0.16396963596343994,172.73448181152344,557.52490234375,0.005829960107803345
390,258.8398132324219,477.2445373535156,0.9999779462814331,204.36746215820312,471.66949462890625,0.9778579473495483,854.1390991210938,533.9267578125,0.9992380738258362,626.4086303710938,569.043212890625,0.9098513126373291,597.4884033203125,590.5564575195312,0.9419677257537842,619.0095825195312,581.9862670898438,0.0076864659786224365,666.0090942382812,586.1985473632812,0.07056215405464172,676.16748046875,568.5133666992188,0.32294055819511414,678.2750244140625,568.5512084960938,0.012216746807098389,172.02273559570312,546.8042602539062,0.028569281101226807,693.0638427734375,556.3168334960938,0.09736335277557373,172.7471466064453,557.512451171875,0.005776524543762207
391,259.10205078125,477.1376037597656,0.9999787211418152,204.18338012695312,470.2046203613281,0.982923150062561,854.1998291015625,533.2163696289062,0.9992415904998779,625.8543701171875,568.9044189453125,0.8853340744972229,597.335205078125,590.5585327148438,0.9385285377502441,618.9843139648438,581.42431640625,0.008467614650726318,665.8663330078125,586.316650390625,0.0692802369594574,675.7874145507812,568.4520874023438,0.45462173223495483,677.5780029296875,568.9882202148438,0.014644712209701538,172.39979553222656,547.1808471679688,0.02518954873085022,692.5458374023438,557.3067016601562,0.08701279759407043,172.76380920410156,557.5645751953125,0.0059195756912231445
392,258.9915466308594,477.0142517089844,0.9999797344207764,204.6119384765625,472.31451416015625,0.9825561046600342,854.5767822265625,533.5436401367188,0.9991928339004517,625.80419921875,569.2619018554688,0.9062311053276062,597.3837280273438,590.8191528320312,0.9478326439857483,619.1153564453125,581.8086547851562,0.008884727954864502,666.0178833007812,586.1246948242188,0.061589598655700684,675.2974243164062,568.5025024414062,0.2775440216064453,205.48585510253906,477.63031005859375,0.01055455207824707,171.9235076904297,546.3815307617188,0.021840035915374756,692.0546875,556.7394409179688,0.14717671275138855,172.572265625,557.4871215820312,0.0049397945404052734
393,259.09771728515625,476.88873291015625,0.9999773502349854,204.93983459472656,471.1932067871094,0.984335720539093,854.725341796875,533.4879760742188,0.9988956451416016,626.277587890625,569.1550903320312,0.8469837307929993,597.4778442382812,590.7630004882812,0.9314556121826172,618.883544921875,582.2796020507812,0.009598255157470703,666.1296997070312,586.7769775390625,0.07900598645210266,676.7711181640625,567.5386962890625,0.33705848455429077,182.0388946533203,563.629150390625,0.010501980781555176,171.8953094482422,546.4390258789062,0.02439802885055542,693.44580078125,555.6034545898438,0.21386399865150452,618.3456420898438,588.157958984375,0.005135476589202881
394,258.9358215332031,477.1012878417969,0.9999788999557495,204.9924774169922,472.2702331542969,0.9844943881034851,854.182861328125,533.0357666015625,0.9991637468338013,626.2989501953125,568.911865234375,0.8323544263839722,597.3123168945312,590.6453857421875,0.9435492753982544,618.9022216796875,581.9163818359375,0.007452279329299927,666.0415649414062,586.4706420898438,0.07881054282188416,676.1546020507812,568.2401733398438,0.47856593132019043,678.3977661132812,568.5166625976562,0.0126875638961792,171.910888671875,546.7529296875,0.02495083212852478,692.88134765625,556.3094482421875,0.1798429787158966,172.74191284179688,557.546630859375,0.005308747291564941
395,258.852783203125,477.19866943359375,0.9999765157699585,204.97705078125,471.2536315917969,0.9861565828323364,854.6409301757812,533.5119018554688,0.9991434812545776,626.0833129882812,569.1618041992188,0.8215044140815735,597.5774536132812,590.6503295898438,0.9034038186073303,618.8043823242188,582.0482788085938,0.009544342756271362,665.9276733398438,586.2366333007812,0.12553223967552185,675.43310546875,569.006591796875,0.1586470603942871,181.75811767578125,563.8009033203125,0.012125253677368164,171.76657104492188,546.8223266601562,0.023068934679031372,692.1965942382812,557.5413818359375,0.1357574760913849,172.71604919433594,557.4741821289062,0.005210131406784058
396,258.76641845703125,477.27044677734375,0.9999809861183167,204.25990295410156,472.244384765625,0.9835048317909241,853.8585815429688,533.1578369140625,0.99930739402771,625.8194580078125,569.3330688476562,0.9039746522903442,597.15283203125,590.6311645507812,0.9483620524406433,619.0018310546875,581.9719848632812,0.009823858737945557,666.044189453125,586.5140991210938,0.0989677906036377,676.4212036132812,567.5869140625,0.3427886962890625,205.4491424560547,477.97515869140625,0.01205405592918396,171.80601501464844,546.87890625,0.02286982536315918,692.7146606445312,556.862548828125,0.17556676268577576,172.6559600830078,557.4714965820312,0.005543768405914307
397,258.7356872558594,477.2718811035156,0.9999794960021973,204.3633575439453,471.0585632324219,0.9892988204956055,854.5411987304688,533.5895385742188,0.9994449615478516,626.5641479492188,569.3653564453125,0.8411087989807129,597.2994384765625,590.5746459960938,0.9370837211608887,618.9407958984375,582.3031616210938,0.008899986743927002,665.5088500976562,587.1170654296875,0.059837132692337036,676.7842407226562,567.4012451171875,0.20846357941627502,205.8944854736328,477.2832336425781,0.011087357997894287,171.7262420654297,546.37060546875,0.02291533350944519,693.0289306640625,556.1660766601562,0.10933580994606018,172.65618896484375,557.4591674804688,0.00487905740737915
398,259.0445251464844,477.2436218261719,0.9999793767929077,205.21778869628906,472.2045593261719,0.985694408416748,854.3054809570312,533.3458251953125,0.9994258284568787,627.0084228515625,569.0728759765625,0.820305585861206,597.6727294921875,590.558349609375,0.9368918538093567,618.8694458007812,582.6096801757812,0.009759962558746338,666.1279907226562,586.968994140625,0.07155495882034302,676.085693359375,567.9005126953125,0.3417355418205261,182.13272094726562,563.9677734375,0.010787755250930786,171.81260681152344,546.8722534179688,0.02302899956703186,692.3509521484375,557.4866943359375,0.12875601649284363,618.3757934570312,588.1527709960938,0.005456984043121338
399,258.6763916015625,477.4253845214844,0.9999811053276062,204.45440673828125,469.9821472167969,0.9786741733551025,854.28857421875,533.4320678710938,0.9993507862091064,626.0625610351562,569.7439575195312,0.8879861831665039,597.1380615234375,590.8004150390625,0.954265832901001,618.9640502929688,581.5717163085938,0.00832471251487732,665.6515502929688,586.7110595703125,0.08081063628196716,675.9541015625,567.9365234375,0.16858017444610596,182.18524169921875,563.8623657226562,0.010837465524673462,171.91468811035156,547.2132568359375,0.0253618061542511,692.6913452148438,556.0061645507812,0.23852971196174622,172.64846801757812,557.5938720703125,0.006296813488006592
400,258.35528564453125,477.5413818359375,0.9999781847000122,203.34588623046875,472.7619323730469,0.9794352054595947,855.0432739257812,533.2910766601562,0.9992551803588867,626.1053466796875,569.1112670898438,0.8623024225234985,597.3651733398438,590.7625732421875,0.9388488531112671,619.146728515625,581.87060546875,0.008818566799163818,666.5559692382812,586.591796875,0.06583771109580994,676.0040893554688,568.0725708007812,0.47891736030578613,205.32540893554688,478.1716613769531,0.011669248342514038,171.95323181152344,547.4285888671875,0.024177342653274536,692.7774047851562,555.8805541992188,0.20813828706741333,172.7967529296875,557.6033325195312,0.005993485450744629
401,258.5846252441406,477.48748779296875,0.9999799728393555,203.79058837890625,472.20794677734375,0.9794833660125732,854.1905517578125,533.8176879882812,0.9993945360183716,625.9078979492188,569.3810424804688,0.8236713409423828,597.2493896484375,590.7566528320312,0.9407699704170227,618.7941284179688,581.6594848632812,0.008483052253723145,666.2698974609375,586.82177734375,0.06325346231460571,676.373779296875,567.9676513671875,0.20101457834243774,182.11622619628906,563.7483520507812,0.013815611600875854,171.62399291992188,546.9808959960938,0.025745660066604614,692.7659912109375,556.6611328125,0.09306749701499939,172.62767028808594,557.5836181640625,0.005820363759994507
402,258.8533020019531,477.48870849609375,0.9999783039093018,204.56964111328125,470.59320068359375,0.9813105463981628,854.58642578125,533.358642578125,0.9990572929382324,626.4636840820312,569.4942016601562,0.894953727722168,597.6389770507812,590.9215698242188,0.9454702138900757,619.1810302734375,582.1640625,0.008604437112808228,666.2046508789062,586.8062133789062,0.056368470191955566,676.8692016601562,567.3042602539062,0.2580605149269104,181.49525451660156,563.3190307617188,0.01382976770401001,171.81227111816406,547.260986328125,0.026087254285812378,693.0459594726562,556.0901489257812,0.08010426163673401,172.7625732421875,557.6846923828125,0.0057630836963653564
403,258.6553955078125,477.5148620605469,0.9999777674674988,204.6129913330078,471.8809509277344,0.98028963804245,854.3921508789062,533.7279052734375,0.9993808269500732,625.8504028320312,569.5126953125,0.882219135761261,597.4447021484375,590.7958374023438,0.9332438707351685,618.63720703125,582.0238647460938,0.009836286306381226,665.7174682617188,586.4212036132812,0.0618152916431427,676.0308837890625,567.813720703125,0.24142712354660034,181.67874145507812,563.4151611328125,0.016033679246902466,171.8272705078125,547.1781616210938,0.02754080295562744,692.7481079101562,556.4376831054688,0.17026811838150024,172.76913452148438,557.6414184570312,0.005901157855987549
404,258.63818359375,477.38702392578125,0.9999759793281555,202.97439575195312,472.8050842285156,0.9561554193496704,854.2311401367188,533.1882934570312,0.9993828535079956,626.6477661132812,569.1783447265625,0.8726364374160767,597.607666015625,590.790771484375,0.9385498762130737,619.062744140625,582.0499267578125,0.007679611444473267,664.997802734375,586.2611083984375,0.08178690075874329,675.5087280273438,568.5938110351562,0.16706186532974243,181.89547729492188,563.2838745117188,0.013625919818878174,171.62442016601562,547.4639282226562,0.026570379734039307,692.0756225585938,557.5374755859375,0.16917851567268372,172.67550659179688,557.6620483398438,0.005986034870147705
405,258.7819519042969,477.5470886230469,0.999980092048645,203.02822875976562,472.4862976074219,0.9768087863922119,854.4667358398438,533.1251831054688,0.9994831085205078,626.4431762695312,569.268310546875,0.833604633808136,597.3954467773438,590.80859375,0.9433597326278687,618.8247680664062,581.982421875,0.009924083948135376,665.1890258789062,586.9150390625,0.07131746411323547,676.5275268554688,567.380859375,0.19310042262077332,181.9576873779297,564.0342407226562,0.011570632457733154,171.39305114746094,547.1084594726562,0.019183218479156494,692.7880859375,556.6220092773438,0.1035807728767395,618.30615234375,588.0248413085938,0.0052223801612854
406,258.3250732421875,477.64361572265625,0.9999778270721436,204.4651641845703,472.245361328125,0.9838979244232178,854.6046142578125,533.0582275390625,0.9992408156394958,626.32421875,569.0877685546875,0.8872078657150269,597.1913452148438,590.4710083007812,0.9367169141769409,619.0704956054688,581.7219848632812,0.009486883878707886,666.0615844726562,586.6268920898438,0.060700803995132446,676.9086303710938,567.4767456054688,0.37152576446533203,205.76039123535156,477.6751403808594,0.012634307146072388,171.9221649169922,547.5064086914062,0.025549739599227905,693.5548706054688,555.5836181640625,0.14833056926727295,172.69302368164062,557.6644897460938,0.005701035261154175
407,258.6546936035156,477.56695556640625,0.9999806880950928,204.11817932128906,471.9584655761719,0.987450361251831,853.9281616210938,532.85986328125,0.9992637634277344,626.1834716796875,569.1947021484375,0.9065790772438049,597.43017578125,590.513427734375,0.9449306726455688,619.375732421875,582.0374755859375,0.010537147521972656,665.2178955078125,586.2881469726562,0.08753067255020142,676.5510864257812,568.0253295898438,0.2735899090766907,205.55299377441406,477.6705017089844,0.0137176513671875,171.97726440429688,547.3457641601562,0.025504887104034424,692.7098999023438,556.5820922851562,0.12003529071807861,172.7672119140625,557.664306640625,0.005896925926208496
408,258.4921569824219,477.4010925292969,0.9999829530715942,204.19052124023438,471.6523132324219,0.989201545715332,854.6820068359375,533.59033203125,0.9993768930435181,626.0032348632812,569.3209228515625,0.9096243381500244,597.0014038085938,590.7346801757812,0.9638425707817078,619.3355102539062,581.8253784179688,0.01120823621749878,666.4645385742188,586.4552612304688,0.07954391837120056,676.2315063476562,567.9332275390625,0.3415846824645996,205.34759521484375,477.7376403808594,0.011767357587814331,171.768798828125,547.477294921875,0.024480968713760376,692.7738647460938,556.7183837890625,0.10161715745925903,618.2884521484375,588.12109375,0.005356550216674805
409,258.5558776855469,477.5533142089844,0.9999819993972778,204.25584411621094,472.6434631347656,0.9747487306594849,854.6978149414062,533.69482421875,0.9992474913597107,626.1162719726562,569.459716796875,0.8931931257247925,597.583251953125,590.6722412109375,0.9516493082046509,619.1952514648438,582.0235595703125,0.00884944200515747,666.63525390625,586.35546875,0.07033732533454895,675.9367065429688,568.297607421875,0.3139611482620239,181.63551330566406,563.6671142578125,0.01169121265411377,171.56393432617188,546.666748046875,0.023210376501083374,692.8714599609375,556.1446533203125,0.14061352610588074,172.6113739013672,557.4495239257812,0.005268067121505737
410,258.58819580078125,477.4747619628906,0.9999813437461853,203.0071258544922,473.7420654296875,0.9808058738708496,854.5264892578125,533.4751586914062,0.9994454383850098,625.3796997070312,569.4262084960938,0.8798131942749023,597.571044921875,590.8203735351562,0.928691565990448,618.9010009765625,581.5440673828125,0.009999960660934448,665.2528686523438,586.3614501953125,0.059386879205703735,675.6407470703125,568.0820922851562,0.160562664270401,181.6077423095703,563.7103271484375,0.01199263334274292,171.73995971679688,547.6065063476562,0.0271359384059906,692.3455810546875,556.9288330078125,0.0769171416759491,172.88555908203125,557.8710327148438,0.005712628364562988
411,258.5552673339844,477.5641174316406,0.9999808073043823,204.38954162597656,472.23974609375,0.9876177310943604,854.3963012695312,533.5731201171875,0.9993417263031006,626.44287109375,568.6958618164062,0.8878163695335388,597.7332763671875,590.4877319335938,0.9164255261421204,618.997314453125,581.7806396484375,0.011317580938339233,665.4203491210938,586.1306762695312,0.10413780808448792,675.8174438476562,567.9351196289062,0.45337003469467163,677.642822265625,568.5181274414062,0.013839006423950195,171.35316467285156,547.0104370117188,0.022747188806533813,692.833984375,556.7972412109375,0.1585615575313568,618.1826171875,588.031005859375,0.005423754453659058
412,258.6116638183594,477.5851135253906,0.9999808073043823,204.71826171875,472.060791015625,0.989264965057373,854.1653442382812,533.2363891601562,0.9993365406990051,626.3395385742188,568.9644165039062,0.7807894945144653,597.6409912109375,590.5559692382812,0.9196569919586182,618.8461303710938,582.26171875,0.008399516344070435,665.90966796875,586.4481811523438,0.12299549579620361,675.90087890625,568.565673828125,0.15455934405326843,205.8909912109375,477.7685546875,0.011284738779067993,171.79090881347656,546.9490356445312,0.02231311798095703,692.1342163085938,556.97802734375,0.1634216010570526,172.69403076171875,557.6449584960938,0.005081385374069214
413,258.57452392578125,477.5243835449219,0.999980092048645,204.2151641845703,471.8953552246094,0.9715055227279663,854.4135131835938,532.99951171875,0.999436616897583,625.5244140625,570.0037841796875,0.7921805381774902,597.6223754882812,590.728515625,0.8664674162864685,618.3778686523438,582.2848510742188,0.009821146726608276,665.5413818359375,586.61572265625,0.06807160377502441,675.10009765625,568.7279663085938,0.13300901651382446,182.15628051757812,563.8453369140625,0.01225268840789795,171.7693634033203,547.03515625,0.023055315017700195,691.6228637695312,557.48388671875,0.1534072756767273,172.57081604003906,557.6189575195312,0.005438864231109619
414,258.7348327636719,477.6156311035156,0.9999818801879883,204.57821655273438,471.6676025390625,0.9787775278091431,854.5814819335938,533.932861328125,0.9992233514785767,626.0191040039062,569.4656982421875,0.803226113319397,597.5823974609375,590.7391357421875,0.9238035678863525,618.9019775390625,582.0458374023438,0.007306486368179321,665.9727172851562,586.600341796875,0.094798743724823,675.42919921875,568.7412719726562,0.25847548246383667,181.82676696777344,563.4773559570312,0.01402372121810913,172.17312622070312,547.2037353515625,0.02875053882598877,692.52392578125,557.0328369140625,0.18189367651939392,172.81414794921875,557.7152099609375,0.006107836961746216
415,258.5292663574219,477.75048828125,0.999976396560669,204.6473388671875,471.7713317871094,0.9808303117752075,854.8551635742188,533.1682739257812,0.99946129322052,626.1541137695312,569.2317504882812,0.845994770526886,597.4453735351562,590.5386352539062,0.9075844287872314,618.9073486328125,581.8694458007812,0.00969076156616211,665.3621215820312,586.6638793945312,0.10643932223320007,675.9612426757812,567.9636840820312,0.3023326098918915,205.97198486328125,477.22216796875,0.010539591312408447,171.53091430664062,546.8206176757812,0.02269601821899414,692.3777465820312,556.4915771484375,0.14062300324440002,618.5125122070312,588.1032104492188,0.0050972700119018555
416,258.5507507324219,477.6214904785156,0.9999794960021973,202.59890747070312,472.7008361816406,0.9682354927062988,854.4025268554688,533.7318725585938,0.9994984269142151,626.0302124023438,569.7674560546875,0.77214515209198,597.7885131835938,590.7720947265625,0.9104629755020142,618.7185668945312,582.5073852539062,0.008180737495422363,664.7099609375,586.884765625,0.07326596975326538,676.1060791015625,568.0435180664062,0.14617857336997986,182.15272521972656,564.1133422851562,0.00935441255569458,171.68142700195312,547.217041015625,0.024154633283615112,692.0135498046875,557.1332397460938,0.11812019348144531,172.64244079589844,557.7145385742188,0.005654036998748779
417,258.5311584472656,477.6388854980469,0.9999791383743286,203.99728393554688,472.35626220703125,0.9763730764389038,854.5040893554688,533.413818359375,0.9994596242904663,626.11962890625,568.6980590820312,0.7597178816795349,597.5751953125,590.759765625,0.9260833263397217,618.9071044921875,582.0601806640625,0.007912307977676392,665.7838134765625,586.80224609375,0.07577964663505554,676.4111328125,568.0452880859375,0.2718654274940491,182.2430419921875,563.9801025390625,0.010607272386550903,171.83154296875,547.0492553710938,0.0257013738155365,692.6234741210938,556.035888671875,0.15756720304489136,172.7124786376953,557.6776733398438,0.006012558937072754
418,258.3665466308594,477.78289794921875,0.9999804496765137,203.52049255371094,472.18365478515625,0.9678272008895874,855.210205078125,533.868896484375,0.998991847038269,626.1124877929688,568.9453735351562,0.9015860557556152,597.1353149414062,590.6690063476562,0.940399169921875,619.1438598632812,582.0753173828125,0.008948266506195068,665.7485961914062,586.3157958984375,0.0927920937538147,676.1689453125,567.790771484375,0.2852298319339752,182.1755828857422,564.1297607421875,0.008438408374786377,171.87510681152344,547.4274291992188,0.021664321422576904,692.7577514648438,556.132080078125,0.1064484715461731,172.7052764892578,557.6536254882812,0.005849957466125488
419,258.5359191894531,477.7759704589844,0.9999792575836182,203.85472106933594,472.27496337890625,0.9727201461791992,855.315185546875,534.0560302734375,0.9992360472679138,625.9470825195312,569.5172119140625,0.8684878349304199,597.1900634765625,590.7860717773438,0.9548325538635254,619.1472778320312,581.5611572265625,0.008132487535476685,666.1226196289062,586.595947265625,0.1112138032913208,675.5120239257812,568.479736328125,0.19820216298103333,182.17193603515625,564.0142211914062,0.007847189903259277,171.77439880371094,547.1431884765625,0.023043572902679443,692.69384765625,556.5578002929688,0.18279412388801575,172.73594665527344,557.6651000976562,0.005300432443618774
420,258.5301208496094,477.4492492675781,0.9999796152114868,202.58651733398438,472.64520263671875,0.9756784439086914,854.8051147460938,533.2616577148438,0.9992088079452515,626.38720703125,569.1796264648438,0.8301032781600952,597.7046508789062,590.7662963867188,0.930479109287262,619.0172729492188,582.116455078125,0.00795629620552063,666.2597045898438,586.8118286132812,0.05743047595024109,676.71875,567.7005004882812,0.2587917447090149,181.46090698242188,563.431640625,0.013280332088470459,171.89071655273438,547.0574951171875,0.023932933807373047,692.8592529296875,556.461181640625,0.0858248770236969,172.67050170898438,557.7144165039062,0.005192816257476807
421,258.5220642089844,477.4606018066406,0.9999793171882629,203.4109344482422,471.48876953125,0.9634895324707031,855.2100219726562,533.6073608398438,0.9991638660430908,626.5177001953125,569.172607421875,0.8946278095245361,597.5653076171875,590.7742919921875,0.9429357647895813,619.2603149414062,581.999267578125,0.008347183465957642,665.888671875,586.2341918945312,0.07670173048973083,675.322998046875,568.232666015625,0.3664235472679138,181.61619567871094,563.4146118164062,0.013823360204696655,171.82211303710938,547.3012084960938,0.021927684545516968,692.0845947265625,557.242431640625,0.17207276821136475,172.65895080566406,557.6694946289062,0.005181312561035156
422,258.2886657714844,477.5712585449219,0.999980092048645,203.69662475585938,472.10675048828125,0.9755852222442627,854.5122680664062,533.4988403320312,0.9993768930435181,625.84912109375,569.8638916015625,0.8931132555007935,597.5343017578125,590.837158203125,0.9386928677558899,619.0292358398438,582.1580200195312,0.009060174226760864,666.2382202148438,587.0044555664062,0.0526411235332489,676.0923461914062,568.021728515625,0.3288988769054413,181.53733825683594,563.5138549804688,0.010746151208877563,171.74423217773438,547.5618286132812,0.024331003427505493,692.4961547851562,556.8074951171875,0.11050364375114441,172.74151611328125,557.6064453125,0.005503803491592407
423,258.2975158691406,477.5898132324219,0.9999811053276062,203.0560760498047,472.5982360839844,0.9745156764984131,854.5652465820312,533.813232421875,0.9993311166763306,626.5650024414062,569.4479370117188,0.8794798851013184,597.557861328125,590.8447265625,0.9271494150161743,619.035888671875,581.774169921875,0.009436994791030884,665.5596313476562,586.21337890625,0.06572002172470093,675.9033203125,568.3178100585938,0.27817970514297485,181.6849822998047,563.454833984375,0.009574532508850098,171.9434356689453,547.2976684570312,0.022134244441986084,692.038818359375,557.202880859375,0.08726859092712402,172.6324005126953,557.5360717773438,0.005335748195648193
424,258.40277099609375,477.58111572265625,0.9999833106994629,204.10218811035156,472.00274658203125,0.9813046455383301,854.1376342773438,533.6355590820312,0.9993805885314941,626.17236328125,569.4751586914062,0.9058680534362793,597.688720703125,590.6256713867188,0.9205053448677063,619.10986328125,581.6886596679688,0.010961771011352539,666.164306640625,586.6729125976562,0.0614190399646759,676.5821533203125,567.7178955078125,0.41822704672813416,205.48287963867188,477.736572265625,0.011175483465194702,171.50169372558594,547.0553588867188,0.02210274338722229,693.1142578125,556.3200073242188,0.14581742882728577,618.3195190429688,588.0742797851562,0.005174696445465088
425,258.5599060058594,477.50897216796875,0.9999791383743286,204.02310180664062,471.7747497558594,0.9834343194961548,854.7236328125,533.7609252929688,0.9993278980255127,625.8162231445312,569.42919921875,0.85630863904953,597.4295654296875,590.5032958984375,0.9067782759666443,618.9163208007812,581.991455078125,0.008517593145370483,665.8164672851562,586.4814453125,0.05728781223297119,676.125,567.7012939453125,0.32590076327323914,205.47512817382812,477.4552001953125,0.010160386562347412,171.43360900878906,547.4603881835938,0.020937979221343994,692.7014770507812,556.1539306640625,0.15754899382591248,172.5501708984375,557.6672973632812,0.005063802003860474
426,258.51580810546875,477.7142639160156,0.9999785423278809,203.54373168945312,472.8403015136719,0.9749106168746948,854.5932006835938,533.7299194335938,0.999083399772644,626.299560546875,569.165283203125,0.8352500200271606,597.677001953125,590.4550170898438,0.91221022605896,618.7552490234375,582.2474975585938,0.009465456008911133,666.0435791015625,586.7694091796875,0.05801975727081299,676.246337890625,568.2552490234375,0.31907615065574646,678.2650756835938,568.795166015625,0.008177638053894043,171.9977264404297,547.3895263671875,0.023366659879684448,692.6199340820312,556.9383544921875,0.09564724564552307,172.6778106689453,557.6798706054688,0.0054638683795928955
427,258.32470703125,477.8340148925781,0.9999785423278809,204.3730926513672,471.90484619140625,0.9832066297531128,854.8169555664062,533.4501342773438,0.9994170665740967,626.0525512695312,568.9225463867188,0.8787022829055786,597.4111938476562,590.65283203125,0.925038754940033,618.994384765625,581.7792358398438,0.009165078401565552,666.245849609375,586.28125,0.059324413537979126,676.2221069335938,568.02001953125,0.5325468182563782,181.42564392089844,563.258056640625,0.012855857610702515,171.56594848632812,547.2792358398438,0.025970041751861572,692.8883056640625,556.53857421875,0.08242055773735046,172.61148071289062,557.6674194335938,0.005163311958312988
428,258.4001770019531,477.9071044921875,0.9999785423278809,202.52935791015625,472.45977783203125,0.9809876084327698,854.6709594726562,533.2335205078125,0.99927818775177,625.68603515625,569.27490234375,0.8952122926712036,598.044921875,590.6793212890625,0.895746648311615,618.9708862304688,581.888671875,0.010469973087310791,666.0230102539062,586.9847412109375,0.06751954555511475,676.393310546875,567.0784912109375,0.5078195333480835,204.72227478027344,478.135009765625,0.013099968433380127,171.76998901367188,547.186767578125,0.025090396404266357,693.6835327148438,555.2484130859375,0.13477516174316406,172.5906219482422,557.4880981445312,0.005498766899108887
429,258.23968505859375,477.81396484375,0.99997878074646,203.02273559570312,472.26043701171875,0.9755961894989014,854.4841918945312,533.3322143554688,0.9992582201957703,626.5407104492188,569.5675048828125,0.9057020545005798,597.4898071289062,590.71533203125,0.9411518573760986,619.0643920898438,582.1426391601562,0.009032666683197021,666.0476684570312,586.4418334960938,0.07549101114273071,675.1879272460938,568.2633666992188,0.23498600721359253,205.1400909423828,477.9657897949219,0.012192130088806152,171.66444396972656,547.3567504882812,0.026068419218063354,691.6740112304688,557.3937377929688,0.10725650191307068,172.62403869628906,557.552001953125,0.00558018684387207
430,258.3280944824219,477.66998291015625,0.9999778270721436,203.98492431640625,471.75665283203125,0.9685341119766235,854.2381591796875,533.351318359375,0.999491274356842,625.4662475585938,569.299560546875,0.9063945412635803,597.4031982421875,590.6264038085938,0.9148763418197632,618.9594116210938,580.982666015625,0.01049456000328064,666.2693481445312,586.2252197265625,0.056129634380340576,676.09521484375,568.0706176757812,0.5120072960853577,677.789306640625,568.7485961914062,0.01351657509803772,171.73081970214844,547.3709106445312,0.025843650102615356,693.3385620117188,556.2796020507812,0.077426016330719,172.63491821289062,557.586181640625,0.005851119756698608
431,258.1709289550781,477.7956237792969,0.9999797344207764,203.17605590820312,472.5384521484375,0.9759904742240906,853.654296875,533.0350341796875,0.9991923570632935,625.4335327148438,569.663818359375,0.8742126226425171,597.5123901367188,590.7250366210938,0.9244403839111328,619.02197265625,581.5307006835938,0.010066211223602295,666.665771484375,586.4698486328125,0.04303479194641113,676.0767211914062,567.7195434570312,0.3665761351585388,205.29550170898438,477.9640197753906,0.011466920375823975,171.70172119140625,547.7064208984375,0.026762306690216064,692.9367065429688,556.1241455078125,0.07752189040184021,172.72889709472656,557.6369018554688,0.005950868129730225
432,258.4027404785156,477.9299621582031,0.9999784231185913,203.19723510742188,471.84161376953125,0.9711441993713379,854.1304321289062,533.4331665039062,0.9993451833724976,626.0928344726562,569.4634399414062,0.8917388916015625,597.3857421875,590.6704711914062,0.9278488159179688,618.9963989257812,581.9217529296875,0.01135215163230896,666.0134887695312,585.9308471679688,0.0575539767742157,675.3226318359375,569.0985717773438,0.3386014699935913,205.47763061523438,477.7619934082031,0.012257486581802368,172.02536010742188,547.43017578125,0.0235501229763031,693.4024047851562,555.9931030273438,0.21793559193611145,172.717529296875,557.54833984375,0.006045103073120117
433,258.3917541503906,478.0370788574219,0.9999803304672241,203.75477600097656,472.7596435546875,0.9776439666748047,854.417236328125,533.1087646484375,0.9993450045585632,625.6072387695312,569.3680419921875,0.8689463138580322,597.5794067382812,590.6409912109375,0.9180268049240112,618.8551635742188,582.0672607421875,0.009622544050216675,665.51025390625,586.2484130859375,0.0920364260673523,675.4501342773438,568.4583740234375,0.14973077178001404,182.05880737304688,564.194580078125,0.008483558893203735,171.62869262695312,547.5828247070312,0.02505791187286377,692.1321411132812,557.3933715820312,0.15361908078193665,172.68649291992188,557.6672973632812,0.006102412939071655
434,258.1979675292969,478.0126647949219,0.9999801516532898,202.86390686035156,473.3138427734375,0.9790145754814148,854.3612670898438,532.9371337890625,0.9991899728775024,626.025146484375,569.3843383789062,0.9100251197814941,597.2543334960938,590.8167114257812,0.9447013735771179,266.3847351074219,473.75726318359375,0.007259577512741089,666.009765625,586.4429321289062,0.07585036754608154,675.5205078125,568.2054443359375,0.34915435314178467,181.22705078125,563.6941528320312,0.012253731489181519,171.3487548828125,547.3497314453125,0.02499273419380188,692.8035888671875,556.5792236328125,0.130239337682724,172.74598693847656,557.7326049804688,0.005212992429733276
435,258.1562194824219,477.8866271972656,0.9999783039093018,202.78956604003906,472.2274475097656,0.9649965763092041,855.2482299804688,533.5628051757812,0.9993005394935608,625.786376953125,569.6455688476562,0.891765832901001,597.5303344726562,590.5855712890625,0.9250629544258118,618.911376953125,581.6078491210938,0.009414851665496826,665.9815063476562,586.6301879882812,0.09206226468086243,676.0499877929688,568.0441284179688,0.3213055729866028,205.20529174804688,477.67950439453125,0.011237472295761108,171.5872039794922,547.90478515625,0.025614410638809204,693.1038208007812,555.99365234375,0.1023108959197998,172.7760467529297,557.712158203125,0.00573807954788208
436,258.15380859375,478.0607604980469,0.9999759197235107,203.11207580566406,472.7703552246094,0.9759621620178223,854.3271484375,534.1854858398438,0.9994636178016663,625.8972778320312,569.29052734375,0.8968052864074707,597.3507690429688,590.6366577148438,0.9334659576416016,618.8377075195312,582.0228271484375,0.007691413164138794,665.554931640625,586.584716796875,0.06218823790550232,676.0958251953125,568.2525634765625,0.29651546478271484,205.28695678710938,478.24005126953125,0.010949581861495972,171.4171600341797,547.8709106445312,0.023377716541290283,692.9087524414062,556.332763671875,0.24166440963745117,172.79408264160156,557.7830810546875,0.005300313234329224
437,258.1177978515625,477.897216796875,0.999980628490448,203.3242950439453,472.271484375,0.9770238399505615,854.3402099609375,533.4013061523438,0.9992782473564148,626.2583618164062,569.3472900390625,0.8614223003387451,597.6529541015625,590.5917358398438,0.9205951690673828,618.940185546875,582.0735473632812,0.008810877799987793,666.3430786132812,586.3403930664062,0.08858507871627808,676.4982299804688,567.9442138671875,0.37317976355552673,205.30804443359375,477.8787841796875,0.011078178882598877,171.51779174804688,547.7520751953125,0.02701669931411743,692.8628540039062,556.6649780273438,0.08042147755622864,172.79591369628906,557.8355712890625,0.00513342022895813
438,258.0296630859375,477.9894104003906,0.9999817609786987,202.82760620117188,472.34356689453125,0.9774308204650879,854.8598022460938,533.7807006835938,0.9993122816085815,625.810302734375,569.2867431640625,0.8462454080581665,597.5420532226562,590.573974609375,0.9113512635231018,618.8452758789062,581.7462158203125,0.008406370878219604,665.854248046875,586.8385009765625,0.05950361490249634,676.7713623046875,566.9085083007812,0.4835702180862427,181.4221954345703,563.7153930664062,0.012843281030654907,171.1926727294922,547.8873291015625,0.02621808648109436,693.690185546875,555.4794921875,0.21475869417190552,172.830322265625,557.8467407226562,0.005178391933441162
439,258.26751708984375,478.1293029785156,0.9999803304672241,203.92471313476562,471.84112548828125,0.960120439529419,854.3553466796875,533.7174072265625,0.9993463754653931,626.3165893554688,569.2925415039062,0.894819974899292,597.350341796875,590.790283203125,0.938876748085022,619.1315307617188,581.7362670898438,0.0083218514919281,666.3344116210938,586.8475952148438,0.06005087494850159,676.5897216796875,567.8521118164062,0.6085612773895264,181.51284790039062,563.9163208007812,0.011811643838882446,171.65496826171875,548.089111328125,0.029187709093093872,693.39599609375,556.142333984375,0.151804119348526,172.8983612060547,557.8038940429688,0.005473434925079346
440,258.01715087890625,477.8840637207031,0.9999823570251465,202.5445556640625,473.2953796386719,0.9800044298171997,854.87646484375,533.294677734375,0.9991539120674133,626.2987670898438,568.9783935546875,0.8764560222625732,597.4398803710938,590.8468017578125,0.9370273351669312,618.9553833007812,581.7277221679688,0.010296523571014404,666.9107055664062,586.5340576171875,0.05570560693740845,675.9896850585938,568.595458984375,0.5947704315185547,677.8541870117188,568.9739379882812,0.01579698920249939,171.42410278320312,547.9764404296875,0.023335397243499756,692.8728637695312,556.8969116210938,0.10813003778457642,203.672607421875,476.646728515625,0.005444079637527466
441,257.9314880371094,477.832763671875,0.9999786615371704,203.23446655273438,471.88336181640625,0.9734224081039429,854.5272216796875,533.705078125,0.9993375539779663,625.9946899414062,569.2203369140625,0.866640567779541,597.3929443359375,590.6610107421875,0.933698296546936,618.9912719726562,581.6990966796875,0.008127838373184204,666.115234375,586.4894409179688,0.058995187282562256,675.94775390625,568.2758178710938,0.38248389959335327,677.8604125976562,568.984130859375,0.013552814722061157,171.35824584960938,547.5726928710938,0.023348838090896606,693.0971069335938,556.277099609375,0.11945217847824097,172.5936279296875,557.6599731445312,0.005509138107299805
442,258.0350646972656,477.9734191894531,0.9999784231185913,203.691162109375,472.4239196777344,0.9770756959915161,854.3131713867188,533.6233520507812,0.9992697238922119,626.1861572265625,568.995849609375,0.8858751058578491,597.3485107421875,590.543701171875,0.9290602207183838,618.9843139648438,581.5167846679688,0.008901923894882202,665.5608520507812,586.6272583007812,0.06611654162406921,676.7786254882812,567.005126953125,0.5040185451507568,205.22116088867188,477.7779846191406,0.010081112384796143,171.3543243408203,547.6705322265625,0.024298548698425293,693.8963623046875,556.2042236328125,0.12348365783691406,172.7062530517578,557.8167724609375,0.005335628986358643
443,258.1419372558594,477.78009033203125,0.9999768733978271,203.4277801513672,473.0911865234375,0.9773653149604797,854.491943359375,533.7355346679688,0.9994275569915771,625.4618530273438,569.623779296875,0.8607805371284485,597.66943359375,590.63720703125,0.9103003740310669,618.7301025390625,582.0451049804688,0.010709047317504883,665.8873291015625,586.5181274414062,0.09773281216621399,675.6159057617188,568.7345581054688,0.2462412416934967,205.37405395507812,478.4041748046875,0.009816110134124756,171.3534393310547,547.5796508789062,0.022055715322494507,692.6751708984375,557.1749267578125,0.09657120704650879,618.459228515625,587.9428100585938,0.005569785833358765
444,258.01348876953125,478.0775146484375,0.9999781250953674,203.2609405517578,472.33746337890625,0.9754208922386169,174.79141235351562,555.8980712890625,0.9990637302398682,625.3930053710938,570.020751953125,0.846000075340271,597.4168090820312,590.65966796875,0.914680004119873,618.5653686523438,582.3339233398438,0.009351015090942383,666.1143188476562,587.0745849609375,0.055280834436416626,676.858642578125,567.20361328125,0.3715183436870575,204.97532653808594,477.73773193359375,0.010241091251373291,171.73440551757812,547.5648803710938,0.027311980724334717,692.9107055664062,555.8632202148438,0.12477606534957886,172.81845092773438,557.7593994140625,0.00555536150932312
445,258.2311096191406,477.9425048828125,0.9999781250953674,202.92906188964844,471.9765625,0.9733805060386658,854.517822265625,533.4349975585938,0.9991767406463623,625.8787231445312,569.638427734375,0.8879008293151855,597.4932861328125,590.8221435546875,0.932127833366394,619.15673828125,582.0258178710938,0.009998500347137451,665.7849731445312,586.9146728515625,0.06180620193481445,676.902099609375,567.5745239257812,0.2571013569831848,205.0536346435547,477.9557189941406,0.010969966650009155,171.49351501464844,547.5901489257812,0.02231985330581665,692.42529296875,557.2562255859375,0.14598438143730164,618.3538208007812,587.94677734375,0.005415081977844238
446,257.9717102050781,477.941650390625,0.9999775886535645,203.1346893310547,472.836669921875,0.9733192920684814,854.4192504882812,533.5545043945312,0.9991717338562012,625.7261352539062,569.5167846679688,0.8781490325927734,597.4114990234375,590.8410034179688,0.9409583806991577,618.9194946289062,581.8656005859375,0.010438919067382812,666.4838256835938,586.2098999023438,0.08630421757698059,675.8678588867188,568.5139770507812,0.35278791189193726,677.9450073242188,569.1432495117188,0.011764585971832275,171.7879638671875,547.7634887695312,0.020938724279403687,693.1130981445312,556.2741088867188,0.21209490299224854,172.7583465576172,557.7815551757812,0.005347251892089844
447,258.2151794433594,478.0611572265625,0.9999796748161316,202.3914031982422,473.3802795410156,0.9772355556488037,854.7925415039062,533.5384521484375,0.9992377758026123,624.9705810546875,569.8538818359375,0.8288648724555969,597.2014770507812,590.7376708984375,0.9258060455322266,618.884033203125,581.5804443359375,0.008608728647232056,664.6751708984375,586.5231323242188,0.05591940879821777,676.0631103515625,567.9306030273438,0.10436558723449707,204.5697784423828,478.50927734375,0.011023014783859253,171.7640380859375,547.6157836914062,0.022486716508865356,692.2026977539062,557.3494262695312,0.14746016263961792,172.7013397216797,557.6353149414062,0.005400866270065308
448,258.18017578125,477.9859619140625,0.9999741315841675,203.83749389648438,471.90655517578125,0.9821738004684448,853.9557495117188,532.8707885742188,0.9992155432701111,626.1539306640625,569.2449951171875,0.8181495666503906,597.5029907226562,590.7335205078125,0.9394251108169556,618.9140625,582.0031127929688,0.01032102108001709,665.6817016601562,586.4791259765625,0.09649360179901123,676.0159912109375,568.25634765625,0.22506535053253174,205.5049591064453,477.3985900878906,0.01337936520576477,171.56983947753906,547.7720947265625,0.02146509289741516,690.3125,561.3773803710938,0.06128329038619995,618.3358154296875,587.9679565429688,0.005617022514343262
449,258.2389831542969,477.9771728515625,0.9999765157699585,203.5613250732422,471.86895751953125,0.9789732694625854,854.5748291015625,533.8505859375,0.99923175573349,625.6953125,569.0692138671875,0.8526126146316528,597.2542724609375,590.9189453125,0.9441556334495544,618.8121948242188,582.0442504882812,0.010144233703613281,665.9857788085938,586.3829345703125,0.08633753657341003,676.3527221679688,567.8216552734375,0.36003875732421875,205.56515502929688,477.60906982421875,0.014696300029754639,171.822998046875,547.6030883789062,0.02441754937171936,692.671630859375,556.8092041015625,0.07883679866790771,204.5259246826172,476.877685546875,0.006242662668228149
450,257.9362487792969,478.12469482421875,0.9999769926071167,203.38743591308594,471.71783447265625,0.9838191270828247,854.2251586914062,533.2411499023438,0.9991687536239624,625.8208618164062,569.330078125,0.8503783345222473,597.629150390625,590.8721313476562,0.9159622192382812,618.6170654296875,582.1151123046875,0.010011821985244751,665.2049560546875,586.517578125,0.08748289942741394,676.5316772460938,567.8284912109375,0.24932312965393066,204.95018005371094,477.7545166015625,0.015079408884048462,171.85487365722656,547.8310546875,0.025561004877090454,692.3145751953125,557.3585205078125,0.12987449765205383,172.934814453125,557.82470703125,0.005558192729949951
451,258.1023254394531,478.0915222167969,0.9999774694442749,203.51278686523438,472.0884704589844,0.9781289100646973,854.302001953125,532.9268188476562,0.999157726764679,625.8926391601562,569.2536010742188,0.8654933571815491,597.4025268554688,590.9977416992188,0.9312820434570312,618.9595947265625,582.0345458984375,0.010466575622558594,666.2129516601562,586.2750854492188,0.0744292140007019,676.2484130859375,568.296630859375,0.44138583540916443,204.9248809814453,477.6496887207031,0.011512935161590576,171.60621643066406,547.6695556640625,0.024692118167877197,692.9503784179688,556.3518676757812,0.16887864470481873,172.77989196777344,557.7360229492188,0.005662828683853149
452,257.9954833984375,478.1766662597656,0.9999798536300659,203.260009765625,471.8943786621094,0.9828850030899048,854.3656005859375,533.788330078125,0.9993525743484497,626.8216552734375,569.0658569335938,0.8538329005241394,597.8923950195312,590.8353271484375,0.9295816421508789,618.6693725585938,582.658447265625,0.009260892868041992,665.5846557617188,586.173828125,0.043355584144592285,676.1760864257812,568.298095703125,0.24366521835327148,204.73997497558594,477.80047607421875,0.012764185667037964,171.63430786132812,547.8230590820312,0.023326784372329712,692.2946166992188,557.4198608398438,0.07898151874542236,172.83966064453125,557.8822021484375,0.005444556474685669
453,258.0473937988281,478.1698913574219,0.9999823570251465,202.3773193359375,472.97845458984375,0.9818689823150635,854.340576171875,533.5404663085938,0.999534547328949,626.1530151367188,569.3161010742188,0.867027759552002,597.6599731445312,590.7463989257812,0.9127311110496521,618.9569702148438,582.158203125,0.00847730040550232,665.9002075195312,586.5299682617188,0.09205693006515503,675.9296875,568.4011840820312,0.20050540566444397,204.56298828125,478.7012023925781,0.011674582958221436,171.92764282226562,547.8045043945312,0.02487090229988098,692.9224853515625,556.88037109375,0.15843820571899414,172.85833740234375,557.8262329101562,0.005333960056304932
454,258.3695373535156,478.0724182128906,0.9999808669090271,202.04783630371094,472.802490234375,0.9825862646102905,854.742431640625,534.0418090820312,0.9992824792861938,626.0772705078125,569.0673828125,0.8723926544189453,597.332275390625,590.7024536132812,0.9281905293464661,619.3755493164062,581.8785400390625,0.007885128259658813,665.701904296875,586.4967651367188,0.07475709915161133,676.4968872070312,567.8829956054688,0.2997090220451355,204.61257934570312,478.77001953125,0.009483486413955688,171.991943359375,547.4730224609375,0.023908615112304688,693.0045166015625,555.9264526367188,0.06393575668334961,172.85321044921875,557.8472900390625,0.005081236362457275
455,258.03057861328125,478.0436096191406,0.9999772310256958,203.84815979003906,471.76593017578125,0.9792577028274536,854.4541015625,533.1902465820312,0.9992226958274841,625.7496948242188,569.24951171875,0.8366624712944031,597.76953125,590.7476196289062,0.9020063877105713,266.297607421875,473.8435974121094,0.007072180509567261,665.3455200195312,586.4376220703125,0.08082136511802673,675.285888671875,568.6439819335938,0.24345645308494568,205.33078002929688,477.3471374511719,0.011681020259857178,171.5199737548828,547.7661743164062,0.0249195396900177,692.656494140625,557.3549194335938,0.16075029969215393,172.62582397460938,557.685546875,0.005499303340911865
456,258.129150390625,478.1697998046875,0.9999767541885376,203.68028259277344,472.27191162109375,0.9764430522918701,854.5310668945312,533.2901611328125,0.9994235038757324,626.0982666015625,569.5740966796875,0.9008647203445435,597.5238037109375,590.7941284179688,0.937985897064209,619.386962890625,581.9977416992188,0.009285777807235718,666.5648803710938,586.5910034179688,0.05149170756340027,676.026611328125,567.9898681640625,0.4808979630470276,205.1450653076172,477.69390869140625,0.012278944253921509,171.73129272460938,547.9434204101562,0.025817394256591797,693.0872192382812,556.0576171875,0.1801968812942505,204.23565673828125,476.8741455078125,0.0055644214153289795
457,258.16082763671875,478.1447448730469,0.9999775290489197,203.94723510742188,472.6169738769531,0.9751354455947876,854.4961547851562,533.5689086914062,0.9992493391036987,625.9379272460938,569.0594482421875,0.8389252424240112,596.9340209960938,590.8662109375,0.9620458483695984,619.2282104492188,581.7346801757812,0.007843941450119019,666.2930908203125,586.4163818359375,0.061613231897354126,676.19873046875,568.1461791992188,0.43420690298080444,678.1671752929688,568.767333984375,0.012105345726013184,171.6412811279297,548.142333984375,0.026452183723449707,693.2760009765625,556.2900390625,0.147022545337677,172.83120727539062,557.8755493164062,0.005455613136291504
458,258.0749206542969,478.26263427734375,0.9999774694442749,203.93455505371094,472.60284423828125,0.9785209894180298,853.9603271484375,533.4945678710938,0.9993984699249268,626.0592651367188,568.983154296875,0.8645381331443787,597.6386108398438,590.807861328125,0.9314167499542236,618.69580078125,582.2845458984375,0.010912209749221802,666.2664794921875,586.4967041015625,0.0724322497844696,676.3748168945312,568.3583984375,0.3836125433444977,205.25108337402344,478.06427001953125,0.010092109441757202,171.7203826904297,547.9908447265625,0.02385583519935608,693.099853515625,556.5078125,0.13783353567123413,618.51025390625,587.9734497070312,0.0056556761264801025
459,258.15283203125,478.076171875,0.9999802112579346,203.61936950683594,472.3484802246094,0.9768979549407959,174.82870483398438,556.3535766601562,0.9990580081939697,625.484619140625,569.5670166015625,0.8797928094863892,597.2645874023438,590.8346557617188,0.9382762312889099,618.910888671875,581.7744140625,0.008677750825881958,665.8975830078125,586.3345336914062,0.07551947236061096,675.2913818359375,568.3394775390625,0.24501776695251465,205.09487915039062,477.8400573730469,0.010493040084838867,171.6588134765625,548.0183715820312,0.025666028261184692,692.2891235351562,557.0562744140625,0.19023090600967407,172.76641845703125,557.7642822265625,0.005234658718109131
460,258.0982360839844,478.2364807128906,0.9999778270721436,203.08639526367188,472.40155029296875,0.9736876487731934,854.211669921875,533.7860107421875,0.9994890689849854,625.5413818359375,569.7261962890625,0.8447607755661011,597.1414794921875,590.7283935546875,0.9421545267105103,618.814697265625,581.8673706054688,0.009740769863128662,666.2591552734375,586.6033935546875,0.07397347688674927,676.239501953125,568.4200439453125,0.2982290983200073,204.8304901123047,477.9355163574219,0.011887460947036743,171.65435791015625,547.907470703125,0.027700155973434448,692.4912719726562,557.111328125,0.18254637718200684,172.91481018066406,557.8617553710938,0.005376547574996948
461,258.10821533203125,478.17742919921875,0.9999781847000122,203.16629028320312,472.6161193847656,0.9771872162818909,175.35362243652344,556.6136474609375,0.9992151260375977,625.205810546875,569.39306640625,0.8581528067588806,597.4024047851562,590.45849609375,0.9231503009796143,618.8040771484375,581.7396850585938,0.008192062377929688,666.4537353515625,586.6752319335938,0.06476199626922607,676.3469848632812,567.9223022460938,0.22400465607643127,205.0188446044922,477.77899169921875,0.010261386632919312,171.82456970214844,548.228271484375,0.02523016929626465,693.5361328125,555.732421875,0.31160038709640503,172.9723663330078,557.876953125,0.005716472864151001
462,258.48638916015625,478.125,0.999975323677063,203.58123779296875,472.40020751953125,0.9637827277183533,854.0924682617188,533.8573608398438,0.999427080154419,625.3760986328125,569.8912963867188,0.8921533226966858,597.5513305664062,591.01318359375,0.9165226221084595,619.097412109375,581.594970703125,0.009535521268844604,666.3191528320312,586.4454956054688,0.05564567446708679,676.4443359375,567.9534912109375,0.33804893493652344,181.9375,563.9312133789062,0.012296557426452637,172.2761688232422,547.9752197265625,0.024453788995742798,691.8731689453125,557.2264404296875,0.07816928625106812,204.36297607421875,476.7590026855469,0.005925536155700684
463,258.58905029296875,478.0558776855469,0.9999744892120361,204.11062622070312,472.4468994140625,0.9750295877456665,853.8989868164062,533.0269775390625,0.9991520643234253,626.1533813476562,569.34423828125,0.8782958388328552,597.6432495117188,590.8721923828125,0.9349391460418701,619.023681640625,582.003173828125,0.008441776037216187,665.9669189453125,586.5093994140625,0.06542178988456726,676.7513427734375,567.8532104492188,0.3320084810256958,181.9619598388672,564.0245361328125,0.012154310941696167,172.16244506835938,548.0750122070312,0.02533581852912903,692.887939453125,556.1052856445312,0.14924752712249756,172.99224853515625,558.0066528320312,0.005363404750823975
464,258.4939270019531,478.0693359375,0.9999797344207764,204.2241973876953,472.3428649902344,0.9731199145317078,175.49830627441406,556.8422241210938,0.999198317527771,625.3917236328125,569.3696899414062,0.7716861963272095,597.2186889648438,590.9346923828125,0.9222891926765442,618.7357788085938,581.6049194335938,0.009279310703277588,666.5842895507812,586.4774780273438,0.0670691728591919,676.5648193359375,567.8004760742188,0.37208443880081177,182.0005645751953,564.1923217773438,0.01089295744895935,172.22674560546875,548.3162841796875,0.025093555450439453,693.08447265625,556.1748657226562,0.17836472392082214,172.98216247558594,557.9705200195312,0.005453228950500488
465,258.4321594238281,478.1009216308594,0.9999794960021973,202.92233276367188,471.95458984375,0.9748896360397339,854.0347290039062,533.3535766601562,0.9993588328361511,625.8660278320312,569.672119140625,0.7280033230781555,597.7998657226562,590.829345703125,0.9060678482055664,618.6856079101562,582.0327758789062,0.007695138454437256,665.560546875,586.7996826171875,0.06367573142051697,676.48193359375,568.2115478515625,0.1990402638912201,181.8207550048828,563.958251953125,0.00985252857208252,171.87754821777344,548.1038818359375,0.02750888466835022,691.8487548828125,557.4575805664062,0.09683719277381897,172.90318298339844,557.8516845703125,0.005474090576171875
466,258.2620849609375,478.11962890625,0.999974250793457,203.78933715820312,471.8199462890625,0.9713181853294373,175.06240844726562,556.5425415039062,0.9990888833999634,625.4998168945312,569.667724609375,0.8379737138748169,597.6887817382812,590.7606811523438,0.8664755821228027,618.7283325195312,581.7237548828125,0.009600728750228882,665.572509765625,586.4004516601562,0.05545869469642639,675.3385009765625,568.1991577148438,0.1267150640487671,181.70571899414062,563.9091186523438,0.013188034296035767,171.91920471191406,548.1009521484375,0.02760753035545349,690.4156494140625,560.916748046875,0.07766681909561157,172.9295654296875,557.8583984375,0.005419284105300903
467,258.2345275878906,478.3631896972656,0.9999747276306152,203.70208740234375,472.2875671386719,0.9756110310554504,854.3580932617188,533.9191284179688,0.9993720054626465,626.1345825195312,569.2493896484375,0.8129053115844727,597.4512329101562,590.6778564453125,0.9282756447792053,618.8240966796875,582.3357543945312,0.008187681436538696,616.0240478515625,588.2771606445312,0.04722258448600769,676.768310546875,567.50537109375,0.24259451031684875,181.7684783935547,563.7291259765625,0.013727068901062012,171.69595336914062,548.1047973632812,0.024666190147399902,691.9915771484375,557.1982421875,0.11312690377235413,204.30860900878906,476.7430114746094,0.005441099405288696
468,258.3503112792969,478.2909240722656,0.9999768733978271,202.70883178710938,472.6119079589844,0.968497633934021,854.8412475585938,534.1460571289062,0.999267041683197,625.8927612304688,569.5086059570312,0.8256144523620605,597.2515869140625,590.9769287109375,0.925157368183136,618.578857421875,581.8489990234375,0.011310696601867676,666.0902099609375,586.5155639648438,0.05868944525718689,676.6741943359375,567.9185791015625,0.5104318857192993,182.03016662597656,563.5659790039062,0.0135154128074646,172.04437255859375,547.9264526367188,0.02581077814102173,692.7877197265625,556.5333862304688,0.2347393035888672,618.5131225585938,587.812744140625,0.005646467208862305
469,258.496337890625,478.2963562011719,0.9999765157699585,203.0035400390625,472.50714111328125,0.9751396179199219,175.01422119140625,556.8491821289062,0.9992208480834961,626.50732421875,569.3181762695312,0.8483321666717529,597.7163696289062,591.0162353515625,0.9285018444061279,618.8115234375,582.0496826171875,0.010019391775131226,666.3668212890625,586.5352783203125,0.04358968138694763,675.7553100585938,568.4110107421875,0.350614070892334,181.8394317626953,564.0228881835938,0.012011438608169556,171.9256591796875,548.2622680664062,0.02272859215736389,692.4035034179688,556.7672119140625,0.10592356324195862,618.5123901367188,588.0723876953125,0.00516161322593689
470,258.5021667480469,478.0705261230469,0.9999790787696838,203.7389678955078,471.9249267578125,0.9795974493026733,853.6602783203125,532.83447265625,0.9992973208427429,626.5550537109375,569.3762817382812,0.8236356973648071,597.412109375,591.008056640625,0.9487509727478027,618.9876098632812,582.1591796875,0.007383286952972412,666.3554077148438,586.8632202148438,0.07605206966400146,676.2213745117188,568.0077514648438,0.2290964424610138,205.2209014892578,477.2919616699219,0.011894851922988892,171.8123016357422,548.1320190429688,0.02401760220527649,692.4363403320312,556.1094360351562,0.17244848608970642,172.88180541992188,557.8692626953125,0.005443274974822998
471,258.3240661621094,478.2860107421875,0.999976396560669,204.46401977539062,472.0755310058594,0.9810819625854492,854.3440551757812,532.8997802734375,0.9994226694107056,626.4930419921875,569.1928100585938,0.8782031536102295,597.36572265625,590.9353637695312,0.9563721418380737,618.9550170898438,582.2394409179688,0.010105341672897339,666.3405151367188,586.1725463867188,0.07938727736473083,675.8382568359375,568.1838989257812,0.3940508961677551,181.8338165283203,563.9906005859375,0.0121288001537323,171.95144653320312,548.0505981445312,0.02537420392036438,693.0675048828125,556.6935424804688,0.12349796295166016,618.457763671875,588.1047973632812,0.005581885576248169
472,258.17279052734375,478.3600769042969,0.999980628490448,203.78663635253906,472.1313171386719,0.974798321723938,854.6161499023438,533.2213134765625,0.9993915557861328,625.9263916015625,569.5293579101562,0.8762839436531067,597.4540405273438,590.7899780273438,0.9392992258071899,619.1283569335938,581.8209838867188,0.006877630949020386,666.3923950195312,585.9932250976562,0.06243246793746948,675.4828491210938,568.75439453125,0.25564640760421753,181.5185089111328,563.7855224609375,0.0103435218334198,171.86550903320312,547.567626953125,0.02228778600692749,691.70458984375,557.7286376953125,0.13514646887779236,172.8044891357422,557.83447265625,0.00458255410194397
473,258.4250183105469,478.4054260253906,0.9999808073043823,202.8800506591797,472.8505554199219,0.9735512733459473,855.3458251953125,533.7925415039062,0.9993715286254883,625.74072265625,569.29931640625,0.7537634372711182,597.4619140625,590.9736938476562,0.9327530860900879,618.559326171875,582.4112548828125,0.008022546768188477,665.8157348632812,586.7978515625,0.07836028933525085,676.5634155273438,568.12841796875,0.12266787886619568,181.861083984375,563.9955444335938,0.010808110237121582,172.0452117919922,548.1964721679688,0.028869986534118652,691.6881713867188,558.043701171875,0.07718920707702637,172.98056030273438,557.8604125976562,0.005379408597946167
474,258.1283264160156,478.28692626953125,0.9999813437461853,203.4024658203125,471.3534240722656,0.9726752042770386,854.5184326171875,533.32470703125,0.9994059801101685,625.2567138671875,570.03759765625,0.8492147922515869,597.2335815429688,591.116943359375,0.933588981628418,618.7664794921875,581.8226318359375,0.008601099252700806,665.0075073242188,586.9686889648438,0.05327877402305603,677.1138305664062,567.378662109375,0.15601280331611633,181.89004516601562,563.9368896484375,0.011598676443099976,171.8904266357422,548.392822265625,0.02580884099006653,692.1082153320312,556.5681762695312,0.0694291889667511,173.01705932617188,557.9911499023438,0.0052797794342041016
475,258.2558898925781,478.265380859375,0.9999803304672241,203.53172302246094,471.6102600097656,0.9842766523361206,175.45802307128906,556.7123413085938,0.9992234706878662,625.2391357421875,569.7650146484375,0.7868821024894714,597.605224609375,590.6233520507812,0.9159175753593445,619.0079956054688,582.0050048828125,0.007920593023300171,665.8532104492188,586.7904052734375,0.05937269330024719,676.3008422851562,568.3684692382812,0.15763893723487854,181.80221557617188,564.0584716796875,0.015244871377944946,172.11814880371094,548.0717163085938,0.027985453605651855,692.1669921875,557.030029296875,0.10053974390029907,172.97006225585938,557.8994750976562,0.005238711833953857
476,258.4602966308594,478.3603515625,0.9999695420265198,204.58322143554688,471.8929443359375,0.9696005582809448,854.933349609375,534.1126708984375,0.9992402791976929,625.6363525390625,569.6612548828125,0.8310818672180176,597.4141845703125,591.2879028320312,0.9372113943099976,618.8212890625,582.2694091796875,0.009789735078811646,666.0119018554688,586.9490966796875,0.07955917716026306,676.1349487304688,568.1868286132812,0.3513060212135315,181.7861785888672,564.1088256835938,0.011021405458450317,172.00083923339844,548.4007568359375,0.02597266435623169,692.1919555664062,557.2777709960938,0.21829834580421448,172.9092559814453,557.7589111328125,0.005848228931427002
477,258.3163146972656,478.2790832519531,0.9999774694442749,204.11666870117188,472.1421813964844,0.9654276371002197,854.3582153320312,534.1237182617188,0.9991200566291809,625.6376342773438,569.2289428710938,0.7825191020965576,597.49560546875,591.1568603515625,0.9328593015670776,619.0345458984375,582.1453247070312,0.008611351251602173,666.1824340820312,586.867431640625,0.07464677095413208,676.5325927734375,568.3998413085938,0.37266841530799866,181.85897827148438,563.8640747070312,0.012916594743728638,171.89598083496094,548.3663940429688,0.024399548768997192,690.49755859375,560.830078125,0.08075237274169922,172.8999481201172,557.774169921875,0.005619406700134277
478,258.4110412597656,478.1719055175781,0.9999786615371704,203.236572265625,472.48114013671875,0.962337076663971,854.9542236328125,534.6073608398438,0.9992988109588623,626.0203247070312,569.2514038085938,0.8226832151412964,597.711669921875,591.0831909179688,0.932105302810669,618.9883422851562,582.2625122070312,0.008716762065887451,666.2996215820312,586.7118530273438,0.0849880576133728,676.6166381835938,567.8043823242188,0.3314177989959717,182.0518341064453,563.9231567382812,0.01232948899269104,172.11178588867188,548.4833984375,0.027063816785812378,692.8120727539062,556.269287109375,0.16197600960731506,204.34713745117188,476.8934326171875,0.005572378635406494
479,258.3523864746094,478.3194885253906,0.9999751448631287,204.36122131347656,471.7273254394531,0.9624930024147034,854.2767944335938,533.6697387695312,0.9993510842323303,625.8355712890625,569.6532592773438,0.8025551438331604,597.1382446289062,590.9956665039062,0.9457746744155884,618.886474609375,582.0531616210938,0.0076634883880615234,666.0619506835938,586.8402709960938,0.057670384645462036,676.21630859375,567.791259765625,0.24530604481697083,205.94439697265625,477.06707763671875,0.010348141193389893,172.18727111816406,548.620361328125,0.02440670132637024,692.3814697265625,556.7401123046875,0.09317082166671753,172.86911010742188,557.8114624023438,0.005673915147781372
480,258.50665283203125,478.2422790527344,0.9999772310256958,204.30233764648438,472.30828857421875,0.9669427871704102,854.332275390625,533.8678588867188,0.9992864727973938,625.7821655273438,569.231201171875,0.8168455362319946,597.4382934570312,591.0729370117188,0.9430842399597168,618.806640625,582.141845703125,0.00881543755531311,666.3042602539062,586.6859130859375,0.06388694047927856,675.7860717773438,568.7532958984375,0.14252585172653198,181.708984375,563.9363403320312,0.011533945798873901,171.7913818359375,548.0428466796875,0.02144622802734375,692.0588989257812,557.2427368164062,0.06835868954658508,204.40811157226562,476.8038024902344,0.005575388669967651
481,258.29901123046875,478.27825927734375,0.9999802112579346,203.56842041015625,472.65301513671875,0.9806069135665894,854.0526123046875,533.6856689453125,0.9992551803588867,625.3284912109375,569.6551513671875,0.8362225294113159,597.1443481445312,591.0294189453125,0.9476479291915894,619.1288452148438,581.890625,0.0072002112865448,665.8251953125,586.3302612304688,0.06642958521842957,676.0552978515625,568.4268798828125,0.26761889457702637,678.481201171875,568.5733032226562,0.01044955849647522,172.1398468017578,548.6016845703125,0.022219538688659668,692.1437377929688,557.2828369140625,0.1842609941959381,172.84457397460938,557.7979125976562,0.005427628755569458
482,258.481689453125,478.3355712890625,0.9999788999557495,202.961669921875,472.4394226074219,0.9761414527893066,854.272216796875,533.5308837890625,0.9990903735160828,626.074951171875,569.4175415039062,0.857144296169281,597.2697143554688,590.723876953125,0.9407135248184204,619.145751953125,581.9398803710938,0.007804274559020996,665.7384033203125,586.7987060546875,0.07814297080039978,676.2717895507812,568.442626953125,0.2518043518066406,205.06442260742188,478.0258483886719,0.011891186237335205,172.2370147705078,548.2905883789062,0.022633641958236694,692.554443359375,557.18310546875,0.1405695080757141,172.9080810546875,557.8858032226562,0.005168408155441284
483,258.2662353515625,478.376220703125,0.9999778270721436,204.4140625,472.4515380859375,0.9814484715461731,175.418701171875,557.1351928710938,0.9991984367370605,626.77001953125,569.1188354492188,0.8650180101394653,597.9454345703125,590.9420166015625,0.9367804527282715,618.9795532226562,582.3257446289062,0.007987678050994873,666.2405395507812,586.3950805664062,0.08616533875465393,676.9072875976562,567.946533203125,0.49617618322372437,181.98672485351562,564.0029907226562,0.014041244983673096,172.16140747070312,548.648681640625,0.02393317222595215,693.17626953125,555.5142822265625,0.17385590076446533,172.92808532714844,557.8492431640625,0.005224496126174927
484,258.5362243652344,478.4925231933594,0.999974250793457,203.756591796875,472.2869567871094,0.9741450548171997,854.8314208984375,533.5316772460938,0.9993016719818115,626.0015869140625,569.7974853515625,0.8294723033905029,597.7817993164062,590.7388305664062,0.927253246307373,618.8858032226562,582.165283203125,0.007804602384567261,665.8016357421875,586.42822265625,0.052029192447662354,676.47802734375,567.9386596679688,0.19421309232711792,181.8151092529297,563.8898315429688,0.01582774519920349,172.0310821533203,548.4825439453125,0.02352893352508545,861.2086181640625,524.866943359375,0.07057276368141174,204.41224670410156,476.73492431640625,0.005808442831039429
485,258.4938659667969,478.4466247558594,0.9999762773513794,203.74171447753906,472.64837646484375,0.9792324900627136,854.7348022460938,534.0181274414062,0.999148428440094,626.8839111328125,569.3067016601562,0.7375780344009399,597.8129272460938,590.802490234375,0.9098431468009949,618.662353515625,582.2859497070312,0.007317066192626953,665.3881225585938,586.5198974609375,0.047697514295578,676.454833984375,567.6902465820312,0.1882411241531372,182.070556640625,564.180908203125,0.012333005666732788,172.23623657226562,549.037353515625,0.023582249879837036,691.5908813476562,557.416015625,0.05667433142662048,172.8658447265625,557.8244018554688,0.005631774663925171
486,258.434814453125,478.46478271484375,0.9999750852584839,203.23353576660156,472.52215576171875,0.9765799641609192,854.5811767578125,534.3851928710938,0.9993197917938232,626.050537109375,569.54345703125,0.8710813522338867,597.7019653320312,590.72021484375,0.9401805400848389,618.9413452148438,581.7700805664062,0.009839832782745361,665.3433837890625,586.7203369140625,0.09077110886573792,676.3482666015625,567.7796020507812,0.17230480909347534,181.9250030517578,564.1559448242188,0.016158998012542725,172.06344604492188,548.5640869140625,0.02754688262939453,692.06591796875,556.5379638671875,0.21867099404335022,172.9197998046875,557.8994140625,0.0056909918785095215
487,258.38330078125,478.3975524902344,0.9999743700027466,204.282470703125,471.88079833984375,0.9791193008422852,854.5488891601562,534.3682250976562,0.9991827607154846,625.0639038085938,569.9581909179688,0.8200398683547974,597.2125854492188,590.8468627929688,0.9435269236564636,618.7926025390625,581.5960693359375,0.00828397274017334,665.7958984375,586.7520751953125,0.05372843146324158,677.3217163085938,567.6512451171875,0.3113516569137573,181.8809051513672,564.1500854492188,0.010471045970916748,172.1181182861328,548.7984008789062,0.023317933082580566,692.3544921875,556.9989013671875,0.06258106231689453,172.8759307861328,557.8289184570312,0.0055162012577056885
488,258.3230895996094,478.55902099609375,0.9999774694442749,203.3622283935547,472.73822021484375,0.973844051361084,854.5872802734375,534.228271484375,0.9993880987167358,625.5667114257812,569.9054565429688,0.7592289447784424,597.83837890625,590.70361328125,0.9012430906295776,618.788818359375,581.6788330078125,0.007212966680526733,665.9063720703125,586.684326171875,0.07136085629463196,676.191650390625,568.4342041015625,0.28133881092071533,182.10833740234375,564.2052612304688,0.015842556953430176,172.3009796142578,548.6520385742188,0.023048818111419678,691.9586181640625,556.69775390625,0.09729993343353271,172.83612060546875,557.8087158203125,0.005785763263702393
489,258.7586364746094,478.63714599609375,0.9999768733978271,203.36270141601562,472.27313232421875,0.9724730253219604,854.8901977539062,534.033203125,0.999151349067688,625.6555786132812,569.8888549804688,0.7785531878471375,597.4072875976562,590.7388305664062,0.9316579103469849,618.6333618164062,582.1731567382812,0.008550256490707397,664.9104614257812,586.6062622070312,0.0626995861530304,676.3038940429688,567.721923828125,0.10809636116027832,205.0256805419922,477.9274597167969,0.009255588054656982,172.17623901367188,548.7128295898438,0.02161264419555664,692.51611328125,556.6671142578125,0.08238312602043152,172.840576171875,557.7933959960938,0.0055082738399505615
490,258.419921875,478.2571105957031,0.9999706745147705,203.75718688964844,472.4654235839844,0.9704086184501648,854.7814331054688,534.1112670898438,0.9994084239006042,626.4450073242188,569.6868286132812,0.8912167549133301,597.46533203125,590.9408569335938,0.9586251974105835,619.0655517578125,582.0309448242188,0.008126229047775269,665.417236328125,586.556884765625,0.06062203645706177,676.0711059570312,568.103759765625,0.217415452003479,205.3302459716797,477.5422058105469,0.009553194046020508,172.19175720214844,548.11767578125,0.02486404776573181,692.466552734375,556.139404296875,0.12085318565368652,172.85830688476562,557.7075805664062,0.005219876766204834
491,258.5273132324219,478.4512023925781,0.9999715089797974,203.8014373779297,472.33880615234375,0.9754575490951538,854.4937133789062,533.7523193359375,0.9993551969528198,626.3889770507812,569.3592529296875,0.8350638151168823,597.4073486328125,590.5657958984375,0.9229269027709961,618.9834594726562,581.9345703125,0.009768128395080566,666.4957275390625,586.449951171875,0.06850388646125793,676.3834228515625,568.0440673828125,0.41446009278297424,181.68368530273438,564.0631713867188,0.010764271020889282,172.2332763671875,548.1556396484375,0.023414969444274902,692.85302734375,555.6656494140625,0.13954365253448486,204.27549743652344,476.72149658203125,0.005778312683105469
492,258.3609619140625,478.4905700683594,0.9999773502349854,203.2644805908203,472.34100341796875,0.9746389389038086,854.6481323242188,534.3936157226562,0.9993937015533447,625.604736328125,569.9241333007812,0.7895989418029785,597.2080078125,590.73974609375,0.9276210069656372,618.7547607421875,582.0380859375,0.009167492389678955,665.4862670898438,586.9658813476562,0.07972964644432068,676.3240966796875,567.9915161132812,0.10029783844947815,204.9180908203125,477.8043212890625,0.011870801448822021,172.34181213378906,548.0635375976562,0.024182289838790894,691.8259887695312,556.6244506835938,0.12662655115127563,204.08419799804688,476.7701721191406,0.005446195602416992
493,258.60052490234375,478.1798400878906,0.9999778866767883,203.5794677734375,472.0672607421875,0.9642828702926636,854.7073364257812,534.215576171875,0.999360978603363,625.8430786132812,569.9867553710938,0.7840733528137207,597.8242797851562,590.7642822265625,0.901225209236145,618.6323852539062,581.8717041015625,0.008642822504043579,665.9434204101562,586.5656127929688,0.07654279470443726,675.7523803710938,568.15966796875,0.10065144300460815,205.2589874267578,477.21026611328125,0.012096405029296875,172.50189208984375,548.1116943359375,0.026489853858947754,692.1537475585938,556.8389282226562,0.069223552942276,172.85752868652344,557.7411499023438,0.005425095558166504
494,258.5474548339844,478.4444274902344,0.9999741315841675,203.41444396972656,472.96636962890625,0.9789565205574036,854.4466552734375,534.0031127929688,0.999228298664093,626.1734008789062,569.043701171875,0.8073718547821045,597.719970703125,590.6588134765625,0.933125376701355,618.794677734375,582.1217651367188,0.009408354759216309,665.9600219726562,586.5294799804688,0.07592743635177612,676.4287719726562,568.128662109375,0.16457578539848328,268.98590087890625,491.3541259765625,0.009366065263748169,172.27256774902344,548.1133422851562,0.021874070167541504,691.7145385742188,557.2734375,0.06093725562095642,172.68685913085938,557.5962524414062,0.005523264408111572
495,258.6067810058594,478.312255859375,0.999975323677063,202.83506774902344,473.14013671875,0.9776276350021362,854.356689453125,533.7727661132812,0.9991981983184814,626.1987915039062,569.771484375,0.7783916592597961,597.6342163085938,590.994384765625,0.9257919788360596,618.6498413085938,582.3836059570312,0.010658949613571167,665.7650756835938,586.69189453125,0.07704669237136841,676.4000854492188,567.4484252929688,0.1349073052406311,182.21054077148438,563.8787841796875,0.013375133275985718,172.52529907226562,548.0604248046875,0.027595996856689453,692.8388061523438,556.4186401367188,0.08530488610267639,172.9608612060547,557.7600708007812,0.005922794342041016
496,258.58404541015625,478.2498779296875,0.9999756813049316,203.46060180664062,472.88787841796875,0.9693065881729126,854.6861572265625,534.053955078125,0.9994862079620361,626.7103881835938,569.3380737304688,0.872217059135437,597.6046752929688,590.6243286132812,0.9360893964767456,619.0479736328125,582.3472290039062,0.008796513080596924,665.6737060546875,586.5595092773438,0.07159045338630676,677.1122436523438,567.2495727539062,0.27742791175842285,182.09426879882812,563.7931518554688,0.010049879550933838,172.57723999023438,547.9249267578125,0.02472814917564392,692.6190795898438,556.4634399414062,0.09255880117416382,172.89125061035156,557.7223510742188,0.005541712045669556
497,258.6752624511719,478.1487731933594,0.9999767541885376,203.2730255126953,472.30914306640625,0.9621257781982422,853.8306884765625,533.721435546875,0.9993138313293457,625.8639526367188,569.2946166992188,0.8359745144844055,597.6839599609375,590.7517700195312,0.9333092570304871,618.9412841796875,581.8140869140625,0.0074617862701416016,665.869384765625,586.6405639648438,0.04800418019294739,676.0718994140625,568.05126953125,0.27493852376937866,181.95108032226562,563.883544921875,0.010486960411071777,172.35997009277344,548.307861328125,0.021421819925308228,692.2045288085938,556.71435546875,0.09152808785438538,172.90328979492188,557.6921997070312,0.005584806203842163
498,258.5559997558594,478.386474609375,0.9999750852584839,203.3499298095703,472.87469482421875,0.967732310295105,854.7957763671875,533.49853515625,0.999247133731842,626.4031982421875,569.844970703125,0.89573073387146,597.5786743164062,590.7489013671875,0.9459699392318726,619.196533203125,581.7634887695312,0.006867498159408569,665.8704223632812,586.24853515625,0.06725439429283142,675.9300537109375,568.2327270507812,0.3633631467819214,677.8726806640625,568.73291015625,0.01175263524055481,172.41673278808594,548.42041015625,0.02229529619216919,692.9857788085938,556.6914672851562,0.08785650134086609,204.41668701171875,476.5877685546875,0.0063590407371521
499,258.6800537109375,478.3775634765625,0.9999757409095764,202.8243865966797,472.5865478515625,0.9770817756652832,854.2137451171875,533.8780517578125,0.9993661642074585,626.3451538085938,569.2955322265625,0.9303902387619019,597.3035888671875,590.7339477539062,0.9527395963668823,619.4151000976562,581.7586669921875,0.008064478635787964,665.7942504882812,586.7616577148438,0.07016423344612122,677.1067504882812,567.5610961914062,0.44633498787879944,181.93797302246094,563.9625854492188,0.012069910764694214,172.0843048095703,548.4645385742188,0.022647321224212646,693.8707885742188,555.3917236328125,0.2608286142349243,172.8343505859375,557.7291259765625,0.005396664142608643
500,258.46514892578125,478.30718994140625,0.999976634979248,203.1275634765625,472.6531982421875,0.9704574346542358,175.65155029296875,556.6193237304688,0.9990831613540649,626.2123413085938,569.1675415039062,0.786211371421814,598.0108642578125,590.6860961914062,0.9272234439849854,618.7573852539062,581.9466552734375,0.008199036121368408,666.0590209960938,586.2297973632812,0.08380267024040222,675.6393432617188,568.57275390625,0.21303582191467285,205.04920959472656,478.2972412109375,0.012899428606033325,172.49131774902344,548.0772705078125,0.021465420722961426,691.9863891601562,557.4964599609375,0.1288166344165802,204.19215393066406,476.7426452636719,0.006418764591217041
501,258.5302734375,478.4580383300781,0.9999753832817078,203.30816650390625,472.789306640625,0.9780780076980591,854.3349609375,534.182373046875,0.9994751214981079,626.1824951171875,569.4008178710938,0.8457457423210144,597.9051513671875,590.3837890625,0.9024138450622559,619.0496826171875,581.7500610351562,0.00754430890083313,665.584228515625,586.5206298828125,0.09143394231796265,676.2328491210938,567.7364501953125,0.36701351404190063,205.40133666992188,478.2620544433594,0.010843724012374878,172.42440795898438,548.2137451171875,0.021983742713928223,692.814697265625,557.025390625,0.1990133821964264,203.91746520996094,476.5584411621094,0.005333662033081055
502,258.6912536621094,478.07989501953125,0.9999791383743286,203.81356811523438,472.16015625,0.9680733680725098,854.9265747070312,533.9918212890625,0.9992356300354004,625.7560424804688,568.6770629882812,0.8564205169677734,597.8815307617188,590.7466430664062,0.9275956153869629,619.1275634765625,582.002197265625,0.009256184101104736,666.8701782226562,586.5335083007812,0.0823974609375,676.6248168945312,567.786376953125,0.5553450584411621,205.46435546875,477.8385925292969,0.011792033910751343,172.3809051513672,548.3697509765625,0.022335976362228394,693.8069458007812,555.6520385742188,0.2525978684425354,172.83338928222656,557.666015625,0.005758911371231079
503,258.5824890136719,478.33074951171875,0.999975860118866,203.55580139160156,472.4908447265625,0.9748319387435913,854.8438110351562,533.6231079101562,0.9994485378265381,626.0392456054688,569.0675659179688,0.8768678307533264,597.6416625976562,590.5368041992188,0.9076051712036133,619.3842163085938,581.8765869140625,0.007116109132766724,665.4488525390625,586.4545288085938,0.10353782773017883,675.9794921875,567.839111328125,0.2815261781215668,205.34042358398438,478.1209411621094,0.012341201305389404,172.39389038085938,548.1569213867188,0.02320203185081482,693.2056274414062,555.66796875,0.21408697962760925,204.24058532714844,476.6384582519531,0.006315767765045166
504,258.8094482421875,478.3583679199219,0.9999732971191406,203.68887329101562,472.5182800292969,0.9714164733886719,854.6527099609375,533.7195434570312,0.9991961717605591,626.5842895507812,569.6976318359375,0.9006356596946716,597.6954956054688,590.6068725585938,0.9410640001296997,619.2910766601562,581.8096923828125,0.006190240383148193,666.0784912109375,586.5119018554688,0.051896750926971436,676.2792358398438,567.794189453125,0.45639970898628235,181.90696716308594,563.9246826171875,0.012546837329864502,172.14259338378906,548.3060302734375,0.01998177170753479,693.018310546875,555.9901733398438,0.1524319052696228,172.80027770996094,557.7966918945312,0.005314439535140991
505,258.74798583984375,478.1669616699219,0.9999791383743286,204.5194854736328,472.3660888671875,0.9781608581542969,854.7373657226562,533.9991455078125,0.9993001222610474,626.5156860351562,569.2974243164062,0.8319544792175293,598.205078125,590.7362060546875,0.9300966262817383,619.0960083007812,582.3713989257812,0.008312314748764038,665.9122314453125,586.5567016601562,0.10932454466819763,676.5092163085938,568.0774536132812,0.3738252520561218,678.4669799804688,568.3185424804688,0.013000816106796265,172.2326202392578,548.2959594726562,0.02563568949699402,692.5363159179688,556.8724975585938,0.164556622505188,172.9248809814453,557.8440551757812,0.005696803331375122
506,258.78948974609375,478.3357238769531,0.9999736547470093,204.0302734375,472.36004638671875,0.9661777019500732,854.8526000976562,534.576171875,0.9993140697479248,625.837158203125,569.6904907226562,0.8764131665229797,597.55615234375,590.8251342773438,0.9463132619857788,619.3113403320312,581.7273559570312,0.007846176624298096,666.0075073242188,586.5836791992188,0.08031007647514343,675.7547607421875,568.2161254882812,0.25802719593048096,678.0023193359375,568.8935546875,0.010588794946670532,172.8142547607422,547.8214111328125,0.024154841899871826,692.5623168945312,556.9110107421875,0.12426924705505371,172.99459838867188,557.7936401367188,0.00625261664390564
507,258.6507568359375,478.3097839355469,0.9999781847000122,203.51026916503906,472.6610107421875,0.9708387851715088,854.4667358398438,533.927001953125,0.9993441104888916,625.8273315429688,569.1288452148438,0.9235736131668091,597.1829833984375,590.6644897460938,0.9556881785392761,619.2862548828125,581.7050170898438,0.008988767862319946,665.9896850585938,586.2207641601562,0.08290278911590576,675.4404296875,568.5394897460938,0.3765266537666321,677.7418212890625,568.7968139648438,0.014528125524520874,172.0079345703125,548.0699462890625,0.02103683352470398,692.0370483398438,557.341552734375,0.21132254600524902,172.76661682128906,557.712158203125,0.005610108375549316
508,258.75433349609375,478.0364990234375,0.9999748468399048,204.51303100585938,471.7701416015625,0.9643353819847107,854.2879638671875,533.6031494140625,0.9993381500244141,626.2921752929688,569.0931396484375,0.9253706932067871,597.4602661132812,590.6360473632812,0.9468472003936768,619.2533569335938,581.8790283203125,0.00855487585067749,665.8805541992188,586.3021240234375,0.06204155087471008,676.814453125,567.9750366210938,0.49070507287979126,678.6036376953125,568.422607421875,0.01188686490058899,172.3557586669922,548.2501220703125,0.021599143743515015,693.0620727539062,556.4930419921875,0.12248623371124268,204.73912048339844,476.7649230957031,0.005819559097290039
509,258.4811096191406,478.35919189453125,0.9999721050262451,204.3081512451172,472.04473876953125,0.9642860889434814,854.6175537109375,533.6492919921875,0.9993674755096436,625.9819946289062,569.271484375,0.901165783405304,597.09765625,590.5114135742188,0.9452905654907227,619.1129760742188,581.876953125,0.007791280746459961,666.2012939453125,586.7183837890625,0.07998228073120117,676.3850708007812,567.6437377929688,0.44460487365722656,206.01480102539062,477.4388427734375,0.008935153484344482,172.41270446777344,548.1021118164062,0.025209516286849976,693.519775390625,556.0646362304688,0.17138221859931946,172.8888702392578,557.7476196289062,0.0062791407108306885
510,258.5963134765625,478.33209228515625,0.9999743700027466,204.62066650390625,472.20745849609375,0.9774514436721802,854.3248291015625,534.012451171875,0.9994803667068481,625.7330932617188,569.0303344726562,0.7747514247894287,597.2955932617188,590.693603515625,0.9381342530250549,618.9039306640625,582.0828247070312,0.007867246866226196,665.4328002929688,586.355224609375,0.07494184374809265,676.5487670898438,567.6375122070312,0.18819394707679749,206.0680389404297,477.50933837890625,0.010843604803085327,172.20751953125,548.367431640625,0.023091048002243042,693.2896728515625,556.4036865234375,0.09412309527397156,172.89712524414062,557.7113037109375,0.006007075309753418
511,258.8389892578125,478.0445556640625,0.9999745488166809,204.47401428222656,471.7851257324219,0.9655922651290894,854.5615234375,534.4060668945312,0.9993072748184204,626.3905029296875,568.745361328125,0.8837630748748779,597.468505859375,590.7487182617188,0.9274826049804688,619.1572265625,582.2844848632812,0.009044766426086426,666.103759765625,586.2926635742188,0.08964705467224121,675.8843383789062,567.835693359375,0.4431133270263672,677.748291015625,568.8935546875,0.008678436279296875,172.50900268554688,547.7915649414062,0.022993743419647217,692.5205688476562,556.7797241210938,0.15707260370254517,172.95335388183594,557.7193603515625,0.005876123905181885
512,258.5695495605469,478.17620849609375,0.9999769926071167,203.95213317871094,471.8258361816406,0.9664137959480286,854.796875,534.3175048828125,0.9993408918380737,626.7634887695312,568.8294067382812,0.8705837726593018,597.6257934570312,590.8598022460938,0.9404122829437256,619.2103271484375,582.2371826171875,0.007930546998977661,666.2576904296875,586.3627319335938,0.10921293497085571,676.150390625,568.2307739257812,0.3398699462413788,182.16143798828125,563.7196044921875,0.009771138429641724,172.67051696777344,547.9523315429688,0.028785020112991333,693.016845703125,556.052001953125,0.1762012243270874,172.9667510986328,557.73974609375,0.006201416254043579
513,258.713623046875,478.32379150390625,0.9999756813049316,204.84222412109375,471.6260070800781,0.9704371690750122,854.7827758789062,533.50927734375,0.9993973970413208,626.1893920898438,568.9312744140625,0.9167649149894714,597.689453125,590.6442260742188,0.9405535459518433,619.281982421875,581.8929443359375,0.00884389877319336,665.80078125,586.0384521484375,0.06437420845031738,675.6165771484375,567.9574584960938,0.39287471771240234,677.8190307617188,568.5203247070312,0.010913044214248657,172.4302215576172,547.5376586914062,0.022206544876098633,692.3450927734375,557.0618286132812,0.0812811553478241,172.7576904296875,557.628662109375,0.005762696266174316
514,258.6944885253906,478.2390441894531,0.999971866607666,204.37933349609375,471.9794921875,0.9627394676208496,854.10009765625,533.510009765625,0.9993153810501099,625.8737182617188,568.9141235351562,0.9135422706604004,597.42138671875,590.3958740234375,0.9376205205917358,619.2337036132812,581.7593383789062,0.007335841655731201,666.0448608398438,586.5432739257812,0.07497546076774597,676.25439453125,567.4542846679688,0.49898794293403625,677.9486694335938,568.5186767578125,0.011805325746536255,172.3959197998047,547.6393432617188,0.024489492177963257,693.1328735351562,555.9817504882812,0.12374526262283325,172.78369140625,557.6006469726562,0.005824416875839233
515,258.6946105957031,478.1427917480469,0.999975860118866,203.67478942871094,472.2709655761719,0.9628435969352722,854.747802734375,533.8743896484375,0.9994354248046875,625.8485717773438,569.2137451171875,0.7531195878982544,597.3753051757812,590.9536743164062,0.9237146377563477,618.783203125,582.6094970703125,0.009057611227035522,665.6104736328125,586.7017211914062,0.07843992114067078,677.1737060546875,567.4641723632812,0.1871388554573059,205.7520751953125,478.29339599609375,0.008816808462142944,172.41297912597656,547.6736450195312,0.022022277116775513,693.1024780273438,556.45556640625,0.16886800527572632,172.81185913085938,557.6402587890625,0.00615200400352478
516,258.893310546875,478.0533447265625,0.9999752044677734,204.6909637451172,472.0343322753906,0.9665021896362305,854.3704223632812,533.6683959960938,0.9993752241134644,626.6556396484375,568.9222412109375,0.8152593970298767,597.7046508789062,590.4589233398438,0.8997998237609863,618.6353759765625,582.1707763671875,0.008485555648803711,665.2835693359375,586.6104736328125,0.06809324026107788,676.8247680664062,567.4055786132812,0.24767446517944336,268.9666442871094,491.24090576171875,0.008842617273330688,172.59791564941406,547.7366943359375,0.0256788432598114,692.4877319335938,556.3442993164062,0.08830159902572632,172.8993377685547,557.6536865234375,0.006661057472229004
517,258.7428283691406,478.1708679199219,0.9999774098396301,204.92120361328125,472.15789794921875,0.9760278463363647,854.5978393554688,533.7784423828125,0.9993681311607361,626.1871948242188,568.9739990234375,0.8273239135742188,597.9685668945312,590.7554931640625,0.9084819555282593,618.734130859375,581.8611450195312,0.010098427534103394,666.3719482421875,586.532958984375,0.08447140455245972,675.9073486328125,568.1505126953125,0.24663016200065613,206.038330078125,477.4115295410156,0.008553534746170044,172.38670349121094,547.6263427734375,0.025430530309677124,692.6424560546875,556.92626953125,0.13142609596252441,172.83566284179688,557.6712646484375,0.005996257066726685
518,258.8955078125,478.4129943847656,0.9999676942825317,205.0761260986328,471.8298645019531,0.9706588387489319,854.2344970703125,534.1509399414062,0.9994961023330688,625.2578125,569.375244140625,0.8237333297729492,597.7250366210938,590.7742309570312,0.8831579089164734,619.22265625,581.8802490234375,0.007890909910202026,666.027099609375,586.2291870117188,0.06060701608657837,676.1596069335938,567.9345092773438,0.38048213720321655,678.4397583007812,568.5759887695312,0.012251853942871094,172.21153259277344,547.7491455078125,0.023968517780303955,692.9896850585938,556.64794921875,0.12833291292190552,172.78347778320312,557.6780395507812,0.0060460567474365234
519,258.7727966308594,478.38482666015625,0.9999734163284302,205.46063232421875,471.0594177246094,0.9567173719406128,854.2825927734375,534.0560913085938,0.9993042945861816,625.7687377929688,569.083984375,0.8719667196273804,597.6212768554688,590.5791625976562,0.9292391538619995,619.1939086914062,581.75439453125,0.008911371231079102,665.7825317382812,586.2901611328125,0.06149941682815552,675.9912109375,568.2734985351562,0.3344540596008301,181.83482360839844,563.7183837890625,0.008723586797714233,172.47523498535156,547.6011352539062,0.02521488070487976,692.2670288085938,556.9778442382812,0.08719035983085632,172.87879943847656,557.6101684570312,0.006401419639587402
520,258.9229736328125,478.2989807128906,0.9999749660491943,204.75216674804688,470.9827575683594,0.9748026728630066,854.3206787109375,533.9880981445312,0.9994814395904541,625.1211547851562,569.1238403320312,0.8623206615447998,597.3569946289062,590.794677734375,0.9196784496307373,619.1248168945312,581.6234741210938,0.008807867765426636,665.9910278320312,586.3175048828125,0.07191252708435059,676.3474731445312,567.9755249023438,0.3766888678073883,678.4556884765625,568.558349609375,0.009919136762619019,172.408447265625,547.48779296875,0.023901790380477905,692.7549438476562,556.3389892578125,0.15434494614601135,172.89906311035156,557.6932373046875,0.006072670221328735
521,259.0076904296875,478.03411865234375,0.9999730587005615,204.8404541015625,471.6255187988281,0.959485650062561,854.5642700195312,533.698486328125,0.9993195533752441,626.0133056640625,568.9791870117188,0.8938905000686646,597.630615234375,590.6209106445312,0.9457844495773315,266.2660827636719,473.78790283203125,0.006057232618331909,665.9710693359375,586.6923217773438,0.05550116300582886,677.5932006835938,566.9642944335938,0.4087323248386383,182.12754821777344,563.5120849609375,0.012183576822280884,172.33323669433594,547.8831787109375,0.026918739080429077,694.082763671875,555.2410888671875,0.12469932436943054,172.95657348632812,557.76611328125,0.006257474422454834
522,258.8460693359375,478.26220703125,0.9999769330024719,204.54237365722656,472.3037109375,0.9713270664215088,853.54736328125,533.9114990234375,0.9995287656784058,626.2891845703125,568.8720092773438,0.8915342688560486,597.5414428710938,590.6844482421875,0.9018393754959106,619.1044921875,582.277099609375,0.009715944528579712,666.1490478515625,586.346435546875,0.07526716589927673,676.4325561523438,567.7236328125,0.29744452238082886,182.3064422607422,563.4768676757812,0.01233699917793274,172.56256103515625,547.6383056640625,0.030997484922409058,692.8228759765625,556.3720092773438,0.1562785804271698,172.96519470214844,557.6549072265625,0.006981462240219116
523,258.8740539550781,478.2296142578125,0.9999769330024719,204.02017211914062,472.1720886230469,0.9784833788871765,854.31689453125,533.5899658203125,0.9993932247161865,625.8966064453125,569.17041015625,0.8835515975952148,597.4588012695312,590.4198608398438,0.9383702278137207,606.056640625,582.708984375,0.006961405277252197,665.9700927734375,586.0628051757812,0.07616680860519409,676.31640625,567.5956420898438,0.27561891078948975,182.1875,563.4029541015625,0.011395454406738281,172.32386779785156,547.7058715820312,0.02606949210166931,693.4004516601562,555.859375,0.14852190017700195,172.97650146484375,557.791259765625,0.0064186155796051025
524,259.0438232421875,478.1312561035156,0.9999722838401794,203.81704711914062,470.9856262207031,0.9508144855499268,854.2496337890625,533.7911376953125,0.9992630481719971,626.6715698242188,568.4801635742188,0.8499668836593628,597.76220703125,590.635009765625,0.9340832233428955,619.3296508789062,582.4056396484375,0.0078372061252594,666.125732421875,586.0596313476562,0.08517637848854065,676.4454345703125,568.0745239257812,0.508077085018158,182.17991638183594,563.5638427734375,0.012082308530807495,172.56283569335938,547.646728515625,0.02733135223388672,692.7799682617188,556.7013549804688,0.21897488832473755,172.94692993164062,557.6920776367188,0.006975054740905762
525,259.1998596191406,478.0506286621094,0.9999651312828064,205.33033752441406,470.4892883300781,0.9863241910934448,854.8087158203125,533.881591796875,0.9993359446525574,626.1644287109375,568.6969604492188,0.7221761345863342,597.7550048828125,590.65478515625,0.9176690578460693,618.772216796875,582.5474243164062,0.008655786514282227,665.4343872070312,586.1301879882812,0.055930107831954956,676.2905883789062,567.6630859375,0.12927928566932678,181.84280395507812,563.2930297851562,0.010763883590698242,172.0479736328125,547.6188354492188,0.025444060564041138,691.8773803710938,557.1737670898438,0.09461861848831177,172.78443908691406,557.660888671875,0.005717217922210693
526,259.34539794921875,478.0155944824219,0.9999586343765259,205.02442932128906,470.720458984375,0.9764870405197144,854.7675170898438,533.9329833984375,0.9993399381637573,625.9002685546875,569.068603515625,0.9057507514953613,597.5961303710938,590.5927734375,0.9299580454826355,619.1591796875,581.5746459960938,0.008366256952285767,665.7638549804688,586.313720703125,0.08337533473968506,675.7564086914062,568.1981201171875,0.3184735178947449,182.09596252441406,563.36474609375,0.010797739028930664,172.1106414794922,546.9581909179688,0.025904804468154907,692.0364990234375,557.4154052734375,0.0689191222190857,172.6144561767578,557.473876953125,0.005953848361968994
527,259.1251525878906,478.0582275390625,0.9999690055847168,204.77218627929688,471.7689208984375,0.9800456762313843,854.8060913085938,533.6522827148438,0.9994720220565796,626.5459594726562,568.5822143554688,0.9059611558914185,597.5343017578125,590.6201782226562,0.9438841342926025,619.360595703125,582.1000366210938,0.00947946310043335,666.2985229492188,585.9716796875,0.07624310255050659,675.9937133789062,568.0292358398438,0.4205951690673828,678.3366088867188,568.2509765625,0.014590263366699219,172.21771240234375,547.2380981445312,0.02919188141822815,692.19189453125,557.5322875976562,0.1709572970867157,172.7645263671875,557.5181884765625,0.006845831871032715
528,258.9546203613281,478.05767822265625,0.9999682903289795,204.88079833984375,472.03509521484375,0.9842390418052673,854.1935424804688,533.9548950195312,0.9995536804199219,626.4346923828125,568.7362670898438,0.7699957489967346,597.798095703125,590.6619873046875,0.9181827306747437,619.098876953125,582.2171630859375,0.007600277662277222,666.3663940429688,586.8379516601562,0.0742577314376831,677.7549438476562,567.3795776367188,0.43225669860839844,181.82394409179688,563.2613525390625,0.010107100009918213,172.35150146484375,546.9733276367188,0.026120930910110474,693.3897094726562,555.974365234375,0.10422790050506592,172.7744598388672,557.513671875,0.006118595600128174
529,258.9833984375,477.9546203613281,0.9999732375144958,205.10125732421875,471.1308898925781,0.9830714464187622,854.5740966796875,533.2986450195312,0.9994148015975952,626.157958984375,569.0234375,0.8926026821136475,597.7549438476562,590.6619873046875,0.9358967542648315,619.45703125,581.9827270507812,0.008651524782180786,665.8416748046875,586.0787353515625,0.0732516348361969,675.7283325195312,568.157470703125,0.35973668098449707,182.06114196777344,563.4231567382812,0.012669354677200317,172.4620361328125,547.138427734375,0.028220295906066895,691.7910766601562,557.483154296875,0.15165364742279053,172.8276824951172,557.5812377929688,0.0064088404178619385
530,258.848876953125,478.0943603515625,0.9999744296073914,204.67486572265625,472.0155029296875,0.9797616004943848,854.4560546875,533.9586791992188,0.9994635581970215,626.6301879882812,569.0816040039062,0.860695481300354,597.8902587890625,590.5968627929688,0.8962684273719788,618.966796875,582.5093383789062,0.01020994782447815,666.354248046875,585.9854736328125,0.06912270188331604,675.735595703125,568.3230590820312,0.3945764899253845,205.93775939941406,477.47344970703125,0.010722756385803223,172.4153594970703,547.124755859375,0.026128172874450684,692.8280029296875,556.6043090820312,0.22922363877296448,172.75367736816406,557.6171875,0.0062001049518585205
531,259.0386657714844,478.0655517578125,0.9999767541885376,204.5096893310547,472.0068054199219,0.9762930870056152,854.787841796875,533.9581909179688,0.9994625449180603,625.68408203125,569.0603637695312,0.8559093475341797,597.7828369140625,590.6107177734375,0.9128941893577576,619.0137329101562,582.0630493164062,0.007431626319885254,665.89892578125,586.7684326171875,0.07914659380912781,676.3989868164062,567.7081909179688,0.2505838871002197,182.2476348876953,563.6431884765625,0.012012600898742676,172.6442413330078,547.4133911132812,0.030922889709472656,693.0396728515625,556.2111206054688,0.10370150208473206,172.94024658203125,557.6583251953125,0.0066047608852386475
532,259.1169738769531,477.8969421386719,0.9999754428863525,204.96775817871094,471.3611755371094,0.9853127002716064,855.2276611328125,533.2948608398438,0.9993634223937988,626.4265747070312,569.3411865234375,0.7984979152679443,598.11962890625,590.8650512695312,0.91517573595047,619.058837890625,582.3109130859375,0.0067213475704193115,665.3604736328125,586.7308959960938,0.05338504910469055,677.2105102539062,567.0872802734375,0.23870760202407837,182.1876678466797,563.4617919921875,0.010422825813293457,172.63087463378906,546.8447875976562,0.030969858169555664,692.5101318359375,556.9164428710938,0.07092621922492981,172.9809112548828,557.6615600585938,0.006159067153930664
533,259.1538391113281,477.9637451171875,0.9999749660491943,204.3970947265625,471.0557556152344,0.9796934127807617,854.5044555664062,533.5490112304688,0.999380350112915,626.4895629882812,569.2073364257812,0.8547346591949463,598.05126953125,591.0311279296875,0.8994331359863281,619.1240844726562,582.3806762695312,0.007917970418930054,664.9364624023438,586.562255859375,0.08769235014915466,676.0211791992188,567.7545166015625,0.29456913471221924,182.02822875976562,563.286376953125,0.013775944709777832,172.46644592285156,546.9230346679688,0.02914568781852722,692.36181640625,556.0916137695312,0.1619473695755005,172.90269470214844,557.6328735351562,0.005949109792709351
534,259.2081604003906,477.9454650878906,0.9999716281890869,204.7220458984375,471.50213623046875,0.9811471700668335,854.8418579101562,533.8831176757812,0.9993656277656555,626.3991088867188,568.6791381835938,0.8303924798965454,597.7894287109375,590.5264282226562,0.9000937342643738,618.9066162109375,582.4327392578125,0.008473247289657593,666.4269409179688,586.7027587890625,0.05660417675971985,677.1072998046875,567.4148559570312,0.3806030750274658,182.01210021972656,563.3880004882812,0.009579360485076904,172.49667358398438,546.8975219726562,0.030191808938980103,693.10595703125,556.0363159179688,0.10477030277252197,172.8585662841797,557.5748901367188,0.006242185831069946
535,259.41729736328125,477.8379211425781,0.999972939491272,204.69639587402344,471.2527160644531,0.98888099193573,854.5498657226562,533.5277099609375,0.9994346499443054,626.3472290039062,569.04931640625,0.8732377290725708,597.544189453125,590.6776123046875,0.9030947685241699,619.002197265625,582.0651245117188,0.008904337882995605,665.6759643554688,586.4773559570312,0.060493797063827515,676.72119140625,567.6683959960938,0.2915682792663574,678.5435180664062,568.135498046875,0.01271715760231018,172.54930114746094,546.7203979492188,0.029115259647369385,692.4008178710938,556.7807006835938,0.06086170673370361,172.79701232910156,557.599609375,0.0064833760261535645
536,259.2193908691406,477.92669677734375,0.9999725818634033,204.65147399902344,472.289306640625,0.9849718809127808,854.1102905273438,533.2785034179688,0.9993863105773926,626.2551879882812,568.9261474609375,0.896561324596405,597.7008056640625,590.4951171875,0.9275842905044556,266.17266845703125,473.7526550292969,0.0072772204875946045,665.263427734375,586.1560668945312,0.09159940481185913,676.4967651367188,567.6849975585938,0.43739843368530273,678.3184814453125,568.2369384765625,0.01219034194946289,172.43386840820312,546.76611328125,0.028904378414154053,692.9080200195312,556.36376953125,0.16174569725990295,172.8101043701172,557.6359252929688,0.006156235933303833
537,259.4193420410156,478.0404357910156,0.9999717473983765,204.895751953125,471.4974365234375,0.9842062592506409,175.33009338378906,555.2538452148438,0.9991556406021118,626.2973022460938,568.6625366210938,0.7812235355377197,598.0260009765625,590.7625732421875,0.8829858303070068,618.7005615234375,582.4232788085938,0.010642915964126587,666.0186157226562,586.8317260742188,0.06905743479728699,677.8182983398438,567.0454711914062,0.4823433756828308,678.9256591796875,567.9644165039062,0.011575967073440552,172.58462524414062,547.0634155273438,0.026806771755218506,693.27685546875,556.04345703125,0.07113891839981079,172.83865356445312,557.68701171875,0.006111502647399902
538,259.2900390625,477.80316162109375,0.9999781847000122,204.09141540527344,472.1029052734375,0.9803181886672974,855.02587890625,533.8660888671875,0.9993066787719727,626.5039672851562,568.6730346679688,0.8448123931884766,597.8650512695312,590.7484130859375,0.8833948373794556,618.91748046875,582.11572265625,0.009406954050064087,615.9618530273438,588.7808227539062,0.05092945694923401,677.5604858398438,567.199951171875,0.542290449142456,182.2484893798828,562.732421875,0.013111263513565063,172.2975311279297,546.8955688476562,0.027898550033569336,694.0336303710938,555.1726684570312,0.12966403365135193,172.80914306640625,557.7212524414062,0.006219804286956787
539,259.52569580078125,477.82843017578125,0.9999711513519287,204.96656799316406,470.72821044921875,0.979022741317749,854.3954467773438,533.5628051757812,0.9991294741630554,626.13134765625,569.1436767578125,0.7605792284011841,597.5118408203125,590.704833984375,0.9341311454772949,619.2837524414062,582.5476684570312,0.006922721862792969,665.8359375,586.846435546875,0.05095881223678589,676.6603393554688,567.3226318359375,0.3096291422843933,182.71836853027344,563.163818359375,0.011076390743255615,172.90162658691406,546.844970703125,0.028174489736557007,693.135986328125,555.6702880859375,0.11323752999305725,172.96820068359375,557.6842041015625,0.006585270166397095
540,259.4410400390625,477.78570556640625,0.999976634979248,204.68626403808594,471.1087646484375,0.9846354722976685,854.4631958007812,533.7220458984375,0.9992694854736328,626.1007080078125,569.4136962890625,0.7604999542236328,597.5142822265625,590.7656860351562,0.9084473848342896,618.8705444335938,582.4976196289062,0.008755683898925781,665.6648559570312,586.5065307617188,0.06988522410392761,676.2025756835938,567.6301879882812,0.15430855751037598,182.1986846923828,562.935302734375,0.010001063346862793,172.51416015625,546.5755615234375,0.026835769414901733,692.0498046875,556.6539306640625,0.15156275033950806,172.8387908935547,557.5565795898438,0.005855560302734375
541,259.599365234375,477.649658203125,0.9999698400497437,204.86627197265625,471.4167785644531,0.9790256023406982,854.0011596679688,534.0508422851562,0.9994984865188599,626.010009765625,569.4757080078125,0.8300594091415405,597.7080078125,590.6187133789062,0.9136658310890198,618.9205932617188,582.18994140625,0.007998377084732056,665.4861450195312,586.4595947265625,0.06103447079658508,676.8535766601562,567.2647094726562,0.18135088682174683,206.43606567382812,477.2156982421875,0.010112732648849487,172.779052734375,546.653564453125,0.026986509561538696,692.8865356445312,556.5628662109375,0.060662657022476196,172.83677673339844,557.6029052734375,0.006216496229171753
542,259.5672912597656,477.7035827636719,0.9999747276306152,205.06048583984375,470.3238525390625,0.9858003258705139,853.8640747070312,533.0510864257812,0.9992326498031616,626.3585205078125,568.515625,0.7018908262252808,598.41357421875,590.7554931640625,0.861253023147583,618.3719482421875,582.7296142578125,0.009783565998077393,665.4337768554688,586.9802856445312,0.06989258527755737,679.4580688476562,566.2207641601562,0.37334489822387695,182.55905151367188,563.5643920898438,0.012536555528640747,172.51295471191406,546.166015625,0.029669582843780518,693.39892578125,555.940673828125,0.08009862899780273,172.7698974609375,557.58056640625,0.005779057741165161
543,259.6975402832031,477.6303405761719,0.999973475933075,204.58493041992188,471.357666015625,0.9736707806587219,854.4306640625,533.222900390625,0.9990861415863037,625.8377075195312,568.9561157226562,0.8509753346443176,597.533935546875,590.5894775390625,0.9232226014137268,619.04296875,582.0054931640625,0.0074461400508880615,665.768798828125,586.2573852539062,0.07925525307655334,676.1513671875,567.2673950195312,0.27128154039382935,182.7782745361328,562.8126831054688,0.013269633054733276,172.81346130371094,546.24658203125,0.028548002243041992,692.7579345703125,555.8650512695312,0.13194766640663147,172.77479553222656,557.5621337890625,0.006007790565490723
544,259.79412841796875,477.589599609375,0.9999688863754272,204.50616455078125,471.1133117675781,0.9817183017730713,854.12451171875,533.3986206054688,0.9994325637817383,625.5317993164062,569.323974609375,0.836829662322998,597.496337890625,590.8194580078125,0.9239217042922974,618.816162109375,582.1962890625,0.009197831153869629,665.2387084960938,586.7655639648438,0.07526019215583801,676.8287353515625,567.534423828125,0.2636738717556,182.60903930664062,562.6984252929688,0.011714518070220947,172.64759826660156,546.3383178710938,0.029120057821273804,691.8635864257812,557.1997680664062,0.07093402743339539,172.81735229492188,557.535888671875,0.005881458520889282
545,259.3960876464844,477.5880126953125,0.9999797940254211,204.6122589111328,470.13330078125,0.9680376052856445,854.5675048828125,534.1521606445312,0.9993187189102173,626.3452758789062,568.9669189453125,0.8139339685440063,597.4468994140625,590.8619995117188,0.9222637414932251,618.7557983398438,582.489013671875,0.009871572256088257,616.116455078125,588.4931030273438,0.03955259919166565,677.3866577148438,567.0899658203125,0.28468120098114014,182.47691345214844,562.6565551757812,0.01356390118598938,172.63516235351562,546.3169555664062,0.029156416654586792,861.0291748046875,524.9434204101562,0.05465584993362427,172.81089782714844,557.59228515625,0.0057942867279052734
546,259.55743408203125,477.515380859375,0.9999773502349854,204.80718994140625,470.56689453125,0.9824544787406921,854.83544921875,533.9828491210938,0.9992620944976807,626.321533203125,568.6130981445312,0.8776161670684814,597.4403076171875,590.7681274414062,0.9511705636978149,619.24560546875,582.06494140625,0.008477717638015747,666.6265869140625,586.5921630859375,0.07258951663970947,677.0674438476562,567.5588989257812,0.6060203313827515,678.4057006835938,568.4942016601562,0.012822628021240234,172.52154541015625,546.0580444335938,0.02791142463684082,693.5148315429688,555.6600952148438,0.11778897047042847,172.7265625,557.4042358398438,0.005415439605712891
547,259.6048583984375,477.4958190917969,0.9999737739562988,205.01405334472656,470.5583190917969,0.9843831658363342,854.53857421875,533.510009765625,0.999386191368103,626.1812744140625,568.4197998046875,0.8677989840507507,597.6718139648438,590.457275390625,0.9100207090377808,618.9978637695312,581.6676025390625,0.008364319801330566,665.78076171875,586.5005493164062,0.05757182836532593,677.7523193359375,566.9469604492188,0.5965577363967896,182.66151428222656,562.49951171875,0.01430538296699524,172.93145751953125,546.4320678710938,0.029233038425445557,693.6163330078125,555.0596313476562,0.18672803044319153,172.91331481933594,557.5562744140625,0.005981922149658203
548,259.6863098144531,477.48675537109375,0.9999749660491943,204.9057159423828,470.62347412109375,0.9711157083511353,854.4536743164062,533.4666137695312,0.9993777871131897,626.0005493164062,569.1746215820312,0.8016657829284668,597.6793823242188,590.8983154296875,0.922794759273529,618.9180908203125,582.017822265625,0.007172197103500366,665.4490356445312,586.82861328125,0.05694738030433655,678.8375854492188,566.379638671875,0.3738962411880493,182.6457061767578,563.4808959960938,0.012315124273300171,172.61630249023438,546.177978515625,0.027564972639083862,692.757568359375,556.1981811523438,0.10165801644325256,172.77955627441406,557.445556640625,0.005891710519790649
549,259.6442565917969,477.4935302734375,0.9999710321426392,205.45628356933594,469.75848388671875,0.9777167439460754,854.2234497070312,533.5538330078125,0.9994497895240784,625.437255859375,569.4422607421875,0.8153703212738037,597.6915283203125,590.9298706054688,0.9118077754974365,618.95458984375,582.1257934570312,0.008519291877746582,666.339111328125,586.6729736328125,0.08679765462875366,677.2144165039062,567.283447265625,0.37504810094833374,182.69699096679688,563.6220092773438,0.013985782861709595,172.76153564453125,546.4635620117188,0.029547423124313354,692.8236083984375,556.1830444335938,0.2028748095035553,172.87252807617188,557.4839477539062,0.00621458888053894
550,259.8454895019531,477.51373291015625,0.9999727010726929,205.4439239501953,469.6875305175781,0.9749075770378113,854.584228515625,533.4283447265625,0.9993336796760559,625.9464111328125,569.221923828125,0.8142882585525513,597.5272216796875,590.6680908203125,0.893073558807373,618.9022827148438,581.7742919921875,0.008788257837295532,665.7174682617188,586.177978515625,0.06684738397598267,676.4537963867188,567.841064453125,0.2999415993690491,182.39666748046875,563.2847290039062,0.01419171690940857,172.6500701904297,545.8977661132812,0.02909734845161438,692.1953125,556.7542114257812,0.1088779866695404,172.7319793701172,557.4323120117188,0.006086826324462891
551,259.6584777832031,477.4753723144531,0.999977707862854,205.186279296875,469.9910888671875,0.980719268321991,854.2278442382812,532.75634765625,0.999241054058075,626.46826171875,568.952880859375,0.8185868263244629,597.7417602539062,590.90283203125,0.9381159543991089,618.9176025390625,582.3905029296875,0.008764714002609253,666.1973266601562,586.2600708007812,0.06652456521987915,676.6312255859375,567.818603515625,0.2303251028060913,182.2633514404297,563.1438598632812,0.014732390642166138,172.33970642089844,545.779052734375,0.025960713624954224,692.39794921875,556.3814086914062,0.09096047282218933,172.67916870117188,557.4007568359375,0.005173414945602417
552,259.8098449707031,477.5493469238281,0.9999716877937317,205.08700561523438,469.7218017578125,0.977052628993988,854.9002075195312,532.9983520507812,0.9992740154266357,626.1311645507812,568.6459350585938,0.8075768947601318,597.9602661132812,590.8673095703125,0.898181676864624,618.8758544921875,582.5006103515625,0.009830057621002197,613.13916015625,589.4371948242188,0.042100727558135986,677.3641357421875,566.7194213867188,0.29279255867004395,182.2896270751953,563.0810546875,0.01413533091545105,172.43063354492188,545.7098388671875,0.024682432413101196,693.4027099609375,555.4285278320312,0.09197211265563965,172.6471710205078,557.3430786132812,0.005226343870162964
553,259.6643981933594,477.598388671875,0.9999756813049316,205.29347229003906,471.5617370605469,0.9862912893295288,854.6368408203125,533.5604248046875,0.9993491172790527,626.182861328125,568.7826538085938,0.8950344920158386,597.685546875,591.0513916015625,0.9149565696716309,619.4224243164062,581.8418579101562,0.00877612829208374,666.5250854492188,586.7116088867188,0.0635962188243866,676.920166015625,567.622802734375,0.5026676058769226,182.8059539794922,563.39013671875,0.014093279838562012,172.64932250976562,545.98779296875,0.028537869453430176,693.3637084960938,555.7698974609375,0.1330173909664154,172.7164764404297,557.4518432617188,0.006130903959274292
554,259.7109680175781,477.3504638671875,0.9999772310256958,204.59629821777344,471.6040954589844,0.9873809814453125,854.5050048828125,533.7911987304688,0.9993913173675537,626.09375,568.90869140625,0.8468568325042725,597.80224609375,591.0846557617188,0.9158980846405029,619.1923217773438,582.055908203125,0.007444530725479126,666.385498046875,586.3273315429688,0.03925618529319763,677.5375366210938,567.581298828125,0.6228917241096497,182.8936309814453,563.4456787109375,0.012888073921203613,172.72113037109375,545.744384765625,0.027044177055358887,693.6672973632812,555.4049072265625,0.12741070985794067,172.72520446777344,557.4533081054688,0.005737125873565674
555,259.6990661621094,477.4616394042969,0.9999767541885376,204.76593017578125,470.8654479980469,0.9850828051567078,854.605224609375,534.009033203125,0.9992713332176208,625.84033203125,568.7535400390625,0.8528448343276978,597.3915405273438,590.9100341796875,0.9076594114303589,618.8462524414062,582.1279907226562,0.008443564176559448,666.4114379882812,586.5311889648438,0.06395536661148071,676.6792602539062,567.6719360351562,0.4308999180793762,182.88243103027344,563.4373168945312,0.014567852020263672,172.7541046142578,545.83642578125,0.0272810161113739,692.39990234375,556.4583740234375,0.1558871567249298,172.80772399902344,557.425537109375,0.005321502685546875
556,259.9111022949219,477.328125,0.9999775886535645,205.33143615722656,470.3933410644531,0.9845907688140869,854.6472778320312,533.8831787109375,0.9992774724960327,625.723876953125,569.1185913085938,0.7947241067886353,597.7362670898438,591.2283325195312,0.8893197178840637,618.9156494140625,581.4041748046875,0.007013827562332153,665.1907348632812,586.6366577148438,0.05618956685066223,676.8576049804688,566.8614501953125,0.2343761920928955,182.7328338623047,563.5629272460938,0.013934582471847534,172.67849731445312,545.8435668945312,0.026447564363479614,692.5079956054688,556.5897827148438,0.10305625200271606,172.74208068847656,557.41748046875,0.005236595869064331
557,259.7186584472656,477.12371826171875,0.9999775886535645,205.35980224609375,470.2904357910156,0.9890947937965393,855.0718994140625,534.1293334960938,0.9993171691894531,626.0905151367188,568.835693359375,0.845310389995575,597.5242309570312,590.8897094726562,0.9038324952125549,619.138427734375,581.8385620117188,0.008254528045654297,665.52001953125,586.7596435546875,0.057984232902526855,677.0581665039062,567.021240234375,0.402971088886261,182.7104034423828,563.295166015625,0.014938384294509888,172.8907012939453,545.5870971679688,0.026165783405303955,693.1152954101562,556.3081665039062,0.12218451499938965,172.7799835205078,557.2841186523438,0.005122840404510498
558,259.7884521484375,477.2274169921875,0.9999786615371704,205.35365295410156,470.3251953125,0.9798911809921265,854.3443603515625,534.2591552734375,0.9993807673454285,627.0389404296875,568.5518188476562,0.8303719758987427,598.3084106445312,590.60107421875,0.8703364133834839,619.0494384765625,582.3843994140625,0.008229434490203857,665.6943969726562,587.1118774414062,0.05708378553390503,677.9984130859375,566.6447143554688,0.3553861379623413,183.41209411621094,563.4012451171875,0.016889721155166626,173.0825958251953,545.6399536132812,0.02778249979019165,692.6384887695312,556.1885375976562,0.08357977867126465,172.91212463378906,557.3643188476562,0.005535781383514404
559,259.7969055175781,477.2796325683594,0.9999774694442749,205.65689086914062,470.0251159667969,0.9810754060745239,854.6818237304688,534.0390014648438,0.9993706941604614,626.3142700195312,568.7122802734375,0.8380487561225891,597.4799194335938,590.7578735351562,0.9353077411651611,619.2042846679688,582.096435546875,0.006574690341949463,665.90283203125,586.6633911132812,0.09878456592559814,676.620849609375,567.1217041015625,0.3299930691719055,182.80369567871094,563.2611694335938,0.01601240038871765,172.74163818359375,545.6675415039062,0.024859458208084106,693.0374145507812,555.7310180664062,0.13223770260810852,172.78375244140625,557.2174072265625,0.005141407251358032
560,259.492431640625,477.38818359375,0.999976634979248,204.58822631835938,470.8644104003906,0.9865983128547668,854.5344848632812,533.58447265625,0.9994839429855347,625.7357788085938,568.7332153320312,0.8539260625839233,597.7437133789062,590.8319702148438,0.921729564666748,618.9623413085938,581.8697509765625,0.008307158946990967,666.3345947265625,586.5170288085938,0.07770851254463196,678.7598876953125,566.4757690429688,0.43178725242614746,182.90318298339844,563.5003051757812,0.013496249914169312,172.69113159179688,545.6829833984375,0.027579009532928467,693.3353271484375,555.6905517578125,0.07911491394042969,172.84207153320312,557.4688720703125,0.0054926276206970215
561,259.9128723144531,477.2115173339844,0.9999788403511047,204.76846313476562,471.8460693359375,0.9802572727203369,854.8001708984375,533.0023803710938,0.9992570877075195,625.6737060546875,568.8497314453125,0.7451924085617065,597.4526977539062,591.0357055664062,0.9374182224273682,618.8522338867188,582.107666015625,0.00914621353149414,665.2516479492188,586.57861328125,0.07223987579345703,677.4495849609375,566.701416015625,0.3287375867366791,183.14041137695312,563.48681640625,0.013805538415908813,172.8776397705078,545.6369018554688,0.02526676654815674,692.7866821289062,556.2451171875,0.1260286569595337,172.8708953857422,557.3394775390625,0.00520402193069458
562,260.0945739746094,477.3454895019531,0.9999765157699585,205.16123962402344,471.2613830566406,0.9853599667549133,176.4551544189453,554.9927368164062,0.9992599487304688,626.5855102539062,568.3552856445312,0.7224919199943542,597.6253051757812,590.818359375,0.9149565696716309,618.7797241210938,582.6890869140625,0.009349048137664795,665.8252563476562,586.0449829101562,0.08653131127357483,676.563232421875,568.0330810546875,0.25515663623809814,182.79270935058594,563.2936401367188,0.014600574970245361,172.72927856445312,545.6979370117188,0.024501800537109375,692.5372924804688,556.654052734375,0.11613565683364868,618.4185791015625,588.2327880859375,0.005193650722503662
563,260.1202392578125,477.3263854980469,0.9999750852584839,205.60964965820312,471.3111877441406,0.978656530380249,854.7273559570312,534.028564453125,0.9993164539337158,626.242919921875,568.85400390625,0.7389986515045166,597.9129028320312,590.7115478515625,0.9044305682182312,618.8165283203125,582.7408447265625,0.009059697389602661,666.7819213867188,586.8034057617188,0.06613647937774658,677.458740234375,566.8434448242188,0.4470505118370056,182.58993530273438,563.2975463867188,0.014958500862121582,172.63766479492188,545.399658203125,0.024566441774368286,693.3557739257812,555.5247802734375,0.14426854252815247,172.7803192138672,557.261474609375,0.005239248275756836
564,260.0098571777344,477.1930236816406,0.9999710321426392,205.3426513671875,471.565185546875,0.9742489457130432,854.61767578125,533.2978515625,0.9993565082550049,626.1436767578125,568.9429321289062,0.8259974718093872,597.5433959960938,590.8591918945312,0.9223301410675049,618.9088745117188,582.2278442382812,0.010331183671951294,666.596435546875,586.6470336914062,0.09013089537620544,677.4819946289062,566.8095703125,0.4531154930591583,182.6725616455078,563.2373657226562,0.014583975076675415,172.7586212158203,545.4686279296875,0.025547951459884644,693.7534790039062,555.1492309570312,0.16304641962051392,172.8249053955078,557.278076171875,0.005402177572250366
565,260.1070556640625,477.0634460449219,0.9999727010726929,205.83267211914062,469.93280029296875,0.963215708732605,854.700439453125,533.9328002929688,0.999388575553894,626.0809936523438,568.9360961914062,0.7279695868492126,597.4945068359375,590.8692626953125,0.9075040221214294,618.7271728515625,582.556884765625,0.010778039693832397,665.8331298828125,586.5571899414062,0.07159554958343506,676.9598388671875,567.22265625,0.347589910030365,183.2269287109375,563.3084106445312,0.015269100666046143,172.7708282470703,545.5576782226562,0.02518877387046814,692.6396484375,556.254638671875,0.19463881850242615,618.4607543945312,588.1514282226562,0.005658596754074097
566,259.9044189453125,477.29241943359375,0.9999700784683228,205.1981964111328,471.4302673339844,0.9812804460525513,854.3717041015625,533.9407958984375,0.9994767904281616,626.3353881835938,568.8997192382812,0.7922866344451904,597.6456298828125,590.9066772460938,0.9239581823348999,619.114990234375,582.2393188476562,0.008282184600830078,665.6006469726562,586.7619018554688,0.045921504497528076,677.41455078125,566.6281127929688,0.3441527485847473,182.9541015625,563.0691528320312,0.013752013444900513,172.79295349121094,545.4304809570312,0.02576237916946411,692.9279174804688,555.8182983398438,0.10180699825286865,172.75558471679688,557.341796875,0.005395621061325073
567,259.80303955078125,477.216796875,0.9999713897705078,204.3369598388672,472.5129089355469,0.9721750020980835,855.013671875,534.030517578125,0.9994637966156006,626.3377685546875,568.9437866210938,0.6928925514221191,597.7954711914062,591.1893920898438,0.9048634767532349,618.7940673828125,582.4790649414062,0.00765836238861084,666.1100463867188,586.7403564453125,0.08184853196144104,676.884765625,567.8154296875,0.37126851081848145,183.0105438232422,563.0746459960938,0.013330340385437012,172.80685424804688,545.2437133789062,0.02348276972770691,693.9173583984375,555.0359497070312,0.24443969130516052,172.7713623046875,557.1843872070312,0.005496859550476074
568,259.8473815917969,477.36456298828125,0.9999712705612183,204.61643981933594,471.3929748535156,0.9886279106140137,854.4257202148438,533.6062622070312,0.9994251132011414,626.4542236328125,568.8847045898438,0.7648487091064453,597.9618530273438,590.8843383789062,0.9053863883018494,618.7556762695312,582.4588012695312,0.00854310393333435,665.2693481445312,586.7692260742188,0.046533793210983276,677.5821533203125,566.7572631835938,0.16593888401985168,183.0083770751953,563.0285034179688,0.013455778360366821,172.8366241455078,545.466064453125,0.024048030376434326,692.6981201171875,555.964599609375,0.106162428855896,172.8052215576172,557.1723022460938,0.0054638683795928955
569,260.1961364746094,477.0654602050781,0.9999630451202393,204.98410034179688,470.8932189941406,0.9816918969154358,854.6564331054688,534.2024536132812,0.9994012117385864,626.3335571289062,568.9801025390625,0.8224197626113892,597.9422607421875,590.7254028320312,0.8876258134841919,618.802001953125,582.4227905273438,0.009238481521606445,665.1033935546875,586.4188842773438,0.07555955648422241,676.40234375,567.2410888671875,0.2915433645248413,182.90640258789062,563.0379638671875,0.014711350202560425,172.78919982910156,545.3828125,0.024492204189300537,693.1519165039062,555.8313598632812,0.18615469336509705,618.70361328125,588.1044311523438,0.005234092473983765
570,259.9719543457031,477.119384765625,0.9999676942825317,205.0977020263672,470.8919677734375,0.9848313331604004,854.7750854492188,533.8252563476562,0.9994663000106812,626.1358642578125,568.9629516601562,0.831896185874939,597.741455078125,590.7656860351562,0.9038002490997314,619.1375732421875,582.3773803710938,0.007267773151397705,665.4060668945312,586.4638061523438,0.04868596792221069,677.2656860351562,567.4442138671875,0.1998816728591919,182.95794677734375,563.1622314453125,0.014870107173919678,172.7713165283203,545.3294677734375,0.026914358139038086,692.9581298828125,556.8007202148438,0.11173349618911743,172.8386688232422,557.1077270507812,0.005329906940460205
571,260.0762939453125,476.9959411621094,0.9999679327011108,204.80142211914062,470.4599609375,0.9808028936386108,854.5807495117188,533.9331665039062,0.9994022250175476,626.2685546875,568.8469848632812,0.828315019607544,597.9417724609375,590.6561889648438,0.8779125213623047,619.0079956054688,582.0375366210938,0.008882969617843628,665.9834594726562,586.2203979492188,0.05666795372962952,676.890869140625,567.1898193359375,0.49255868792533875,183.0236053466797,562.6898803710938,0.020189404487609863,173.8441619873047,541.9378662109375,0.02545878291130066,693.3153686523438,556.0098266601562,0.17008662223815918,172.67906188964844,557.04248046875,0.00488048791885376
572,260.20574951171875,476.9054870605469,0.9999706745147705,205.58114624023438,470.51446533203125,0.9813882112503052,854.7842407226562,533.3703002929688,0.9994192123413086,626.5548706054688,568.9004516601562,0.7254859805107117,598.1873779296875,590.5288696289062,0.8935831785202026,618.8388671875,582.4649047851562,0.007373988628387451,665.5562744140625,586.7769165039062,0.09847131371498108,676.4310913085938,567.347900390625,0.2622528076171875,182.89581298828125,563.0496215820312,0.020085632801055908,172.75987243652344,545.0206909179688,0.022829890251159668,692.8350219726562,556.1190185546875,0.2817241847515106,172.78106689453125,556.985107421875,0.004952102899551392
573,260.2430419921875,477.168701171875,0.9999704360961914,205.3278045654297,470.9400939941406,0.9733980894088745,176.57200622558594,553.75244140625,0.9992172718048096,624.94482421875,569.3375244140625,0.8067493438720703,597.7152709960938,590.8263549804688,0.8883746266365051,618.939208984375,581.6561279296875,0.009012162685394287,665.5220336914062,586.5693969726562,0.07968559861183167,676.597900390625,567.2406005859375,0.27165642380714417,182.5533905029297,562.810546875,0.015830248594284058,172.84396362304688,545.0811157226562,0.021441936492919922,692.3219604492188,556.6553955078125,0.18868213891983032,172.806640625,556.8995971679688,0.0048094093799591064
574,260.0246887207031,477.12445068359375,0.9999731779098511,204.86154174804688,471.44659423828125,0.9778604507446289,176.69036865234375,554.3585815429688,0.9992936253547668,626.4736328125,568.6492919921875,0.8247315287590027,597.720458984375,590.8363647460938,0.9187507033348083,619.010498046875,582.6893920898438,0.009167194366455078,665.2879638671875,586.8099365234375,0.0726490318775177,679.3748168945312,565.7874755859375,0.34218838810920715,183.0484161376953,563.16357421875,0.014737248420715332,172.7682647705078,545.3030395507812,0.025646984577178955,693.08349609375,555.3025512695312,0.114484041929245,172.91769409179688,557.1565551757812,0.005531579256057739
575,260.0825500488281,477.0969543457031,0.9999771118164062,204.43606567382812,471.4178161621094,0.9767628908157349,176.64089965820312,554.1362915039062,0.9992357492446899,626.1326293945312,569.0830078125,0.7771472334861755,598.1627197265625,591.0702514648438,0.8936480283737183,619.0997924804688,582.4029541015625,0.008082389831542969,665.7191772460938,586.8140258789062,0.09139013290405273,676.7056274414062,566.5347900390625,0.37461337447166443,182.857666015625,563.0173950195312,0.01456153392791748,172.57534790039062,545.386962890625,0.0233151912689209,692.2705688476562,556.1139526367188,0.11612489819526672,172.809814453125,557.0830078125,0.004882782697677612
576,260.1700134277344,477.1588134765625,0.9999717473983765,204.406982421875,471.0832214355469,0.9837406873703003,176.46372985839844,554.0708618164062,0.999262273311615,626.2486572265625,569.5241088867188,0.8590084910392761,597.4989013671875,590.9832153320312,0.9422597885131836,618.965576171875,581.9319458007812,0.0074867308139801025,665.2105102539062,586.9341430664062,0.06746706366539001,677.1800537109375,566.6727905273438,0.17087629437446594,182.78640747070312,562.9199829101562,0.013618886470794678,172.39576721191406,545.2476806640625,0.023729562759399414,692.7177124023438,556.258544921875,0.11785730719566345,172.71194458007812,557.0643310546875,0.004929900169372559
577,260.10223388671875,477.0631103515625,0.9999668598175049,204.63768005371094,471.4504699707031,0.9826087951660156,854.8036499023438,533.7733764648438,0.9994280934333801,626.1428833007812,569.1215209960938,0.8097060918807983,597.76953125,591.1332397460938,0.9416313171386719,619.2138671875,582.3446044921875,0.008093595504760742,665.0578002929688,586.5478515625,0.09458792209625244,676.4139404296875,567.4830322265625,0.29111534357070923,182.98243713378906,562.9876708984375,0.014164447784423828,172.59222412109375,545.5187377929688,0.023849785327911377,691.8936767578125,556.78369140625,0.2048914134502411,172.8415069580078,557.0988159179688,0.005135774612426758
578,260.505615234375,477.10601806640625,0.9999691247940063,204.89576721191406,471.8659973144531,0.9754688739776611,854.360595703125,534.0953369140625,0.9994819164276123,626.2250366210938,568.6807250976562,0.8035742044448853,598.0909423828125,590.9790649414062,0.9316951036453247,619.1529541015625,582.5039672851562,0.008450448513031006,666.0637817382812,586.072265625,0.07530656456947327,676.7605590820312,567.8845825195312,0.33807843923568726,183.20997619628906,562.9067993164062,0.013281524181365967,172.89169311523438,545.4514770507812,0.02115088701248169,692.5059204101562,556.926025390625,0.1390078365802765,172.8343048095703,557.060791015625,0.004790961742401123
579,260.24383544921875,477.19061279296875,0.999968409538269,204.435546875,470.9210510253906,0.9834583401679993,177.11483764648438,554.1638793945312,0.9993194341659546,627.014404296875,568.3621215820312,0.8525722026824951,598.3120727539062,590.6900024414062,0.9177149534225464,619.0747680664062,582.0012817382812,0.008410423994064331,665.4714965820312,586.3555297851562,0.12046164274215698,676.5447998046875,567.9993896484375,0.3186371624469757,183.06222534179688,563.0415649414062,0.013553410768508911,172.946044921875,545.672607421875,0.023380279541015625,692.2852783203125,556.978515625,0.14196431636810303,172.89999389648438,557.1758422851562,0.004907667636871338
580,260.5572204589844,477.0347900390625,0.9999657869338989,204.17063903808594,471.5585632324219,0.978219747543335,176.92010498046875,553.748046875,0.9992989301681519,625.7916259765625,568.4136962890625,0.7874394059181213,598.1040649414062,590.9889526367188,0.9302532076835632,619.0833129882812,582.01025390625,0.008217841386795044,665.4531860351562,586.0166625976562,0.07114765048027039,676.3189086914062,567.3358764648438,0.5035088062286377,182.85833740234375,562.9880981445312,0.018669813871383667,172.8628387451172,545.2749633789062,0.022422343492507935,692.698974609375,555.8693237304688,0.18294575810432434,172.77281188964844,556.9810180664062,0.004808217287063599
581,260.0897521972656,477.0133056640625,0.9999717473983765,204.36888122558594,472.4306335449219,0.9722579121589661,176.78587341308594,553.6846923828125,0.9992314577102661,627.227783203125,568.4859008789062,0.7541502714157104,598.7588500976562,590.570068359375,0.7889320850372314,618.5455932617188,582.969970703125,0.0099354088306427,665.766845703125,586.7977294921875,0.06039631366729736,677.2628173828125,566.95947265625,0.33292120695114136,182.37229919433594,562.58203125,0.013609528541564941,172.63697814941406,545.0199584960938,0.021672546863555908,692.6213989257812,556.623779296875,0.18835771083831787,618.5445556640625,588.1656494140625,0.005563139915466309
582,260.1686096191406,477.0069274902344,0.9999706745147705,204.100341796875,472.25177001953125,0.9837859869003296,177.13775634765625,553.62255859375,0.9992638826370239,626.8496704101562,569.040283203125,0.8342076539993286,598.1910400390625,590.8307495117188,0.8983179330825806,618.9380493164062,582.18701171875,0.009116142988204956,665.7353515625,586.7135009765625,0.07047596573829651,676.2560424804688,567.8424072265625,0.33522582054138184,182.81704711914062,562.4793701171875,0.01558220386505127,172.8754425048828,545.02294921875,0.02353706955909729,692.497314453125,556.8046875,0.22697556018829346,172.73876953125,556.97900390625,0.0052100419998168945
583,260.11993408203125,476.9649353027344,0.9999738931655884,204.71469116210938,471.5381774902344,0.9728751182556152,176.75021362304688,553.6607055664062,0.9992766380310059,626.4519653320312,568.6027221679688,0.8002414703369141,597.7669677734375,590.912353515625,0.9318389892578125,618.9102783203125,581.9342651367188,0.008984416723251343,666.7650146484375,587.066650390625,0.08046793937683105,677.1257934570312,567.041015625,0.5672847628593445,182.66049194335938,563.0307006835938,0.01587119698524475,172.55987548828125,545.1502075195312,0.023054122924804688,693.0680541992188,556.1795654296875,0.2312723696231842,172.72384643554688,557.0601196289062,0.0048944950103759766
584,260.2193908691406,476.98126220703125,0.9999752640724182,203.90708923339844,472.01922607421875,0.9683420658111572,177.1175537109375,553.8275146484375,0.9993783831596375,626.3150024414062,568.8392333984375,0.7848761081695557,598.0733032226562,590.9969482421875,0.9161311388015747,618.7947387695312,582.5169677734375,0.008168131113052368,666.0492553710938,586.809326171875,0.09704187512397766,676.3342895507812,567.5452270507812,0.4998449683189392,183.03890991210938,562.8359375,0.016593337059020996,172.88697814941406,545.1099243164062,0.022283583879470825,692.4207763671875,556.5674438476562,0.12639015913009644,172.80325317382812,557.0931396484375,0.004963785409927368
585,260.29095458984375,477.0299987792969,0.9999676942825317,204.97499084472656,469.7761535644531,0.9672772884368896,854.3350219726562,533.584716796875,0.9993308782577515,626.87841796875,568.612548828125,0.749671459197998,598.1082763671875,590.68115234375,0.8950456380844116,618.8773803710938,583.017333984375,0.00891178846359253,666.3772583007812,586.7047119140625,0.058460116386413574,677.0440063476562,567.015869140625,0.5588472485542297,182.77346801757812,562.7359008789062,0.01811736822128296,172.865966796875,545.441162109375,0.023666292428970337,693.3494873046875,555.4190673828125,0.2427186667919159,172.906005859375,557.0601196289062,0.005176573991775513
586,260.1560974121094,476.9779357910156,0.9999710917472839,205.0097198486328,472.3913269042969,0.9195970296859741,177.4378204345703,553.599609375,0.9993987083435059,625.8047485351562,568.8658447265625,0.815140962600708,597.6181640625,590.9522705078125,0.9217472076416016,618.9281005859375,582.25048828125,0.009291231632232666,665.866455078125,586.5912475585938,0.06513845920562744,676.2174072265625,567.99462890625,0.5353990793228149,183.33395385742188,562.535400390625,0.015204191207885742,173.1039581298828,545.082763671875,0.02105814218521118,692.1742553710938,557.4017944335938,0.15705406665802002,172.7803955078125,556.9247436523438,0.005067765712738037
587,260.39862060546875,476.80401611328125,0.9999703168869019,204.89593505859375,471.28582763671875,0.9758177995681763,176.8177032470703,553.9150390625,0.9992396831512451,627.2667846679688,568.5985717773438,0.8109244108200073,598.3575439453125,590.9093017578125,0.9169878959655762,618.8673706054688,582.923828125,0.009296059608459473,666.176513671875,586.8239135742188,0.05718258023262024,676.8418579101562,567.2008666992188,0.5845808982849121,183.01356506347656,562.8157348632812,0.01622214913368225,172.68569946289062,545.1717529296875,0.022576451301574707,692.75146484375,556.4381103515625,0.20764079689979553,618.4385375976562,588.333984375,0.00488618016242981
588,260.3750305175781,476.8193664550781,0.9999717473983765,204.65472412109375,470.2687072753906,0.9758894443511963,176.8413543701172,553.7245483398438,0.9993578791618347,626.4950561523438,568.720458984375,0.7739759087562561,598.07568359375,590.7113647460938,0.9104626178741455,618.94140625,582.3704223632812,0.009464412927627563,665.3880004882812,586.50830078125,0.06577026844024658,676.291748046875,567.6568603515625,0.45991772413253784,182.8975067138672,562.691650390625,0.015062063932418823,172.7412567138672,545.3016967773438,0.023956328630447388,692.1821899414062,557.2046508789062,0.11399635672569275,618.5755004882812,588.1433715820312,0.005392551422119141
589,260.5564880371094,476.6636657714844,0.9999675750732422,205.04193115234375,469.1495666503906,0.9843624830245972,854.5906372070312,533.7530517578125,0.9994254112243652,626.9609375,568.7164306640625,0.8024380803108215,598.5883178710938,590.514892578125,0.8889158964157104,619.0256958007812,582.1763916015625,0.008907794952392578,665.3093872070312,586.6453857421875,0.06496366858482361,676.4036254882812,567.3213500976562,0.42609530687332153,182.69093322753906,562.6237182617188,0.016330868005752563,172.50254821777344,545.141357421875,0.023810863494873047,692.177734375,556.6442260742188,0.13539868593215942,618.5122680664062,588.3048095703125,0.00512850284576416
590,260.4696960449219,476.79803466796875,0.9999679327011108,204.84620666503906,471.2878723144531,0.9770511984825134,176.75718688964844,553.6543579101562,0.9993146061897278,625.8662109375,569.0642700195312,0.6961999535560608,597.7333984375,591.0164794921875,0.8998614549636841,618.6312866210938,582.0957641601562,0.010294854640960693,665.9911499023438,586.8355102539062,0.0640612542629242,676.9962158203125,567.210693359375,0.47312378883361816,182.59182739257812,562.8994750976562,0.016508162021636963,172.6613006591797,545.214111328125,0.02383488416671753,691.8734741210938,557.3351440429688,0.1349809467792511,618.4996948242188,588.0985717773438,0.005216538906097412
591,260.587890625,476.73602294921875,0.9999710917472839,205.0303955078125,471.6070556640625,0.9788407683372498,176.9653778076172,553.7720336914062,0.9993287324905396,626.1802368164062,568.8561401367188,0.8201339840888977,597.71484375,591.0955200195312,0.9273248314857483,619.05126953125,581.877197265625,0.009165525436401367,666.059326171875,586.8526611328125,0.06444850564002991,676.7886352539062,567.5027465820312,0.6423733234405518,183.1276092529297,562.9127197265625,0.016311615705490112,172.76185607910156,545.1207275390625,0.023408889770507812,693.4163208007812,556.3324584960938,0.10199114680290222,172.78077697753906,557.0762329101562,0.004685461521148682
592,260.52032470703125,476.8653869628906,0.9999734163284302,204.3259735107422,471.67724609375,0.974503755569458,854.960693359375,533.8970336914062,0.999388575553894,625.5730590820312,569.5082397460938,0.8062800168991089,597.975830078125,591.0335693359375,0.8837343454360962,618.80224609375,582.2393188476562,0.012236684560775757,665.5469360351562,586.6557006835938,0.07969853281974792,676.1329345703125,567.438232421875,0.4275549054145813,183.02743530273438,562.7401123046875,0.014136165380477905,172.94522094726562,545.1403198242188,0.02297210693359375,691.6648559570312,557.2236328125,0.143751859664917,618.4740600585938,588.0167846679688,0.005628705024719238
593,260.51092529296875,477.0427551269531,0.9999715089797974,205.25357055664062,470.928955078125,0.9862756729125977,177.2255401611328,553.78369140625,0.9994747638702393,625.9868774414062,568.8958740234375,0.788500189781189,598.0557861328125,590.9050903320312,0.9012539386749268,619.1197509765625,582.3751220703125,0.010786175727844238,665.6707153320312,586.6085815429688,0.06828168034553528,675.8159790039062,567.80078125,0.47646012902259827,183.313720703125,562.7252197265625,0.012089312076568604,173.07701110839844,545.2078857421875,0.021732568740844727,692.4157104492188,556.7574462890625,0.215911865234375,618.2483520507812,588.0538940429688,0.005220174789428711
594,260.4448547363281,476.9925842285156,0.9999708533287048,205.09556579589844,470.7519226074219,0.9879124164581299,854.771728515625,534.4698486328125,0.999413251876831,625.9058837890625,569.0790405273438,0.7645903825759888,597.6903686523438,590.9056396484375,0.8993699550628662,618.8436279296875,582.0873413085938,0.010760277509689331,665.2027587890625,586.4754638671875,0.09728175401687622,676.3235473632812,567.6694946289062,0.3852417767047882,182.81056213378906,562.7601318359375,0.011854380369186401,173.88951110839844,542.28466796875,0.020231395959854126,691.9197998046875,557.0462646484375,0.2547289729118347,618.3921508789062,587.9953002929688,0.005372345447540283
595,261.0587463378906,476.860595703125,0.9999568462371826,204.95358276367188,471.1420593261719,0.9829424619674683,854.6416625976562,533.9622802734375,0.9993475675582886,626.6251831054688,569.01123046875,0.865075945854187,598.0065307617188,590.7677001953125,0.8847097158432007,619.1395874023438,582.0950927734375,0.01037222146987915,665.358154296875,586.4437866210938,0.05399292707443237,675.8191528320312,567.4970092773438,0.4726273715496063,678.1600952148438,568.26708984375,0.012627929449081421,174.27044677734375,542.07763671875,0.020539313554763794,691.5491333007812,557.5436401367188,0.11671227216720581,618.4822387695312,588.095703125,0.00545540452003479
596,260.4387512207031,477.16021728515625,0.9999727606773376,205.39208984375,470.1304626464844,0.9835426807403564,854.9220581054688,533.8847045898438,0.999319314956665,626.3349609375,568.8479614257812,0.8204116225242615,598.3394165039062,590.7452392578125,0.9023035764694214,618.958984375,582.1848754882812,0.007948487997055054,665.4686279296875,586.5300903320312,0.0607682466506958,676.5009155273438,567.4285278320312,0.4706512689590454,182.68634033203125,562.9371948242188,0.01520925760269165,172.78399658203125,545.0771484375,0.022147804498672485,692.2726440429688,556.7271118164062,0.12964701652526855,172.70506286621094,557.106201171875,0.0048590898513793945
597,260.87286376953125,477.06390380859375,0.9999674558639526,205.20150756835938,471.0870666503906,0.9785957336425781,176.75440979003906,553.5571899414062,0.999257504940033,626.80224609375,568.3701782226562,0.7823976278305054,598.4674682617188,590.7406616210938,0.8961150050163269,619.10107421875,582.2984619140625,0.009129196405410767,665.71142578125,586.385986328125,0.06606915593147278,676.0178833007812,567.4329223632812,0.4031608998775482,183.0878448486328,562.8738403320312,0.014775782823562622,172.983154296875,545.1110229492188,0.021127015352249146,692.0767822265625,557.3981323242188,0.10935470461845398,618.5077514648438,588.18798828125,0.00488436222076416
598,260.54425048828125,477.0163269042969,0.9999640583992004,205.760986328125,470.06280517578125,0.9795523881912231,177.06248474121094,553.3291625976562,0.9993383288383484,626.7406616210938,568.6708984375,0.7780106663703918,598.3501586914062,590.9458618164062,0.8832060694694519,618.8594970703125,582.4661865234375,0.009522020816802979,666.1754760742188,586.6497802734375,0.06673592329025269,675.9480590820312,567.6689453125,0.5021703243255615,182.93292236328125,562.618408203125,0.01620623469352722,172.90113830566406,544.9160766601562,0.02441352605819702,692.9411010742188,556.997802734375,0.1655607521533966,618.4749755859375,588.3275756835938,0.005258291959762573
599,260.5732727050781,477.044921875,0.9999718070030212,205.66412353515625,469.9501953125,0.9793327450752258,176.78128051757812,553.3311767578125,0.9992771744728088,626.8759765625,568.9060668945312,0.7440761923789978,598.4835205078125,590.8225708007812,0.8929317593574524,618.9473876953125,582.7446899414062,0.008384168148040771,665.5240478515625,586.2611694335938,0.07337650656700134,676.0633544921875,567.7452392578125,0.440620094537735,183.02427673339844,562.5798950195312,0.018217355012893677,172.80697631835938,544.8971557617188,0.022739827632904053,692.9205322265625,556.4396362304688,0.23327204585075378,618.5693359375,588.2315063476562,0.005181849002838135
600,260.6510009765625,476.9075622558594,0.999969482421875,205.77203369140625,471.13726806640625,0.986905574798584,177.24114990234375,553.6456298828125,0.9993330240249634,627.087890625,568.4580688476562,0.7062762975692749,598.8223266601562,590.5560302734375,0.8436548709869385,618.79150390625,582.6550903320312,0.009301602840423584,665.6005859375,586.411376953125,0.06510031223297119,676.07861328125,567.4585571289062,0.24692407250404358,183.14993286132812,562.9176635742188,0.01406511664390564,172.9854278564453,545.0608520507812,0.024043351411819458,692.1334228515625,557.2223510742188,0.16159367561340332,618.4911499023438,588.19873046875,0.005392402410507202
601,260.6517333984375,476.93115234375,0.9999626874923706,206.0343780517578,469.54718017578125,0.9603464603424072,177.29322814941406,553.5695190429688,0.9994319677352905,626.9235229492188,569.1541748046875,0.7475917935371399,598.6851806640625,590.67041015625,0.8513745069503784,618.7628784179688,582.802734375,0.009230583906173706,665.3231201171875,586.4432373046875,0.08002153038978577,676.2305297851562,567.50732421875,0.27121657133102417,182.8883056640625,562.7386474609375,0.015561491250991821,172.85508728027344,545.0253295898438,0.02403894066810608,693.3058471679688,556.1174926757812,0.21399825811386108,172.80174255371094,557.09033203125,0.0053768157958984375
602,260.6600646972656,476.9841613769531,0.9999682903289795,203.09080505371094,473.8113708496094,0.7309771180152893,177.34812927246094,553.314697265625,0.9995003938674927,625.742431640625,569.2686157226562,0.8422861695289612,597.7377319335938,591.1988525390625,0.9074698686599731,619.14404296875,582.0753173828125,0.010022997856140137,666.4423828125,586.3497924804688,0.045291781425476074,676.2418212890625,567.4385986328125,0.6638875603675842,678.1867065429688,568.1368408203125,0.01461702585220337,172.93984985351562,544.7364501953125,0.0210568904876709,692.598876953125,556.6971435546875,0.12898194789886475,172.69845581054688,556.9136352539062,0.005088299512863159
603,260.5836181640625,476.8649597167969,0.9999637603759766,202.839599609375,475.64666748046875,0.9010512232780457,854.2529907226562,534.1547241210938,0.9995509386062622,625.3546142578125,569.1657104492188,0.7712793350219727,597.76025390625,590.9458618164062,0.8930364847183228,618.808349609375,582.1300048828125,0.010362744331359863,666.0635375976562,586.4984130859375,0.06256070733070374,676.65283203125,567.3397216796875,0.5504565238952637,183.4482421875,562.8173828125,0.014541983604431152,172.9247283935547,545.1353149414062,0.022562116384506226,692.7775268554688,556.869384765625,0.10266852378845215,618.4943237304688,588.0687866210938,0.005442619323730469
604,260.6385803222656,477.10308837890625,0.9999682903289795,205.1275634765625,470.8341064453125,0.9801162481307983,177.08743286132812,553.1867065429688,0.9994181394577026,627.0980834960938,568.9576416015625,0.8121588230133057,597.9142456054688,591.0142211914062,0.9267235994338989,619.1524047851562,582.4384155273438,0.007390797138214111,665.8150634765625,586.5712280273438,0.06971600651741028,675.6400756835938,567.916259765625,0.4941076636314392,182.88079833984375,562.6604614257812,0.014874130487442017,174.0946502685547,541.7459716796875,0.022834211587905884,691.5105590820312,557.6807250976562,0.15803593397140503,172.63693237304688,556.8297119140625,0.00478854775428772
605,260.57257080078125,477.0599060058594,0.9999665021896362,205.0336456298828,471.45684814453125,0.9716161489486694,177.2787628173828,553.3641357421875,0.9994803667068481,626.2799682617188,569.1879272460938,0.8407139778137207,598.1488647460938,590.9864501953125,0.9093890190124512,619.1298217773438,582.193115234375,0.008113116025924683,665.2940063476562,586.5125732421875,0.051027894020080566,676.887939453125,567.0061645507812,0.5787445902824402,183.44158935546875,562.8233642578125,0.012983649969100952,172.89967346191406,544.9864501953125,0.020624756813049316,692.3453979492188,556.3040161132812,0.11563912034034729,172.7872772216797,556.9840698242188,0.004840105772018433
606,260.63177490234375,477.0861511230469,0.9999688267707825,203.22813415527344,474.50457763671875,0.7831581830978394,854.4221801757812,534.3131713867188,0.9994379281997681,626.1880493164062,568.9937133789062,0.6600801348686218,598.2481079101562,591.0034790039062,0.8804190158843994,618.94384765625,582.1345825195312,0.008036613464355469,665.429443359375,586.9424438476562,0.09086874127388,676.4094848632812,567.3373413085938,0.38206273317337036,183.09268188476562,562.8101196289062,0.014196723699569702,172.8126220703125,545.1454467773438,0.021218150854110718,692.3701171875,556.9746704101562,0.14768317341804504,172.75062561035156,557.0164184570312,0.005073040723800659
607,260.7310791015625,477.0885009765625,0.9999741911888123,202.13357543945312,475.7892761230469,0.9789809584617615,854.4258422851562,534.0247192382812,0.9994399547576904,626.3848266601562,568.850341796875,0.7191974520683289,598.43505859375,590.6420288085938,0.8820761442184448,618.9418334960938,582.985107421875,0.009099960327148438,665.1441040039062,586.9577026367188,0.07065877318382263,676.9214477539062,566.9527587890625,0.31517642736434937,182.89744567871094,562.9488525390625,0.013916701078414917,172.8731231689453,545.0264892578125,0.02072766423225403,691.9337158203125,557.1582641601562,0.08989101648330688,618.59033203125,588.229736328125,0.005293756723403931
608,260.4231872558594,476.9397277832031,0.9999752044677734,205.11395263671875,471.0108337402344,0.9717519879341125,176.85540771484375,553.3025512695312,0.9994014501571655,625.671142578125,569.3499755859375,0.7665010690689087,598.2153930664062,590.6936645507812,0.8869840502738953,618.8156127929688,582.7430419921875,0.010542482137680054,665.32470703125,586.8016967773438,0.07914957404136658,676.1038208007812,567.1400756835938,0.34220683574676514,183.00479125976562,562.7838745117188,0.015074163675308228,172.79177856445312,545.0941772460938,0.02147841453552246,691.6868896484375,557.226806640625,0.0899554193019867,618.6337890625,588.202880859375,0.005532383918762207
609,260.4901123046875,477.05316162109375,0.9999727010726929,201.64688110351562,478.54290771484375,0.9834842681884766,177.49119567871094,553.6281127929688,0.9995073080062866,626.3833618164062,568.9911499023438,0.6905173659324646,598.6541137695312,590.8711547851562,0.8845141530036926,618.8336791992188,582.8445434570312,0.00977402925491333,666.06787109375,586.8231201171875,0.08021339774131775,676.4938354492188,566.8287963867188,0.4072658121585846,183.3377227783203,562.9434814453125,0.014124512672424316,173.1430206298828,545.0921630859375,0.022580891847610474,691.9821166992188,556.7488403320312,0.13923072814941406,618.5017700195312,588.2127075195312,0.005343616008758545
610,260.5620422363281,476.90631103515625,0.9999738931655884,204.1964874267578,475.09619140625,0.9637404680252075,854.5626831054688,534.0023193359375,0.9994690418243408,626.5610961914062,568.7008666992188,0.8046066761016846,598.1786499023438,590.5609741210938,0.9158133268356323,619.1504516601562,582.4743041992188,0.007479548454284668,665.8078002929688,586.9781494140625,0.055069804191589355,677.0185546875,566.7529907226562,0.376630961894989,183.26568603515625,562.838623046875,0.011204391717910767,173.21836853027344,545.1619262695312,0.020218878984451294,692.0101928710938,556.6834106445312,0.08327794075012207,172.8067169189453,556.9563598632812,0.005080163478851318
611,260.7043151855469,476.90985107421875,0.9999712705612183,203.17921447753906,476.8069763183594,0.9530872106552124,177.544921875,553.6983642578125,0.999503493309021,626.2135009765625,569.3080444335938,0.7718972563743591,598.1704711914062,590.8773803710938,0.8793838620185852,618.9873657226562,582.5093383789062,0.007487058639526367,665.3114624023438,586.8809204101562,0.08684799075126648,676.547119140625,567.1588745117188,0.3959752321243286,183.42042541503906,563.0089111328125,0.013545453548431396,173.20126342773438,545.2562866210938,0.021052002906799316,691.6317749023438,556.8079223632812,0.15845096111297607,172.8541259765625,557.0559692382812,0.004929691553115845
612,260.74920654296875,476.9813232421875,0.9999687671661377,202.5615234375,475.6451416015625,0.8362942934036255,177.379638671875,553.5921020507812,0.999374508857727,625.5545043945312,569.006591796875,0.7102363109588623,598.5718994140625,590.762451171875,0.8418042659759521,619.0362548828125,582.0545043945312,0.008269399404525757,665.2749633789062,587.18408203125,0.054036110639572144,677.4618530273438,566.07421875,0.3832463026046753,183.48458862304688,563.0111694335938,0.016411304473876953,173.2713623046875,545.212646484375,0.02197238802909851,861.2699584960938,525.1427001953125,0.0563836395740509,172.84718322753906,556.9229736328125,0.005136609077453613
613,260.7801818847656,477.00506591796875,0.9999687075614929,205.03195190429688,474.2720031738281,0.8910919427871704,854.8800659179688,534.6893310546875,0.9994542002677917,625.8289794921875,568.3607177734375,0.6459273099899292,598.3024291992188,590.5757446289062,0.9037091732025146,618.7738037109375,582.52294921875,0.006862670183181763,666.37548828125,586.9934692382812,0.08929824829101562,677.0909423828125,567.3133544921875,0.661496102809906,183.5102996826172,562.48828125,0.01669427752494812,173.42079162597656,545.1785888671875,0.021286457777023315,692.6817016601562,556.9990844726562,0.09961128234863281,172.86227416992188,556.9735717773438,0.005201399326324463
614,260.86932373046875,477.1246032714844,0.9999608397483826,204.64859008789062,474.10906982421875,0.8908463716506958,177.48719787597656,553.93994140625,0.9992878437042236,626.4161376953125,568.9658813476562,0.7915818691253662,598.5972900390625,590.7266235351562,0.8961979150772095,618.8391723632812,582.3729858398438,0.009454578161239624,665.2294311523438,586.5377807617188,0.09424042701721191,675.6339111328125,567.8980712890625,0.27361196279525757,183.3853759765625,562.7999267578125,0.013839870691299438,173.28968811035156,545.5181884765625,0.02104055881500244,861.1253051757812,525.3598022460938,0.04414111375808716,172.9400634765625,557.0228881835938,0.005106717348098755
615,260.72869873046875,476.9480285644531,0.9999697804450989,202.88401794433594,477.2501220703125,0.9827699661254883,854.4347534179688,533.9888305664062,0.999565601348877,626.22021484375,569.0189819335938,0.7301057577133179,598.417724609375,590.6283569335938,0.8777841329574585,618.6482543945312,582.5565185546875,0.008633196353912354,665.2023315429688,586.9651489257812,0.06037202477455139,677.3638916015625,566.7996215820312,0.3276619613170624,183.59124755859375,562.9761352539062,0.014009356498718262,173.51541137695312,545.5497436523438,0.021660029888153076,692.0081176757812,556.8585815429688,0.06838345527648926,173.0006103515625,557.006591796875,0.005605250597000122
616,260.6585388183594,477.2547607421875,0.999964714050293,201.44775390625,477.8272705078125,0.9552696943283081,177.1261749267578,553.4107666015625,0.9994226694107056,625.8200073242188,569.1607666015625,0.6961382031440735,598.4755249023438,590.89794921875,0.8315953016281128,618.6498413085938,582.3453369140625,0.006878525018692017,666.1397094726562,586.8103637695312,0.07502317428588867,676.6257934570312,567.0834350585938,0.4985749423503876,183.53944396972656,562.49365234375,0.01475110650062561,173.19264221191406,545.0167846679688,0.01975858211517334,691.9051513671875,557.096435546875,0.08510515093803406,172.73562622070312,556.9793090820312,0.004797399044036865
617,260.70660400390625,477.2212829589844,0.9999699592590332,202.2526397705078,475.6626892089844,0.8977498412132263,854.00537109375,533.8218383789062,0.9994013905525208,625.9540405273438,568.9369506835938,0.7986886501312256,598.1118774414062,590.9000854492188,0.8879612684249878,619.1363525390625,582.087646484375,0.007484942674636841,665.470947265625,586.7339477539062,0.08830803632736206,676.926513671875,567.2650146484375,0.46178150177001953,183.61561584472656,562.7355346679688,0.017609477043151855,173.24400329589844,545.2193603515625,0.020539820194244385,691.9935913085938,556.8856811523438,0.09699147939682007,172.80128479003906,557.02587890625,0.0053369104862213135
618,260.963134765625,477.265380859375,0.9999617338180542,204.2981719970703,473.50439453125,0.9442228078842163,177.12950134277344,553.2378540039062,0.9994288086891174,625.7337646484375,569.0189819335938,0.8136540651321411,598.3098754882812,590.9111938476562,0.9022109508514404,618.9702758789062,582.4794921875,0.007628291845321655,665.7315063476562,586.5117797851562,0.08665010333061218,676.2678833007812,567.0965576171875,0.48201221227645874,183.29791259765625,562.48486328125,0.013956516981124878,173.20591735839844,544.9298095703125,0.019332528114318848,860.5448608398438,525.1723022460938,0.047025442123413086,172.71990966796875,556.8939819335938,0.0047463178634643555
619,260.86480712890625,477.1658020019531,0.9999639987945557,203.7213134765625,474.5529479980469,0.9669755697250366,177.36541748046875,553.5960083007812,0.999445378780365,626.009765625,569.05712890625,0.7310125827789307,598.3185424804688,590.95947265625,0.892292857170105,618.6002197265625,582.6051635742188,0.007775425910949707,665.5482788085938,586.6207885742188,0.06810027360916138,676.6765747070312,567.13818359375,0.5315189361572266,183.44595336914062,562.6812744140625,0.015459001064300537,173.27040100097656,545.1122436523438,0.020107001066207886,691.6688232421875,557.027099609375,0.056258589029312134,172.88223266601562,556.9662475585938,0.004849106073379517
620,261.0716857910156,477.16278076171875,0.9999666810035706,203.68429565429688,476.435302734375,0.9255533218383789,854.467041015625,534.0660400390625,0.9994082450866699,626.0542602539062,568.6261596679688,0.8006187677383423,598.5724487304688,590.7725830078125,0.8503767251968384,618.9146728515625,582.1771240234375,0.010249167680740356,665.4189453125,586.2847290039062,0.13190263509750366,675.870849609375,567.4253540039062,0.3985206186771393,183.83737182617188,562.85595703125,0.015403568744659424,173.56703186035156,545.4339599609375,0.02108892798423767,691.5476684570312,557.335205078125,0.07941284775733948,172.9744873046875,557.0806274414062,0.005126506090164185
621,261.05914306640625,477.1265869140625,0.999970018863678,202.36224365234375,477.19842529296875,0.9378305077552795,854.0908813476562,534.1774291992188,0.9993347525596619,626.579345703125,568.8618774414062,0.7273755073547363,598.835693359375,590.8021240234375,0.8857546448707581,618.91552734375,582.5173950195312,0.007904350757598877,666.070068359375,586.7949829101562,0.09134894609451294,677.0422973632812,567.3338623046875,0.40390729904174805,183.35861206054688,562.7158203125,0.014416605234146118,173.30853271484375,545.3035278320312,0.019685447216033936,692.3829956054688,556.286865234375,0.1114172637462616,172.8833465576172,557.0072631835938,0.005397677421569824
622,261.0899658203125,477.2270202636719,0.999966025352478,202.7612762451172,474.8506774902344,0.9240290522575378,854.1793823242188,534.251953125,0.9994746446609497,625.9962768554688,568.6417846679688,0.7391776442527771,598.3872680664062,590.9774780273438,0.8946795463562012,619.046630859375,582.5103149414062,0.00825318694114685,665.678466796875,586.8344116210938,0.0657389760017395,677.2449951171875,566.6160888671875,0.5075280070304871,183.5639190673828,562.6492309570312,0.014311760663986206,173.32789611816406,545.3213500976562,0.020425021648406982,692.4107055664062,556.4487915039062,0.06571844220161438,172.86593627929688,557.0257568359375,0.005384773015975952
623,261.4129333496094,477.30609130859375,0.9999651908874512,206.0079803466797,472.8342590332031,0.9293426275253296,177.88050842285156,554.0485229492188,0.9993464946746826,626.0982055664062,568.957763671875,0.7586196660995483,598.2478637695312,590.6141357421875,0.8874309062957764,618.85302734375,582.0738525390625,0.010805189609527588,665.2220458984375,587.0008544921875,0.08273211121559143,677.7588500976562,566.17724609375,0.3564009964466095,183.83804321289062,562.9706420898438,0.013602405786514282,173.45655822753906,545.6024780273438,0.02408924698829651,692.6511840820312,556.7664794921875,0.06398352980613708,172.97671508789062,557.0406494140625,0.005449742078781128
624,261.1427001953125,477.2125549316406,0.9999653100967407,203.671142578125,474.4557189941406,0.9560481905937195,178.13218688964844,554.1676025390625,0.9992833137512207,626.3375244140625,568.7145385742188,0.6305544972419739,598.7025146484375,590.6904907226562,0.8380283713340759,618.808349609375,582.5694580078125,0.0082474946975708,665.3560180664062,586.9166259765625,0.08026012778282166,678.6141967773438,565.2554931640625,0.3957275152206421,184.12747192382812,563.0519409179688,0.014006227254867554,173.68820190429688,545.7830200195312,0.021637946367263794,692.5742797851562,555.7093505859375,0.048788756132125854,173.00894165039062,557.0947265625,0.005305230617523193
625,261.3521728515625,477.1339416503906,0.9999662637710571,206.7696533203125,470.75726318359375,0.9195192456245422,178.1995391845703,554.338134765625,0.9993910789489746,625.7984619140625,569.1351318359375,0.7235696315765381,598.6834106445312,591.0593872070312,0.8344621062278748,619.01513671875,582.0720825195312,0.008725792169570923,665.27197265625,586.9221801757812,0.06619757413864136,679.388671875,565.0730590820312,0.506100594997406,184.55091857910156,563.1630859375,0.01501244306564331,173.6201934814453,546.12060546875,0.025872468948364258,693.1859130859375,555.4212036132812,0.08339077234268188,173.15028381347656,557.2957763671875,0.005613148212432861
626,261.3977966308594,477.3330078125,0.9999663829803467,206.55557250976562,471.8460388183594,0.939626932144165,177.9686279296875,554.04052734375,0.9993669986724854,626.333984375,568.9933471679688,0.6791523098945618,598.2025756835938,590.7546997070312,0.8758426904678345,618.8563842773438,582.2720947265625,0.008197873830795288,665.3832397460938,586.8013305664062,0.08318591117858887,677.74658203125,566.0810546875,0.5757516622543335,183.92791748046875,563.0263061523438,0.016263335943222046,173.6033935546875,545.85302734375,0.02288919687271118,693.0569458007812,555.8493041992188,0.09362870454788208,173.03579711914062,557.1500854492188,0.005387783050537109
627,261.61102294921875,477.1527404785156,0.9999619722366333,206.61224365234375,470.36651611328125,0.9317640066146851,178.0308074951172,554.3569946289062,0.9992693066596985,626.6187744140625,568.8361206054688,0.7152395248413086,598.244873046875,590.815673828125,0.9123878479003906,618.940673828125,582.699951171875,0.007436096668243408,665.8073120117188,586.5660400390625,0.0630527138710022,677.0152587890625,566.8569946289062,0.6196995973587036,184.39669799804688,561.7135009765625,0.01650223135948181,173.750244140625,546.0153198242188,0.024280041456222534,692.5284423828125,555.9844970703125,0.09827166795730591,173.02088928222656,557.318115234375,0.005153268575668335
628,261.8852233886719,477.24786376953125,0.9999510645866394,206.68190002441406,471.865478515625,0.9078261852264404,178.31817626953125,554.429931640625,0.9992733001708984,626.22705078125,568.7039184570312,0.6391448974609375,598.8648071289062,590.76806640625,0.8429144620895386,618.5687866210938,582.6543579101562,0.00794762372970581,665.8579711914062,586.5579833984375,0.08369886875152588,677.4927368164062,566.7877807617188,0.5450471639633179,184.16012573242188,561.8857421875,0.015160471200942993,173.81289672851562,546.306640625,0.022910892963409424,692.4762573242188,555.5985107421875,0.08792805671691895,173.1656494140625,557.3603515625,0.005081683397293091
629,261.53570556640625,477.45611572265625,0.999958872795105,205.27984619140625,472.5782470703125,0.9314180612564087,854.583251953125,536.1085205078125,0.9992309808731079,626.3197631835938,569.1744384765625,0.6769437789916992,598.6997680664062,590.9107666015625,0.8953621983528137,618.6797485351562,582.7643432617188,0.008806347846984863,665.4232788085938,586.9498901367188,0.10339224338531494,677.6099853515625,566.517578125,0.40578192472457886,184.22593688964844,561.9918823242188,0.014274567365646362,173.7278594970703,546.27490234375,0.02389797568321228,692.3775024414062,556.2258911132812,0.09229955077171326,173.12448120117188,557.1712646484375,0.005574434995651245
630,261.86468505859375,477.2563781738281,0.9999673366546631,206.9503631591797,472.11053466796875,0.9117311239242554,178.59664916992188,554.031494140625,0.9993740320205688,626.8388671875,569.1344604492188,0.7125274538993835,598.3993530273438,591.1336059570312,0.914082407951355,618.8262939453125,582.8406982421875,0.0071611106395721436,665.4932861328125,587.1017456054688,0.05381634831428528,677.4009399414062,566.45751953125,0.3616611957550049,184.23745727539062,562.7490234375,0.011892527341842651,174.12939453125,545.6583251953125,0.020907580852508545,860.84326171875,529.1298828125,0.04118317365646362,173.0080108642578,557.103515625,0.005623370409011841
631,261.9686279296875,477.26788330078125,0.9999566078186035,206.67291259765625,471.19342041015625,0.9373623728752136,178.25509643554688,554.3107299804688,0.999183177947998,626.0560913085938,568.9344482421875,0.7115278244018555,598.2762451171875,590.8931884765625,0.8756665587425232,618.6571655273438,582.6260986328125,0.008408695459365845,665.6732177734375,586.845458984375,0.07300037145614624,679.0507202148438,565.313232421875,0.45852014422416687,184.13543701171875,563.0079345703125,0.011941373348236084,173.8761749267578,545.9125366210938,0.02156442403793335,693.0444946289062,555.7003784179688,0.058836132287979126,173.03689575195312,557.2178344726562,0.005316495895385742
632,261.76959228515625,477.3891296386719,0.999963104724884,205.48448181152344,472.7738952636719,0.9460988640785217,178.20045471191406,554.1903076171875,0.9993250370025635,626.1101684570312,569.0545654296875,0.764894425868988,598.241943359375,590.8445434570312,0.8830221891403198,618.8945922851562,582.4015502929688,0.007983475923538208,665.8242797851562,586.7967529296875,0.0734269917011261,677.3462524414062,566.7048950195312,0.43595173954963684,184.1037139892578,563.1629028320312,0.014675647020339966,173.90432739257812,545.7503051757812,0.021852552890777588,860.4920043945312,529.1063842773438,0.05277338624000549,172.94839477539062,557.1046752929688,0.005576908588409424
633,261.67828369140625,477.3624267578125,0.999967098236084,206.0753936767578,473.83673095703125,0.9031141400337219,853.9244384765625,536.0743408203125,0.9992513060569763,626.4097900390625,568.7679443359375,0.7893737554550171,598.627197265625,590.762939453125,0.8966201543807983,619.0446166992188,582.401123046875,0.00821635127067566,666.0501098632812,586.9292602539062,0.06344732642173767,679.078369140625,565.6522216796875,0.6966659426689148,184.15122985839844,561.8964233398438,0.014377743005752563,174.0637969970703,546.1093139648438,0.024002104997634888,693.4790649414062,555.4182739257812,0.04356548190116882,173.08421325683594,557.2288818359375,0.005531370639801025
634,261.69708251953125,477.4064636230469,0.9999651908874512,205.21875,473.9964599609375,0.9256306290626526,178.39730834960938,554.1931762695312,0.999207615852356,626.0845336914062,569.4508056640625,0.7664046287536621,598.403564453125,590.5807495117188,0.889417290687561,618.8477172851562,582.7269287109375,0.0069283246994018555,665.54638671875,587.05419921875,0.05869436264038086,679.1271362304688,565.4337768554688,0.3621995747089386,184.09852600097656,562.1541137695312,0.013209015130996704,174.2165069580078,546.113037109375,0.023673564195632935,692.100341796875,556.2498779296875,0.06162142753601074,173.06898498535156,557.210205078125,0.005693286657333374
635,261.8397216796875,477.18414306640625,0.9999586343765259,206.2602081298828,472.3052978515625,0.8855022192001343,178.50216674804688,554.1903686523438,0.9992592930793762,625.578125,569.4658813476562,0.7017654180526733,598.2387084960938,590.7066040039062,0.851900577545166,618.7913818359375,581.9580078125,0.007917702198028564,665.4481201171875,586.7030639648438,0.057272374629974365,679.09423828125,565.1660766601562,0.4212484359741211,184.38026428222656,563.0888671875,0.012440711259841919,174.0278778076172,546.0438842773438,0.022549569606781006,693.326904296875,555.7188110351562,0.05290323495864868,173.05245971679688,557.235107421875,0.005646258592605591
636,261.9002685546875,477.4472961425781,0.9999628663063049,206.57455444335938,472.1131896972656,0.9551711082458496,178.2769775390625,554.5512084960938,0.9993745684623718,625.3357543945312,569.4841918945312,0.7139095067977905,598.36181640625,590.94384765625,0.8871927857398987,618.9339599609375,582.52392578125,0.00853729248046875,665.826904296875,586.6799926757812,0.08901989459991455,678.9703369140625,565.239501953125,0.4472009539604187,184.19464111328125,562.40283203125,0.01198086142539978,174.28269958496094,546.7481689453125,0.023652195930480957,693.0587768554688,555.7962036132812,0.061776190996170044,173.32003784179688,557.360107421875,0.0054728686809539795
637,262.0252685546875,477.4867248535156,0.9999583959579468,206.0276641845703,473.3631286621094,0.8077417612075806,178.27615356445312,553.9922485351562,0.9992406964302063,625.7705688476562,569.0410766601562,0.8177465200424194,598.3602905273438,591.1143188476562,0.8944991827011108,618.8687744140625,582.0999145507812,0.0089283287525177,665.6007080078125,586.3123779296875,0.060337990522384644,677.1954345703125,567.511962890625,0.5624250173568726,184.15464782714844,562.2329711914062,0.013122737407684326,174.33123779296875,546.4732666015625,0.02077096700668335,692.2993774414062,556.69970703125,0.03828659653663635,173.14117431640625,557.2191772460938,0.00483471155166626
638,262.1266174316406,477.50958251953125,0.9999672174453735,205.79066467285156,474.3256530761719,0.8933048248291016,178.23814392089844,554.37451171875,0.9992579221725464,625.4854736328125,569.185791015625,0.8189724683761597,598.2706298828125,591.1060180664062,0.9136546850204468,618.7738037109375,582.1234741210938,0.0077148377895355225,666.0953369140625,586.6134643554688,0.05965885519981384,678.8345947265625,565.50244140625,0.553812563419342,184.2244873046875,562.477294921875,0.013593077659606934,174.37913513183594,546.7684326171875,0.022377341985702515,693.663330078125,554.8010864257812,0.05586898326873779,173.21612548828125,557.2867431640625,0.005298733711242676
639,262.007080078125,477.60577392578125,0.9999656677246094,205.99012756347656,473.0454406738281,0.9127377867698669,178.61639404296875,554.4506225585938,0.9993621110916138,625.7843017578125,569.1134033203125,0.7306528091430664,598.4224243164062,590.6328735351562,0.8658328056335449,618.6629028320312,582.4134521484375,0.007207930088043213,665.84130859375,586.1622314453125,0.05737760663032532,676.737060546875,567.0369262695312,0.6532337069511414,184.41757202148438,562.25390625,0.012325674295425415,174.6220245361328,546.8903198242188,0.020283877849578857,693.0381469726562,555.9827880859375,0.10388624668121338,173.2272186279297,557.2970581054688,0.0047914087772369385
640,262.3156433105469,477.7127685546875,0.9999566674232483,206.009033203125,472.22930908203125,0.9509881734848022,178.66201782226562,554.2874755859375,0.9993205070495605,625.2660522460938,569.1668701171875,0.7804856300354004,598.2403564453125,590.708251953125,0.8970476388931274,618.8161010742188,582.0001831054688,0.00945940613746643,666.3660278320312,586.6519165039062,0.08116251230239868,677.8244018554688,566.3425903320312,0.7470396161079407,678.9287109375,567.5587158203125,0.016348451375961304,174.62939453125,546.796630859375,0.021409422159194946,693.5828247070312,555.1507568359375,0.05108654499053955,618.99072265625,588.3150634765625,0.0051310062408447266
641,262.29461669921875,477.9885559082031,0.999948263168335,206.5142822265625,472.45416259765625,0.9455004930496216,178.7559356689453,554.397705078125,0.9993724822998047,625.8975219726562,568.8822631835938,0.730214536190033,598.6380615234375,590.77978515625,0.9073014259338379,618.9390258789062,582.091796875,0.0077447593212127686,665.6025390625,586.4664306640625,0.10206764936447144,679.0406494140625,565.29736328125,0.5691632628440857,184.4840545654297,562.5532836914062,0.01118016242980957,174.7344512939453,546.9305419921875,0.022111117839813232,693.8118896484375,554.7118530273438,0.06360521912574768,173.3175811767578,557.2408447265625,0.005046576261520386
642,262.0908508300781,477.9394226074219,0.999955415725708,206.51353454589844,472.5777587890625,0.9370549917221069,178.61770629882812,554.584716796875,0.9993677139282227,626.1388549804688,568.7542724609375,0.7086299657821655,598.6212768554688,590.6625366210938,0.8903471231460571,618.8696899414062,582.3726806640625,0.007271140813827515,665.8167114257812,586.522705078125,0.05934658646583557,678.9398803710938,565.4922485351562,0.6045727729797363,184.4237518310547,562.5966796875,0.013827204704284668,174.65757751464844,547.0580444335938,0.021141231060028076,693.9595947265625,555.1331787109375,0.08611473441123962,173.27403259277344,557.3244018554688,0.005025923252105713
643,262.37152099609375,477.9435729980469,0.9999482035636902,207.295654296875,471.68438720703125,0.96380615234375,178.42652893066406,554.588623046875,0.9993356466293335,625.8297119140625,568.998046875,0.7731860876083374,598.3734130859375,590.6372680664062,0.8848977088928223,618.572998046875,582.2503051757812,0.007943183183670044,666.3406982421875,586.61865234375,0.06700453162193298,677.347412109375,566.9749755859375,0.7255714535713196,679.0228881835938,567.9540405273438,0.014883875846862793,174.49607849121094,546.9913330078125,0.022448986768722534,693.1058349609375,555.9893798828125,0.06072399020195007,173.27735900878906,557.317626953125,0.005145251750946045
644,262.1313781738281,477.92144775390625,0.9999478459358215,207.51866149902344,471.7494201660156,0.9575384855270386,178.99655151367188,555.1058349609375,0.9994713068008423,620.5546875,571.545654296875,0.833368182182312,598.0646362304688,591.002197265625,0.8737998008728027,618.54345703125,581.3795776367188,0.00905764102935791,665.9013671875,586.251953125,0.062418609857559204,676.64697265625,566.5677490234375,0.540989339351654,184.6712188720703,562.6576538085938,0.014103800058364868,174.45558166503906,547.2315063476562,0.026816725730895996,859.3858642578125,529.7696533203125,0.07140827178955078,173.44630432128906,557.608642578125,0.004957854747772217
645,262.383056640625,477.9375,0.9999465942382812,206.99183654785156,471.8315124511719,0.9459506273269653,179.2310333251953,555.2512817382812,0.9995170831680298,625.894287109375,568.787109375,0.49937888979911804,598.9801025390625,591.0386962890625,0.7640316486358643,618.2091674804688,582.4308471679688,0.009053051471710205,665.3795776367188,587.109130859375,0.09670829772949219,677.9668579101562,566.2835693359375,0.5717498064041138,678.9910278320312,567.8566284179688,0.009812027215957642,174.78472900390625,547.2916259765625,0.02184581756591797,692.939453125,555.7406005859375,0.09688782691955566,618.9754028320312,588.19873046875,0.004679262638092041
646,262.2686767578125,477.9407958984375,0.999946117401123,207.7257843017578,470.7316589355469,0.9607033729553223,179.2537384033203,555.7100830078125,0.9995253682136536,625.6849365234375,568.8272705078125,0.7671322822570801,598.4165649414062,590.9577026367188,0.8823959827423096,618.7343139648438,581.8204956054688,0.008139610290527344,665.4027709960938,586.6943969726562,0.07115361094474792,679.111328125,565.349609375,0.5847368240356445,680.0623779296875,565.6700439453125,0.010889023542404175,174.7177734375,547.7413330078125,0.023305773735046387,859.1502685546875,529.88427734375,0.07128456234931946,173.46762084960938,557.6448974609375,0.00508272647857666
647,262.35321044921875,478.02886962890625,0.9999370574951172,207.91281127929688,470.9661865234375,0.9724407196044922,179.35853576660156,555.947998046875,0.9995788335800171,621.1382446289062,571.5886840820312,0.8023735284805298,598.3380737304688,591.0515747070312,0.8744446039199829,618.6126098632812,582.2235717773438,0.0091513991355896,665.6546020507812,586.8489379882812,0.05698922276496887,679.0265502929688,564.899169921875,0.695587158203125,184.72068786621094,562.9784545898438,0.011154979467391968,174.8619842529297,548.0044555664062,0.022996336221694946,858.7200927734375,530.0604858398438,0.07555556297302246,619.0735473632812,588.34521484375,0.004910707473754883
648,262.4366149902344,478.2064208984375,0.9999337196350098,208.41587829589844,470.89874267578125,0.9781055450439453,179.7213592529297,556.2896118164062,0.9994981288909912,625.5564575195312,568.84033203125,0.7437538504600525,598.2902221679688,590.9358520507812,0.8915188908576965,618.800048828125,582.154296875,0.009118229150772095,665.69873046875,586.4404296875,0.06983515620231628,677.2528686523438,566.2955322265625,0.6392266750335693,678.6201782226562,567.7123413085938,0.01213178038597107,174.83267211914062,548.2101440429688,0.02181786298751831,693.3589477539062,554.6572875976562,0.09909817576408386,173.58837890625,557.6847534179688,0.004974305629730225
649,262.4477233886719,478.3959045410156,0.999944806098938,206.5808868408203,471.6869201660156,0.9184376001358032,179.41172790527344,556.1233520507812,0.9994548559188843,620.9703979492188,571.2446899414062,0.6690216064453125,598.985595703125,591.1110229492188,0.7920103073120117,618.65087890625,581.99755859375,0.00868484377861023,665.677001953125,586.6058349609375,0.0759914219379425,677.7254638671875,566.859619140625,0.7476957440376282,678.6572875976562,568.1959838867188,0.015239447355270386,174.71597290039062,548.03271484375,0.02228367328643799,858.3550415039062,530.5342407226562,0.0947345495223999,173.4539794921875,557.6802978515625,0.0046395063400268555
650,262.4708557128906,478.2489013671875,0.9999312162399292,208.65774536132812,471.2357482910156,0.9678768515586853,180.4016571044922,556.8552856445312,0.9996110200881958,625.3551025390625,569.5354614257812,0.8359578847885132,597.906982421875,590.8317260742188,0.911980926990509,619.0823974609375,582.1065673828125,0.0077509284019470215,665.83203125,586.7613525390625,0.05517330765724182,676.8843994140625,566.1007690429688,0.5257394909858704,189.00401306152344,562.7532958984375,0.015665322542190552,175.5255126953125,548.7086791992188,0.022556722164154053,857.956787109375,530.3727416992188,0.06400519609451294,173.70245361328125,557.8582763671875,0.005219131708145142
651,262.948974609375,478.0654602050781,0.9999386668205261,206.49777221679688,471.6775207519531,0.79610675573349,179.9058837890625,556.5018310546875,0.9995940923690796,625.5732421875,568.9916381835938,0.8145667910575867,598.3953857421875,590.8023681640625,0.9109727144241333,619.1688842773438,581.8087768554688,0.006491184234619141,666.0332641601562,586.5225830078125,0.07295596599578857,677.3419189453125,566.5380249023438,0.6800628900527954,678.5054321289062,567.987548828125,0.012947529554367065,175.18115234375,548.3113403320312,0.01920589804649353,693.7738647460938,555.45556640625,0.0832735002040863,173.6459197998047,557.754150390625,0.004710137844085693
652,262.7173156738281,478.19964599609375,0.9999369382858276,207.71450805664062,471.4482116699219,0.8623762130737305,180.07310485839844,556.8973388671875,0.9995660781860352,625.6298828125,568.9240112304688,0.8700668811798096,598.3240966796875,590.901611328125,0.9207888841629028,619.333740234375,582.3051147460938,0.006733238697052002,666.0172119140625,586.3138427734375,0.08121716976165771,677.2374877929688,566.4423217773438,0.7510290145874023,678.5433959960938,568.0612182617188,0.01286625862121582,175.64010620117188,549.042724609375,0.015956878662109375,693.4419555664062,555.4093627929688,0.11597931385040283,173.6854248046875,557.7531127929688,0.004743605852127075
653,262.92242431640625,478.224365234375,0.999935507774353,207.0182647705078,472.6647644042969,0.868484377861023,180.7238311767578,557.33056640625,0.9996405839920044,626.403076171875,568.66650390625,0.8287366628646851,598.5247192382812,590.95703125,0.8361963629722595,619.0366821289062,582.5928955078125,0.009267330169677734,665.5443725585938,586.281982421875,0.055866509675979614,677.619384765625,566.0339965820312,0.8041501641273499,189.4874267578125,562.6918334960938,0.014138668775558472,176.1384735107422,549.1600952148438,0.016832619905471802,857.80126953125,531.0183715820312,0.09788745641708374,618.9500732421875,588.3547973632812,0.005017876625061035
654,263.02374267578125,478.1665344238281,0.9999326467514038,207.5777130126953,473.6641540527344,0.7271342277526855,181.03628540039062,557.3868408203125,0.9996040463447571,625.7177734375,569.1904296875,0.7846996784210205,598.5584716796875,590.9953002929688,0.8894838690757751,619.0963745117188,582.5619506835938,0.006580561399459839,665.4410400390625,586.7927856445312,0.04311993718147278,677.6499633789062,566.154296875,0.585136353969574,189.62924194335938,562.6492919921875,0.013705402612686157,176.1708526611328,549.1905517578125,0.020239174365997314,857.046142578125,531.1339721679688,0.11251062154769897,173.85260009765625,557.9832153320312,0.004731953144073486
655,262.9999084472656,478.3075866699219,0.9999239444732666,206.65261840820312,473.5184631347656,0.846678614616394,181.12557983398438,557.8427124023438,0.9996248483657837,626.1459350585938,568.3468627929688,0.6790757775306702,598.8917846679688,590.8338012695312,0.8135880827903748,618.8212280273438,582.6517944335938,0.008599728345870972,665.805908203125,586.5595092773438,0.07480758428573608,677.5640258789062,566.4496459960938,0.7765316963195801,189.70730590820312,562.918212890625,0.015996098518371582,176.2239227294922,549.3515625,0.020616769790649414,856.8418579101562,530.6324462890625,0.11409986019134521,619.0677490234375,588.24267578125,0.004852354526519775
656,263.3289794921875,478.32452392578125,0.9999216794967651,207.0743408203125,473.1701354980469,0.8786383867263794,181.3721923828125,557.6071166992188,0.9995962381362915,625.5753173828125,569.293212890625,0.815118670463562,598.2080078125,591.2008666992188,0.9207916259765625,619.1193237304688,582.0572509765625,0.007675737142562866,664.85693359375,586.49072265625,0.060495197772979736,676.648681640625,566.35693359375,0.6448391675949097,189.85940551757812,562.79052734375,0.015794873237609863,176.27642822265625,549.291015625,0.023278921842575073,693.447998046875,556.3134155273438,0.1038132905960083,173.88204956054688,558.001220703125,0.0053633153438568115
657,263.68731689453125,478.5649108886719,0.9998870491981506,206.7057342529297,474.6631164550781,0.9080023765563965,182.03738403320312,557.8195190429688,0.9996203184127808,625.453125,568.5549926757812,0.6986653804779053,599.3889770507812,591.0146484375,0.7978648543357849,618.3511962890625,582.4170532226562,0.009552180767059326,665.9105834960938,586.7568359375,0.05084201693534851,676.9156494140625,566.2520751953125,0.8074215054512024,190.15884399414062,562.7340698242188,0.018069028854370117,176.8210906982422,549.373291015625,0.017996102571487427,693.8601684570312,555.531982421875,0.188024640083313,619.014892578125,588.0932006835938,0.005317628383636475
658,263.6711120605469,478.7840881347656,0.9999089241027832,206.6157989501953,475.1632995605469,0.9397397637367249,182.55369567871094,557.6930541992188,0.9995391368865967,625.29638671875,568.7727661132812,0.8286035656929016,598.6500244140625,591.0005493164062,0.9104029536247253,618.8646240234375,581.8504638671875,0.008575499057769775,665.3580322265625,586.6410522460938,0.09620040655136108,676.9400634765625,566.5263671875,0.8095991015434265,677.8001098632812,568.2861328125,0.009268134832382202,174.65481567382812,551.0640869140625,0.010493069887161255,693.8425903320312,555.7696533203125,0.12639471888542175,619.1454467773438,588.27001953125,0.004785984754562378
659,264.0679016113281,478.6242370605469,0.9998994469642639,205.59718322753906,477.3674011230469,0.8973158597946167,182.92552185058594,558.1211547851562,0.9995386004447937,625.9073486328125,568.7321166992188,0.8201890587806702,599.0887451171875,590.8829345703125,0.8192942142486572,618.894775390625,582.4210815429688,0.008472979068756104,665.548583984375,586.272705078125,0.07530373334884644,676.7681884765625,567.003173828125,0.8338302373886108,678.5936889648438,566.7600708007812,0.011116087436676025,175.46200561523438,551.3662109375,0.012386232614517212,694.0731201171875,555.6690063476562,0.12312117218971252,619.1943359375,588.3356323242188,0.004769712686538696
660,264.23699951171875,478.6814270019531,0.9998822212219238,207.05142211914062,476.41619873046875,0.5653599500656128,183.35821533203125,558.047607421875,0.9995630979537964,626.7123413085938,569.13916015625,0.8166785836219788,599.1859741210938,590.6568603515625,0.8432959318161011,619.2202758789062,582.0196533203125,0.007362723350524902,665.951904296875,586.5742797851562,0.05389690399169922,676.7227783203125,566.5181884765625,0.8212627172470093,678.3333129882812,566.6885375976562,0.009145736694335938,175.559814453125,551.1810913085938,0.010316640138626099,694.3309326171875,555.1177978515625,0.13072752952575684,619.3862915039062,588.454345703125,0.004621058702468872
661,264.8338623046875,478.6126708984375,0.9998792409896851,207.4848175048828,476.19586181640625,0.8629473447799683,183.92491149902344,558.3607177734375,0.9995377063751221,625.9464721679688,568.6600952148438,0.843144416809082,598.2190551757812,590.8052368164062,0.861324667930603,619.1890869140625,581.9356079101562,0.009214580059051514,665.810546875,586.787841796875,0.06931135058403015,677.9614868164062,565.98828125,0.8473669290542603,679.1904296875,566.1508178710938,0.009912431240081787,176.25146484375,551.3118896484375,0.008229851722717285,694.6771240234375,554.6998901367188,0.11532410979270935,619.32177734375,588.488525390625,0.004540473222732544
662,264.59002685546875,478.6824645996094,0.9998731017112732,208.08389282226562,476.10302734375,0.3925064206123352,184.19712829589844,558.7260131835938,0.9993796348571777,626.2316284179688,568.8870849609375,0.7421344518661499,598.73681640625,590.964599609375,0.8196263313293457,619.0111694335938,582.2647094726562,0.0071250200271606445,665.848388671875,586.838623046875,0.04519137740135193,677.1549682617188,565.9446411132812,0.8404403924942017,678.7376098632812,565.8341064453125,0.009111970663070679,176.77430725097656,551.2923583984375,0.010587602853775024,694.1953735351562,554.5513916015625,0.1705818474292755,619.2205200195312,588.3975219726562,0.004345297813415527
663,264.6825256347656,478.6527404785156,0.9998611211776733,208.35523986816406,474.0038757324219,0.4356621503829956,184.94317626953125,559.4205932617188,0.9993331432342529,626.9569702148438,568.0348510742188,0.8144239783287048,598.7433471679688,590.5358276367188,0.8804906606674194,619.1732177734375,582.5211791992188,0.006116986274719238,666.6026611328125,587.1047973632812,0.0591224730014801,677.8720092773438,565.7128295898438,0.9068859815597534,679.1231689453125,565.9613647460938,0.0146731436252594,182.90512084960938,550.66259765625,0.012513339519500732,856.1114501953125,531.8820190429688,0.1090461015701294,619.3350219726562,588.6566772460938,0.0040159523487091064
664,264.9832763671875,478.6439208984375,0.9998577833175659,203.93063354492188,479.871826171875,0.16349884867668152,185.40835571289062,559.8176879882812,0.9988961219787598,625.5989379882812,568.6719360351562,0.8070143461227417,598.6898193359375,590.9920043945312,0.8706192970275879,618.8023071289062,582.1283569335938,0.008877545595169067,666.0027465820312,586.6961059570312,0.05912470817565918,676.3028564453125,566.7588500976562,0.8957940340042114,677.2119750976562,568.3464965820312,0.01192939281463623,182.3003387451172,550.2659301757812,0.0131416916847229,694.152099609375,555.1072387695312,0.18714940547943115,619.1355590820312,588.2423095703125,0.004911601543426514
665,265.3932189941406,479.1047668457031,0.9998655915260315,209.29763793945312,474.6528015136719,0.20912379026412964,185.86412048339844,558.396728515625,0.9986510276794434,625.6717529296875,568.7562866210938,0.8221357464790344,598.7689819335938,591.0568237304688,0.9015806913375854,282.06243896484375,475.96539306640625,0.008306235074996948,665.9423828125,587.0673217773438,0.04145511984825134,677.2869262695312,565.9625854492188,0.9302770495414734,678.0958251953125,567.864013671875,0.015185356140136719,182.78794860839844,550.3828735351562,0.012393862009048462,694.4503173828125,554.7767944335938,0.1843327283859253,619.1025390625,588.1537475585938,0.004302382469177246
666,265.36529541015625,478.9534912109375,0.9998226165771484,209.4264678955078,474.1922912597656,0.6279793977737427,185.1098175048828,558.2293090820312,0.9988306760787964,626.2420654296875,568.3443603515625,0.8427869081497192,598.897216796875,590.8941040039062,0.8718630075454712,618.8176879882812,582.2916259765625,0.0099124014377594,666.2578125,587.1953125,0.04702380299568176,677.58935546875,565.7182006835938,0.9400945901870728,679.2991333007812,565.9794311523438,0.01555606722831726,182.86831665039062,550.3492431640625,0.013176143169403076,694.7470092773438,554.483642578125,0.14679771661758423,618.8677978515625,588.20263671875,0.0049079060554504395
667,265.4583435058594,479.1968078613281,0.9997985363006592,210.68490600585938,473.8130798339844,0.09969744086265564,185.7798309326172,558.21435546875,0.9988869428634644,625.5442504882812,568.6859741210938,0.9043521881103516,598.6320190429688,590.8741455078125,0.9062589406967163,282.11376953125,476.0578308105469,0.007924467325210571,666.5279541015625,587.1157836914062,0.04562169313430786,677.1338500976562,565.918212890625,0.949211597442627,678.9136962890625,566.3203735351562,0.020003408193588257,184.7154083251953,549.0516967773438,0.020108163356781006,694.7289428710938,554.5884399414062,0.09979036450386047,618.9749755859375,588.2685546875,0.0037592053413391113
668,266.34698486328125,478.3928527832031,0.9998125433921814,206.7932586669922,480.1463623046875,0.23572716116905212,186.03883361816406,558.8143310546875,0.9991247653961182,625.5823974609375,568.509765625,0.8348188996315002,598.9564819335938,590.7476196289062,0.9007343649864197,282.057373046875,476.0450744628906,0.010603010654449463,665.751708984375,587.0122680664062,0.03365054726600647,676.761474609375,565.9868774414062,0.8993265628814697,679.016845703125,566.4097290039062,0.021236717700958252,185.10458374023438,549.6039428710938,0.027110129594802856,693.55224609375,555.8156127929688,0.15072250366210938,618.9116821289062,588.2669067382812,0.004873901605606079
669,266.5096740722656,478.275390625,0.9998157024383545,208.79156494140625,472.22125244140625,0.784787654876709,187.2685546875,559.1796875,0.9992600679397583,625.4424438476562,568.5028076171875,0.8683662414550781,598.8571166992188,590.8435668945312,0.9192386269569397,282.06951904296875,475.90777587890625,0.011625677347183228,666.8501586914062,587.173828125,0.03709027171134949,676.735107421875,565.8295288085938,0.9559879899024963,677.8609008789062,567.934814453125,0.02747783064842224,186.16676330566406,549.6265869140625,0.04127272963523865,694.3741455078125,555.5338134765625,0.15343815088272095,618.8507080078125,588.3138427734375,0.004471689462661743
670,266.4297790527344,478.73284912109375,0.9998551607131958,211.374267578125,474.0432434082031,0.07740962505340576,187.44993591308594,559.15087890625,0.9991941452026367,621.0222778320312,571.3434448242188,0.8531473875045776,598.5673217773438,590.8326416015625,0.9127962589263916,282.0252380371094,475.8923034667969,0.011297374963760376,833.5173950195312,542.2530517578125,0.030894607305526733,676.3869018554688,565.5010986328125,0.9239057302474976,196.8132781982422,567.0005493164062,0.02146974205970764,186.187744140625,549.6810913085938,0.055340975522994995,694.6026611328125,554.843017578125,0.1764138638973236,619.0270385742188,588.270751953125,0.004922330379486084
671,266.392333984375,478.56671142578125,0.9998565912246704,267.3076477050781,393.549072265625,0.07097995281219482,188.31109619140625,559.5335693359375,0.9989024996757507,620.5940551757812,570.9871826171875,0.8652331829071045,598.619873046875,590.966552734375,0.9015179872512817,282.0348815917969,476.00567626953125,0.01180163025856018,666.5957641601562,587.4971923828125,0.03669893741607666,677.0880126953125,564.9342651367188,0.9500424265861511,197.20664978027344,567.6168823242188,0.0161149799823761,187.19949340820312,550.0946044921875,0.05856260657310486,694.7327880859375,554.36669921875,0.18369099497795105,619.0697021484375,588.161376953125,0.005088359117507935
672,267.1171569824219,478.3891296386719,0.9998726844787598,183.9483184814453,547.7633056640625,0.031045228242874146,189.56991577148438,560.16259765625,0.9991155862808228,621.0339965820312,570.6513061523438,0.8531746864318848,598.5916137695312,590.7418212890625,0.9420732259750366,282.0246887207031,475.93646240234375,0.014101773500442505,833.5557861328125,541.935791015625,0.034992873668670654,675.990234375,564.5826416015625,0.9293413162231445,677.5554809570312,566.1031494140625,0.017470240592956543,188.0433807373047,550.4796752929688,0.05812165141105652,694.3917846679688,554.4044799804688,0.06469684839248657,188.7080535888672,557.9559326171875,0.0039234459400177
673,267.2666931152344,478.33404541015625,0.999889612197876,184.14849853515625,546.2421264648438,0.0850992500782013,191.80909729003906,561.5571899414062,0.9990788102149963,620.5069580078125,570.7442016601562,0.7215858697891235,599.1143188476562,590.4976196289062,0.9172035455703735,282.00665283203125,475.826904296875,0.01383158564567566,667.0955810546875,587.2471313476562,0.04870304465293884,676.2174682617188,564.822021484375,0.8957891464233398,678.0132446289062,566.3467407226562,0.014574527740478516,188.81687927246094,550.1797485351562,0.05815097689628601,693.4304809570312,555.3949584960938,0.04837450385093689,618.7989501953125,588.5068969726562,0.0046701133251190186
674,267.87811279296875,478.0882568359375,0.9998805522918701,1004.666259765625,52.16197967529297,0.03882548213005066,192.6715087890625,561.5589599609375,0.9993157386779785,620.553955078125,570.6966552734375,0.8596738576889038,598.9769897460938,590.338623046875,0.931625485420227,281.8516540527344,475.7322998046875,0.01620212197303772,667.1959228515625,587.3583984375,0.0522061288356781,676.358154296875,564.18359375,0.889693558216095,678.0635375976562,565.7421264648438,0.015148401260375977,189.87672424316406,550.4824829101562,0.05751803517341614,693.8353271484375,554.7926025390625,0.07456287741661072,618.8158569335938,588.4799194335938,0.003976494073867798
675,268.43670654296875,478.1680908203125,0.999864935874939,211.99337768554688,472.50445556640625,0.14770877361297607,193.67823791503906,562.2529907226562,0.9995700120925903,625.6177978515625,567.2744140625,0.7272995710372925,599.646240234375,590.3011474609375,0.8864787817001343,281.64300537109375,475.77203369140625,0.015534281730651855,666.7188720703125,589.2984619140625,0.05533239245414734,675.9328002929688,563.50830078125,0.889519989490509,677.3701171875,565.6884155273438,0.01525542140007019,190.4213409423828,550.9967651367188,0.05185255408287048,693.797119140625,554.4502563476562,0.04346203804016113,618.798095703125,588.443603515625,0.0047473907470703125
676,268.7438659667969,478.1626892089844,0.9998944401741028,211.68251037597656,471.7414245605469,0.8191652297973633,194.12733459472656,562.7542724609375,0.9996557831764221,627.2152099609375,567.3148803710938,0.8219146728515625,599.3626098632812,590.236328125,0.9250693321228027,281.7882995605469,475.5084228515625,0.01744908094406128,666.8831787109375,589.3546142578125,0.046191126108169556,675.5440673828125,563.50927734375,0.9257684946060181,676.744384765625,565.8301391601562,0.013599395751953125,190.706298828125,551.7675170898438,0.038885265588760376,694.1280517578125,553.1563110351562,0.07548302412033081,618.6587524414062,588.7030639648438,0.004401803016662598
677,269.9184875488281,478.49884033203125,0.9999122619628906,212.80221557617188,472.1686096191406,0.032336533069610596,195.3597412109375,563.1614379882812,0.9997662305831909,626.7376098632812,567.4981079101562,0.6786118745803833,599.0079956054688,590.28759765625,0.9388217926025391,281.72808837890625,475.4015197753906,0.017612069845199585,833.1599731445312,542.37353515625,0.055940210819244385,676.3283081054688,562.3526000976562,0.7149677276611328,639.245849609375,573.7448120117188,0.008043676614761353,191.29962158203125,553.4650268554688,0.01912689208984375,694.0901489257812,553.0067749023438,0.06315156817436218,618.4775390625,588.698486328125,0.004689425230026245
678,270.02386474609375,478.4393005371094,0.9999125003814697,197.37722778320312,557.8157958984375,0.01465579867362976,196.74526977539062,563.260009765625,0.99974524974823,626.6188354492188,567.758056640625,0.7984809875488281,599.130126953125,590.5114135742188,0.9572961330413818,281.7759094238281,475.3909606933594,0.0183718204498291,666.734375,590.1454467773438,0.040226757526397705,677.0113525390625,561.3024291992188,0.7440966367721558,638.9707641601562,573.3204956054688,0.00961807370185852,192.73764038085938,553.5302124023438,0.01284724473953247,698.02685546875,552.3754272460938,0.030260086059570312,618.563720703125,588.7056274414062,0.0039227306842803955
679,270.4924621582031,478.36474609375,0.9999256134033203,1004.30419921875,52.39829635620117,0.023876547813415527,196.6765899658203,562.849609375,0.9997255802154541,627.9848022460938,565.65576171875,0.7847715020179749,599.7655639648438,590.3749389648438,0.9646898508071899,281.8252258300781,475.2292785644531,0.018051117658615112,832.9329223632812,542.2656860351562,0.04262059926986694,678.4964599609375,559.9146118164062,0.8748722076416016,678.273681640625,560.1533813476562,0.009935885667800903,195.8105010986328,552.2083129882812,0.01775383949279785,698.79296875,552.712646484375,0.04386642575263977,618.5875244140625,589.0047607421875,0.004496216773986816
680,270.8293762207031,478.3814697265625,0.9999383091926575,180.25721740722656,13.759531021118164,0.024353891611099243,197.69158935546875,563.5645751953125,0.9997130632400513,627.8635864257812,565.6614990234375,0.7134789228439331,599.3377075195312,590.3042602539062,0.9701598882675171,281.7366027832031,475.0647277832031,0.01731470227241516,832.8550415039062,542.3399658203125,0.049491316080093384,677.8251953125,560.1943969726562,0.7638673186302185,638.4869995117188,572.7357788085938,0.01052597165107727,196.64906311035156,552.9036254882812,0.015654802322387695,694.3333740234375,552.2976684570312,0.032197386026382446,618.54541015625,588.9722900390625,0.004052996635437012
681,271.2716064453125,478.2309875488281,0.9999569654464722,1004.596435546875,52.46065902709961,0.030174165964126587,198.8468475341797,563.8248291015625,0.9995704889297485,628.3141479492188,564.9098510742188,0.6708911657333374,600.4927368164062,589.8778686523438,0.9627583622932434,281.73406982421875,474.7349548339844,0.016239553689956665,667.150634765625,589.85693359375,0.043970465660095215,677.5656127929688,560.630615234375,0.6320391893386841,678.104248046875,559.6422729492188,0.009497106075286865,197.3339080810547,554.8623657226562,0.015362679958343506,851.7001953125,532.3917236328125,0.028041929006576538,618.6168823242188,589.1539306640625,0.003318220376968384
682,271.6670837402344,478.29547119140625,0.9999600052833557,1004.545166015625,52.620025634765625,0.031335145235061646,200.56295776367188,564.7622680664062,0.9994890689849854,628.2294311523438,564.4337158203125,0.7996513843536377,599.9075927734375,590.0835571289062,0.9708358645439148,281.6023254394531,474.7742614746094,0.013690680265426636,667.4706420898438,589.9338989257812,0.03992769122123718,678.8001098632812,557.1591796875,0.8425067663192749,679.5314331054688,557.8196411132812,0.008412599563598633,198.62818908691406,555.1616821289062,0.011607438325881958,697.8909912109375,547.236083984375,0.046819478273391724,618.6793212890625,589.2507934570312,0.00302085280418396
683,272.1029357910156,478.204833984375,0.9999692440032959,755.9088134765625,493.26434326171875,0.036612868309020996,201.31658935546875,564.5452270507812,0.9992480278015137,629.3732299804688,563.2276000976562,0.7442699670791626,609.52294921875,589.650146484375,0.9791908860206604,281.6905822753906,474.6451110839844,0.012888699769973755,832.6651611328125,543.0116577148438,0.03933784365653992,680.47802734375,556.2308349609375,0.9422587156295776,680.8097534179688,556.4608154296875,0.009837687015533447,198.8739013671875,554.9020385742188,0.014700621366500854,699.223388671875,546.0722045898438,0.06971150636672974,618.9099731445312,589.2526245117188,0.0032424628734588623
684,272.9013671875,478.6875,0.9999643564224243,1004.4998168945312,52.485679626464844,0.02125227451324463,200.20533752441406,564.3588256835938,0.9991031885147095,630.1798706054688,562.71875,0.7655729055404663,610.4904174804688,589.9580688476562,0.9937269687652588,281.7877502441406,474.6902770996094,0.013413012027740479,832.9797973632812,542.9417114257812,0.035742223262786865,679.4031372070312,556.1331176757812,0.8656570911407471,680.7005004882812,555.9036254882812,0.007446467876434326,199.7399444580078,555.3453369140625,0.017559468746185303,698.6444702148438,545.8242797851562,0.03245985507965088,619.2149658203125,589.2511596679688,0.003317922353744507
685,273.0073547363281,478.2958984375,0.9999679327011108,1004.9263916015625,52.30157470703125,0.020996004343032837,200.14541625976562,563.2037353515625,0.9991044402122498,630.1837768554688,562.1889038085938,0.5650898218154907,611.5479736328125,589.8331909179688,0.9944124817848206,281.6851806640625,474.88507080078125,0.011825531721115112,832.7529296875,542.6807250976562,0.029405295848846436,680.3878784179688,554.4465942382812,0.7402113676071167,283.9501953125,492.20556640625,0.006980240345001221,200.2308807373047,554.7787475585938,0.013831764459609985,850.9367065429688,533.1006469726562,0.0308704674243927,619.392333984375,589.2403564453125,0.0032640397548675537
686,273.56072998046875,478.2061462402344,0.9999662637710571,267.32958984375,390.6192321777344,0.1810748279094696,202.29612731933594,564.5360107421875,0.999436616897583,628.8037719726562,561.5841674804688,0.5639997720718384,611.4163208007812,589.754638671875,0.9895002841949463,281.7750549316406,474.7349548339844,0.010275423526763916,832.5764770507812,542.9852294921875,0.03342437744140625,680.1130981445312,554.3465576171875,0.8988211750984192,284.3265075683594,492.2125549316406,0.007527709007263184,201.30335998535156,555.5792236328125,0.021451115608215332,850.304443359375,533.4092407226562,0.023189008235931396,619.5122680664062,589.4179077148438,0.0026960670948028564
687,273.9476623535156,478.0857238769531,0.9999738335609436,761.0044555664062,485.5540771484375,0.0656084418296814,203.6004180908203,564.509765625,0.9992468357086182,622.6610717773438,565.1054077148438,0.5536670684814453,611.484130859375,589.2305297851562,0.9928930997848511,281.8990173339844,474.44036865234375,0.008070141077041626,832.5426635742188,542.8395385742188,0.034891366958618164,680.6519775390625,552.7333374023438,0.8862575888633728,284.3421936035156,492.2573547363281,0.006575644016265869,202.19093322753906,555.316162109375,0.032337725162506104,850.3485107421875,533.4971313476562,0.01779070496559143,619.78857421875,589.4142456054688,0.0031432509422302246
688,274.3458557128906,478.1358337402344,0.9999675750732422,756.9153442382812,489.8468017578125,0.18490293622016907,204.76312255859375,564.5859985351562,0.9992311000823975,623.0223388671875,564.8826904296875,0.5104953646659851,611.9229736328125,588.1616821289062,0.994534969329834,281.8600158691406,474.5542907714844,0.008512139320373535,832.95556640625,545.42724609375,0.04060515761375427,682.1834106445312,551.3511352539062,0.9388139247894287,284.31890869140625,491.8271484375,0.008318215608596802,203.18641662597656,555.5263671875,0.036389440298080444,850.2314453125,533.2578125,0.013714104890823364,617.5390625,579.03564453125,0.003297269344329834
689,275.4082336425781,477.72332763671875,0.9999580979347229,1005.086669921875,52.47538375854492,0.014550358057022095,208.48960876464844,566.3884887695312,0.9995134472846985,622.5126342773438,565.110595703125,0.2211056351661682,613.180908203125,588.2874145507812,0.9966657161712646,653.0831909179688,566.5592041015625,0.01843780279159546,832.4307861328125,543.5463256835938,0.03594022989273071,683.1669921875,549.0117797851562,0.24172496795654297,620.9702758789062,567.245361328125,0.009049803018569946,203.62646484375,556.6923828125,0.038341373205184937,850.1755981445312,533.7222290039062,0.03467923402786255,617.9534912109375,579.9557495117188,0.003390491008758545
690,276.4853515625,477.5699462890625,0.9999516010284424,1004.3032836914062,51.99967575073242,0.03301888704299927,209.91778564453125,566.9588623046875,0.9996492862701416,622.6967163085938,564.8978881835938,0.19977128505706787,614.66357421875,587.8250122070312,0.9976303577423096,651.1470947265625,562.7535400390625,0.01897287368774414,832.319580078125,543.0787353515625,0.033657222986221313,684.576904296875,547.7291259765625,0.9214461445808411,620.662353515625,566.1954956054688,0.010452568531036377,204.7046661376953,556.5597534179688,0.02395203709602356,850.0491943359375,533.75,0.04836350679397583,619.4556884765625,588.996337890625,0.0038287341594696045
691,277.09039306640625,477.21453857421875,0.9999526143074036,268.0773620605469,388.0876770019531,0.04673534631729126,211.0194549560547,567.3914184570312,0.9997638463973999,635.6749877929688,559.743408203125,0.05509680509567261,619.2626953125,587.313232421875,0.9950875043869019,651.6552124023438,560.7009887695312,0.06549325585365295,832.4052734375,542.986328125,0.03491094708442688,684.8720703125,547.4667358398438,0.9818712472915649,620.9850463867188,565.5529174804688,0.006448566913604736,205.56594848632812,557.4588012695312,0.025991827249526978,849.9110717773438,534.0293579101562,0.03475672006607056,619.243408203125,589.0940551757812,0.005271971225738525
692,277.66448974609375,477.02392578125,0.9999417066574097,267.81231689453125,389.7020568847656,0.05100440979003906,211.9550018310547,567.3060913085938,0.9997138977050781,622.811767578125,564.4677734375,0.02653682231903076,620.0390014648438,586.6442260742188,0.99544757604599,652.7400512695312,560.152099609375,0.03371351957321167,832.3331298828125,543.427978515625,0.02665737271308899,684.5823364257812,546.5564575195312,0.789131760597229,285.5809020996094,490.28765869140625,0.007783263921737671,206.6198272705078,557.0418090820312,0.02560412883758545,849.5878295898438,534.3675537109375,0.03829166293144226,619.2086791992188,588.94482421875,0.0044419169425964355
693,278.4222717285156,477.0318603515625,0.9999331831932068,267.76702880859375,389.5015869140625,0.13863885402679443,213.44935607910156,567.2716674804688,0.9997435212135315,619.318359375,568.6885986328125,0.017636001110076904,619.5374145507812,585.5391845703125,0.9937723278999329,652.586669921875,559.3988647460938,0.0560268759727478,832.0288696289062,543.7755126953125,0.032867610454559326,685.67138671875,545.4032592773438,0.982094407081604,286.0279846191406,490.5650329589844,0.007592976093292236,207.43548583984375,557.4075317382812,0.017820149660110474,849.3856811523438,534.7632446289062,0.03715202212333679,618.9658203125,588.6776733398438,0.0049419403076171875
694,279.36614990234375,477.0189514160156,0.9999112486839294,267.29266357421875,388.0696105957031,0.04561126232147217,214.58279418945312,567.6793212890625,0.9996596574783325,635.7843017578125,560.5325927734375,0.012666374444961548,620.0076293945312,584.2928466796875,0.9926981925964355,651.9437866210938,559.1766967773438,0.062068551778793335,832.011474609375,543.770751953125,0.03668519854545593,685.8429565429688,543.3818359375,0.9891964197158813,846.080322265625,547.0115966796875,0.008159935474395752,212.19898986816406,558.4405517578125,0.023991495370864868,849.0281982421875,534.56103515625,0.037159860134124756,619.173095703125,588.5001220703125,0.00560528039932251
695,280.1285400390625,476.51123046875,0.99989914894104,214.6472625732422,556.60693359375,0.015484929084777832,840.6185302734375,540.9282836914062,0.9995017051696777,653.7721557617188,550.8818969726562,0.025493592023849487,620.3246459960938,583.382568359375,0.9878660440444946,652.5150756835938,558.5730590820312,0.06695890426635742,831.6627807617188,544.1272583007812,0.03192102909088135,686.7503662109375,543.7149047851562,0.991335391998291,623.2163696289062,587.0234985351562,0.009165972471237183,213.1912078857422,559.0275268554688,0.022647202014923096,848.8947143554688,535.2424926757812,0.04150238633155823,619.2783813476562,588.5419311523438,0.006606489419937134
696,280.8804016113281,476.2011413574219,0.9998499751091003,1004.4202270507812,52.28636169433594,0.041746586561203,840.6732177734375,540.5599365234375,0.9994391202926636,653.9227294921875,547.8543090820312,0.024082601070404053,621.7720336914062,582.0298461914062,0.9947237372398376,652.9151000976562,558.650390625,0.038464754819869995,619.537109375,582.2554931640625,0.041708141565322876,687.673095703125,543.2373657226562,0.9920121431350708,690.2947998046875,543.8551025390625,0.02645730972290039,214.02236938476562,558.7183837890625,0.019307762384414673,849.0950317382812,534.7568359375,0.024653881788253784,619.468994140625,588.7921752929688,0.004774630069732666
697,281.18377685546875,475.9402770996094,0.9998464584350586,1004.74462890625,51.89186096191406,0.05156692862510681,840.9907836914062,540.8839111328125,0.9993017315864563,620.6242065429688,572.2545166015625,0.023911625146865845,622.4928588867188,580.9678344726562,0.993797779083252,652.7153930664062,558.3807373046875,0.03908154368400574,687.2310791015625,540.4580688476562,0.04825875163078308,688.3115844726562,541.3858032226562,0.9864192605018616,690.4752197265625,543.4682006835938,0.024304181337356567,214.90728759765625,559.3375244140625,0.02222457528114319,849.092041015625,535.23193359375,0.016097605228424072,619.6219482421875,588.8320922851562,0.0033646225929260254
698,281.56060791015625,475.6776123046875,0.9998215436935425,219.45751953125,567.5775146484375,0.012420713901519775,840.5362548828125,541.0579223632812,0.9995517730712891,655.1366577148438,539.8168334960938,0.02120104432106018,624.626220703125,579.06884765625,0.9919736385345459,654.382080078125,545.5875854492188,0.020851939916610718,625.4523315429688,581.7898559570312,0.060119956731796265,689.3804931640625,539.9752807617188,0.9881609678268433,691.95361328125,543.0291748046875,0.05065611004829407,215.30926513671875,557.9473266601562,0.019355446100234985,848.9981079101562,534.9862060546875,0.050152719020843506,619.65966796875,572.6890869140625,0.003900885581970215
699,282.128662109375,475.37420654296875,0.9997569918632507,1004.4995727539062,52.31235885620117,0.029564768075942993,840.6738891601562,540.7060546875,0.999492883682251,634.1439819335938,568.6165771484375,0.01570749282836914,625.9251708984375,576.930419921875,0.9909053444862366,703.6358642578125,539.5675659179688,0.050555139780044556,626.270751953125,580.5521240234375,0.10030248761177063,689.69140625,538.1881713867188,0.9833950996398926,692.647705078125,542.3408203125,0.08312121033668518,215.5989227294922,558.0879516601562,0.022008836269378662,848.798828125,535.0805053710938,0.03486758470535278,634.9186401367188,573.7344360351562,0.0051378607749938965
700,282.9717712402344,474.57965087890625,0.999629557132721,1004.5472412109375,52.0836296081543,0.020929723978042603,840.6062622070312,540.75390625,0.999444842338562,633.90283203125,568.7478637695312,0.010165154933929443,627.134521484375,574.2867431640625,0.9644379615783691,702.1713256835938,543.5182495117188,0.11167305707931519,626.610595703125,579.5838623046875,0.1934836208820343,691.5575561523438,537.3910522460938,0.7692382335662842,693.7579956054688,542.3551025390625,0.03265941143035889,215.43690490722656,557.879638671875,0.0353526771068573,848.6735229492188,534.8764038085938,0.040055692195892334,618.9326782226562,572.2496948242188,0.004182547330856323
701,283.77459716796875,474.9128723144531,0.9997380971908569,1004.2711791992188,52.28178024291992,0.03332200646400452,840.7706298828125,541.2387084960938,0.9995667934417725,633.7268676757812,568.4032592773438,0.0074488818645477295,627.0848388671875,573.1798095703125,0.9693108201026917,701.39892578125,544.0703125,0.06558698415756226,627.8045043945312,578.111083984375,0.15567409992218018,691.6425170898438,538.3143310546875,0.4552663564682007,694.658447265625,542.072509765625,0.023617297410964966,216.6839599609375,557.539306640625,0.035372138023376465,848.6909790039062,535.2553100585938,0.0647907555103302,634.6841430664062,573.177978515625,0.004414767026901245
702,284.28851318359375,474.8100280761719,0.9997447729110718,761.6031494140625,483.78314208984375,0.19993239641189575,840.4860229492188,541.3837890625,0.9995338916778564,655.3223876953125,539.201904296875,0.01585078239440918,628.3289794921875,570.5646362304688,0.9518102407455444,702.0441284179688,544.2847290039062,0.0459839403629303,629.3350219726562,576.5233764648438,0.12544116377830505,691.87841796875,535.7237548828125,0.5525686144828796,694.747314453125,540.7315063476562,0.019694268703460693,217.37571716308594,557.9046020507812,0.041334956884384155,848.3021850585938,534.831298828125,0.043995797634124756,619.2142333984375,572.0819702148438,0.0031474828720092773
703,285.0533447265625,474.4643249511719,0.9998044967651367,1004.5498657226562,51.87578201293945,0.025417298078536987,224.51278686523438,568.3717651367188,0.9996213912963867,655.9030151367188,538.299560546875,0.007809191942214966,628.6793212890625,568.6233520507812,0.911850094795227,655.9157104492188,545.921142578125,0.012044072151184082,629.052734375,575.0953979492188,0.061040282249450684,692.5311889648438,534.6173706054688,0.3416271209716797,845.3934936523438,547.0890502929688,0.010417819023132324,218.64515686035156,558.06689453125,0.04120683670043945,848.1640625,534.4180908203125,0.05229350924491882,619.3228149414062,571.9751586914062,0.003391265869140625
704,285.5064697265625,474.3148498535156,0.9998198747634888,1004.7982177734375,53.183074951171875,0.023320376873016357,224.73672485351562,568.11865234375,0.9996209144592285,682.4215087890625,550.5257568359375,0.009257763624191284,631.4526977539062,566.7850341796875,0.9793962240219116,701.1868896484375,545.1852416992188,0.044031888246536255,626.9484252929688,569.9583129882812,0.04246318340301514,692.0942993164062,534.03076171875,0.2730051875114441,840.7894897460938,548.3518676757812,0.009935557842254639,218.999755859375,557.797607421875,0.03640618920326233,848.1095581054688,534.693115234375,0.0369565486907959,220.12542724609375,573.88671875,0.003195822238922119
705,286.6989440917969,475.1705627441406,0.999881386756897,1004.760009765625,52.52112579345703,0.027383238077163696,226.35679626464844,568.12451171875,0.9996359348297119,680.6085205078125,549.621826171875,0.023965120315551758,632.8405151367188,564.717041015625,0.9851529002189636,701.461181640625,544.0689697265625,0.039427608251571655,627.3501586914062,568.2318115234375,0.05580246448516846,692.828857421875,531.7544555664062,0.6988837122917175,695.9266967773438,539.9172973632812,0.01282605528831482,220.3096466064453,558.2791137695312,0.028383970260620117,848.1013793945312,534.26220703125,0.0380343496799469,842.9072875976562,556.2805786132812,0.0033112764358520508
706,287.2201232910156,474.6724853515625,0.9999337792396545,1004.80419921875,52.09712600708008,0.028031229972839355,227.45692443847656,568.2337646484375,0.9997310042381287,681.3070678710938,549.3829345703125,0.01937916874885559,632.77978515625,562.5321655273438,0.9821904897689819,681.6099853515625,554.3789672851562,0.02720370888710022,629.5220947265625,567.43310546875,0.06771436333656311,692.1353759765625,531.1285400390625,0.5724385380744934,845.0152587890625,547.2833862304688,0.011101126670837402,220.99813842773438,558.1820068359375,0.025633424520492554,848.149658203125,534.01953125,0.043499112129211426,286.722900390625,476.15936279296875,0.0032049715518951416
707,287.9230651855469,474.2712097167969,0.9999418258666992,226.01376342773438,564.7259521484375,0.018561840057373047,228.67860412597656,567.5226440429688,0.9998220205307007,681.6976318359375,549.0460205078125,0.008335679769515991,632.3687744140625,561.4004516601562,0.9552656412124634,681.417724609375,554.3639526367188,0.02207547426223755,630.5609741210938,565.998291015625,0.08427533507347107,693.2858276367188,530.7599487304688,0.6680811643600464,845.292724609375,547.3410034179688,0.013035893440246582,222.13392639160156,558.1105346679688,0.02697652578353882,848.019287109375,534.36865234375,0.028698325157165527,286.6562805175781,476.19366455078125,0.0032064616680145264
708,288.9620056152344,474.0270690917969,0.9999635219573975,229.40866088867188,566.0950317382812,0.014980912208557129,230.11976623535156,567.5502319335938,0.9997234344482422,656.8043212890625,525.952392578125,0.023441821336746216,632.0892333984375,560.9814453125,0.9088909029960632,698.8244018554688,542.9494018554688,0.04840770363807678,631.1874389648438,564.0643920898438,0.07607543468475342,691.6992797851562,528.8416748046875,0.5313057899475098,840.677734375,548.554931640625,0.016126006841659546,227.27581787109375,557.732177734375,0.024262934923171997,847.8991088867188,534.3742065429688,0.028369516134262085,842.8201904296875,556.3598022460938,0.0037347376346588135
709,289.469482421875,473.7275390625,0.9999560117721558,1004.6664428710938,51.76419448852539,0.018533021211624146,231.3671875,567.3809814453125,0.999669075012207,681.0112915039062,546.5929565429688,0.02734389901161194,631.544677734375,559.0266723632812,0.8592134714126587,699.0137939453125,542.8595581054688,0.11349323391914368,630.8797607421875,561.9082641601562,0.05288940668106079,690.9068603515625,528.2339477539062,0.2857627272605896,840.377197265625,548.7725830078125,0.016670525074005127,228.13250732421875,557.3809814453125,0.033331602811813354,848.0914306640625,534.0911254882812,0.04601883888244629,829.4201049804688,557.665771484375,0.0037663280963897705
710,290.1595764160156,472.9922790527344,0.9999768137931824,1004.639892578125,52.089012145996094,0.016679376363754272,232.33151245117188,567.8720092773438,0.9994710683822632,655.236083984375,523.7974853515625,0.082221120595932,630.402099609375,557.0029296875,0.9824542999267578,697.3997192382812,542.0138549804688,0.2215641736984253,829.8713989257812,544.64794921875,0.0341029167175293,689.9514770507812,528.10302734375,0.2927376627922058,840.0386352539062,548.8259887695312,0.016070187091827393,228.55738830566406,558.1470947265625,0.024633318185806274,845.7243041992188,531.2327880859375,0.024547278881072998,842.7971801757812,556.3041381835938,0.003495514392852783
711,290.8852233886719,472.847412109375,0.9999748468399048,228.39572143554688,470.7612609863281,0.1655750572681427,232.10565185546875,567.0108642578125,0.9996016025543213,655.7019653320312,524.1598510742188,0.10295766592025757,629.0862426757812,554.9747314453125,0.9790458679199219,679.812255859375,547.4661254882812,0.1944224238395691,831.1292114257812,547.568603515625,0.026434093713760376,690.0045166015625,528.5023193359375,0.19609248638153076,844.4766845703125,547.662109375,0.01543930172920227,229.05284118652344,557.1641845703125,0.016302645206451416,846.1399536132812,531.4931640625,0.026616185903549194,842.761962890625,556.3073120117188,0.00386124849319458
712,291.1524353027344,472.21368408203125,0.9999805688858032,230.14820861816406,470.0365905761719,0.31876784563064575,838.5778198242188,543.1978149414062,0.999462366104126,683.8572998046875,542.21337890625,0.05220845341682434,630.7161254882812,552.1223754882812,0.9493891596794128,697.4254760742188,540.8988647460938,0.2971610426902771,830.4869995117188,547.9039916992188,0.03404521942138672,691.0938110351562,528.5822143554688,0.19418153166770935,839.6919555664062,549.2418823242188,0.0217420756816864,229.88552856445312,557.1456909179688,0.009193062782287598,845.6011962890625,531.6851196289062,0.02608203887939453,842.71533203125,556.5374145507812,0.004502296447753906
713,291.5677490234375,471.87310791015625,0.9999842047691345,230.9182891845703,469.9805908203125,0.9782557487487793,232.1400604248047,566.3167114257812,0.9996017217636108,682.0138549804688,547.4503173828125,0.033300429582595825,630.0033569335938,550.1664428710938,0.9608746767044067,682.0643920898438,545.5850219726562,0.15002679824829102,830.4264526367188,547.7332153320312,0.0299757719039917,836.8165283203125,550.316650390625,0.021068334579467773,839.8893432617188,549.0504150390625,0.019943416118621826,230.0283966064453,557.1577758789062,0.017626404762268066,845.5687255859375,531.8370361328125,0.02675163745880127,842.7465209960938,556.4923706054688,0.00437086820602417
714,291.6684875488281,472.1233825683594,0.9999818801879883,230.6851806640625,469.5075378417969,0.9917236566543579,233.8427276611328,565.9115600585938,0.9996376037597656,683.068115234375,543.9795532226562,0.03772175312042236,628.0005493164062,548.2899780273438,0.9115251302719116,681.5593872070312,545.9982299804688,0.18370166420936584,830.1972045898438,548.5330810546875,0.021717041730880737,691.9520263671875,525.9824829101562,0.02238297462463379,839.6142578125,550.010009765625,0.02289295196533203,231.26608276367188,557.7485961914062,0.020823359489440918,845.0289306640625,534.197265625,0.015237659215927124,842.5371704101562,556.5422973632812,0.004158496856689453
715,292.3850402832031,471.57391357421875,0.9999842047691345,231.0249786376953,469.7572326660156,0.9949644804000854,837.3062744140625,543.997802734375,0.9996696710586548,681.849609375,543.29833984375,0.013510793447494507,625.90869140625,547.4443359375,0.7742478847503662,681.244873046875,545.6355590820312,0.11002129316329956,828.8801879882812,545.4636840820312,0.024541407823562622,837.0347900390625,551.2718505859375,0.01649758219718933,839.6038818359375,549.7772827148438,0.019641458988189697,231.3043670654297,557.2735595703125,0.0248260498046875,844.7914428710938,532.5518798828125,0.025886327028274536,842.5167846679688,556.649658203125,0.004042625427246094
716,292.9571838378906,471.31500244140625,0.9999819993972778,231.65953063964844,469.7204895019531,0.9926800727844238,837.0390014648438,544.59423828125,0.9997460842132568,680.8289184570312,543.9908447265625,0.008968234062194824,624.9610595703125,544.9075317382812,0.8522039651870728,679.576416015625,546.1386108398438,0.09110027551651001,829.8485717773438,548.7733764648438,0.020399749279022217,837.322509765625,551.6940307617188,0.019176244735717773,839.3908081054688,550.4512939453125,0.02051582932472229,231.76976013183594,556.5662841796875,0.026371359825134277,844.2162475585938,534.693115234375,0.020736008882522583,828.798828125,543.398193359375,0.003977954387664795
717,293.3126220703125,471.0111083984375,0.999983549118042,232.01670837402344,469.7109069824219,0.9882733821868896,836.8680419921875,544.5391845703125,0.9997716546058655,622.2753295898438,538.2960815429688,0.007824063301086426,623.886962890625,543.4306640625,0.8866218328475952,678.8997192382812,544.6624145507812,0.01488196849822998,829.716552734375,548.9299926757812,0.02134069800376892,837.3115844726562,551.7216186523438,0.02063092589378357,839.2523193359375,550.2254638671875,0.02150467038154602,232.4093780517578,556.4727783203125,0.051963359117507935,844.8355712890625,532.8013305664062,0.02838405966758728,829.1240844726562,557.9462280273438,0.004202753305435181
718,293.99957275390625,470.5602111816406,0.9999788999557495,232.1179962158203,469.7822570800781,0.9849767684936523,240.56466674804688,565.811279296875,0.9997676014900208,235.60585021972656,557.9315185546875,0.006470739841461182,623.0734252929688,539.178466796875,0.7952691912651062,676.8485107421875,545.021728515625,0.030063599348068237,829.1879272460938,548.9846801757812,0.021044373512268066,837.4358520507812,551.4481201171875,0.026783347129821777,838.952880859375,550.61376953125,0.0241243839263916,233.79299926757812,556.1063232421875,0.059193432331085205,843.4368286132812,535.485107421875,0.01800626516342163,828.5676879882812,542.96142578125,0.0047799646854400635
719,294.5810241699219,469.74871826171875,0.9999768733978271,232.5738067626953,469.6044921875,0.9910677671432495,241.09295654296875,565.2033081054688,0.9997798204421997,620.3277587890625,533.8046264648438,0.0058425068855285645,622.8219604492188,538.1058349609375,0.6409125924110413,676.3585815429688,544.1683959960938,0.010667085647583008,828.2174682617188,545.9061279296875,0.01973879337310791,836.93115234375,551.2625122070312,0.026669442653656006,838.8837890625,550.193359375,0.027548640966415405,233.9592742919922,555.3687744140625,0.06948056817054749,844.189208984375,532.9750366210938,0.02290135622024536,842.4827880859375,556.7220458984375,0.004836559295654297
720,294.77581787109375,469.24273681640625,0.9999775886535645,231.6103515625,469.6778564453125,0.9927283525466919,242.1880340576172,565.6533203125,0.9998645782470703,235.4224395751953,557.5914306640625,0.006784886121749878,623.00927734375,536.41552734375,0.8108377456665039,673.1494750976562,543.650634765625,0.027908116579055786,828.3397216796875,549.4954223632812,0.018536090850830078,836.8005981445312,551.9889526367188,0.03266948461532593,838.3842163085938,550.8829956054688,0.02730172872543335,234.7822265625,555.4904174804688,0.060010552406311035,843.3822631835938,535.8181762695312,0.014807075262069702,828.8114013671875,557.8284301757812,0.004532814025878906
721,295.45025634765625,468.9759216308594,0.9999722838401794,232.4717559814453,467.94390869140625,0.98932945728302,241.9985809326172,564.4749755859375,0.9998124241828918,670.547119140625,540.0692749023438,0.006539434194564819,621.8096923828125,535.6193237304688,0.5832772850990295,672.5745849609375,542.6845092773438,0.033904075622558594,828.6729736328125,548.8900146484375,0.021262288093566895,620.0791015625,538.5952758789062,0.022002816200256348,838.9247436523438,550.4860229492188,0.019533276557922363,235.0387725830078,554.9995727539062,0.05860704183578491,843.1776123046875,532.312744140625,0.01818293333053589,828.3361206054688,543.0391845703125,0.003920108079910278
722,295.7290344238281,468.5941162109375,0.9999697208404541,233.2568817138672,469.1455078125,0.9874393939971924,243.7310028076172,564.9877319335938,0.9998570084571838,235.3662567138672,557.2113647460938,0.007108479738235474,618.3953857421875,534.3035278320312,0.5286507606506348,678.43115234375,537.2762451171875,0.013655036687850952,828.58740234375,549.0455932617188,0.022346407175064087,750.2130737304688,551.3251953125,0.025739312171936035,838.7539672851562,550.4295654296875,0.022525370121002197,236.1732635498047,555.6188354492188,0.06365028023719788,843.4559936523438,532.4526977539062,0.019767075777053833,828.66845703125,557.7567749023438,0.004131495952606201
723,296.235595703125,468.3959045410156,0.9999682903289795,232.90338134765625,469.10546875,0.9899869561195374,244.2821502685547,564.2920532226562,0.999849796295166,235.5063934326172,556.9524536132812,0.006864577531814575,615.7996215820312,532.130126953125,0.5076565742492676,672.474609375,543.2302856445312,0.03389251232147217,828.37060546875,549.3526000976562,0.019751429557800293,749.8729858398438,550.8966674804688,0.04394802451133728,622.0718994140625,526.9241943359375,0.03863760828971863,236.23159790039062,555.4312133789062,0.06646925210952759,842.9039306640625,532.58203125,0.020729899406433105,828.4096069335938,542.806640625,0.004433631896972656
724,296.88067626953125,467.7426452636719,0.9999059438705444,233.48831176757812,467.5377502441406,0.9912858009338379,245.61526489257812,564.0177612304688,0.9998461008071899,235.32958984375,556.2278442382812,0.007279127836227417,611.6255493164062,530.0130615234375,0.5736014246940613,280.7428894042969,456.7501525878906,0.01072615385055542,606.9863891601562,535.1283569335938,0.02329951524734497,749.6167602539062,551.27197265625,0.06607294082641602,617.0023193359375,535.520751953125,0.03779837489128113,237.28353881835938,554.9486694335938,0.06542375683784485,842.8539428710938,532.7393188476562,0.012326419353485107,237.58363342285156,558.8335571289062,0.00471949577331543
725,297.1214294433594,467.55657958984375,0.9999338388442993,233.9013671875,467.33148193359375,0.9889335632324219,246.43418884277344,564.5396118164062,0.9998572468757629,235.2697296142578,556.4842529296875,0.005754679441452026,611.2901000976562,530.0802001953125,0.6378324031829834,280.6216125488281,456.67462158203125,0.009301036596298218,827.7700805664062,549.6102905273438,0.023092955350875854,750.38916015625,551.4898681640625,0.04206433892250061,615.765625,534.8588256835938,0.03830748796463013,237.81178283691406,555.4614868164062,0.046156495809555054,834.785888671875,536.4008178710938,0.012448310852050781,827.7875366210938,546.2952880859375,0.0045043230056762695
726,297.4854736328125,466.6744384765625,0.9999058246612549,233.70701599121094,467.0058898925781,0.9886142015457153,246.35203552246094,564.2125244140625,0.9998825192451477,619.7549438476562,521.34033203125,0.00664067268371582,610.8876953125,529.4572143554688,0.8213985562324524,620.647705078125,521.2911376953125,0.009377807378768921,611.9414672851562,530.8025512695312,0.023059964179992676,749.7052001953125,551.5173950195312,0.04567837715148926,838.5464477539062,550.6231079101562,0.027554839849472046,238.24038696289062,555.2744140625,0.040565669536590576,834.3496704101562,536.2022094726562,0.012260645627975464,828.3128662109375,542.6585693359375,0.0045601725578308105
727,297.9900817871094,466.0557556152344,0.999936580657959,234.10791015625,466.7414855957031,0.986869215965271,247.56271362304688,563.1986694335938,0.999778687953949,619.9309692382812,521.0708618164062,0.008193492889404297,610.445068359375,526.4020385742188,0.7099125385284424,621.0636596679688,521.6151123046875,0.010961323976516724,611.5046997070312,530.8950805664062,0.038199543952941895,749.3568725585938,551.0042724609375,0.07187032699584961,613.6831665039062,532.18408203125,0.028823673725128174,239.33958435058594,554.9462280273438,0.028697341680526733,842.1409912109375,533.1372680664062,0.013528883457183838,827.7532348632812,546.2005004882812,0.004524827003479004
728,298.18304443359375,465.7672119140625,0.999933660030365,234.01287841796875,465.6835632324219,0.9779095649719238,834.0823364257812,545.7453002929688,0.9997798204421997,620.2691040039062,521.0938110351562,0.006497323513031006,609.4459228515625,524.9306640625,0.45810166001319885,622.10791015625,521.7671508789062,0.010865837335586548,610.4915161132812,530.5047607421875,0.023903250694274902,836.47607421875,551.8573608398438,0.024580031633377075,612.0374755859375,530.9971923828125,0.02197796106338501,239.32000732421875,554.9140625,0.03745201230049133,842.6586303710938,543.8675537109375,0.009929627180099487,828.1607055664062,542.7943115234375,0.004375100135803223
729,299.0326843261719,465.16522216796875,0.9999151229858398,233.5814971923828,465.6984558105469,0.9872010350227356,247.3726348876953,562.6281127929688,0.9997594356536865,619.880126953125,521.4156494140625,0.005463927984237671,608.6732177734375,523.775146484375,0.5517783761024475,622.8099975585938,522.7445678710938,0.015719085931777954,609.5368041992188,530.470703125,0.02799999713897705,836.4239501953125,552.0135498046875,0.030312925577163696,610.8611450195312,530.415771484375,0.028353869915008545,239.0938262939453,554.0601196289062,0.036283135414123535,617.7200317382812,520.21337890625,0.01634800434112549,602.715576171875,525.003662109375,0.0043267905712127686
730,299.1424865722656,465.0638427734375,0.9999209642410278,234.5460205078125,465.1798095703125,0.988768458366394,833.414794921875,545.5479736328125,0.9996527433395386,238.7296600341797,476.5787353515625,0.0053611695766448975,607.1786499023438,522.607666015625,0.5604420304298401,314.4895324707031,459.5556335449219,0.012112021446228027,827.487548828125,549.66943359375,0.018758326768875122,835.8773803710938,551.964111328125,0.03239798545837402,610.1505737304688,524.5789184570312,0.023178070783615112,239.9980926513672,554.0831298828125,0.0265672504901886,842.4655151367188,543.6572265625,0.011142194271087646,233.90692138671875,460.1221008300781,0.005511581897735596
731,299.2960510253906,464.5187683105469,0.9999251365661621,234.0480499267578,466.1473083496094,0.9818718433380127,833.0635375976562,545.7510375976562,0.9997050762176514,310.88995361328125,476.74432373046875,0.004455059766769409,606.6580200195312,522.0761108398438,0.21766036748886108,314.2550048828125,459.5627136230469,0.014983206987380981,827.6090087890625,549.9937133789062,0.021897584199905396,836.1942749023438,551.9698486328125,0.03143578767776489,838.2339477539062,550.6311645507812,0.02424854040145874,244.885498046875,553.7249755859375,0.023478060960769653,838.2052612304688,523.0498046875,0.02523103356361389,827.1837158203125,546.3034057617188,0.004398077726364136
732,299.9216003417969,463.9898986816406,0.9998963475227356,233.93067932128906,465.1704406738281,0.9877192974090576,833.3056030273438,545.54931640625,0.9996978044509888,239.04727172851562,476.3865051269531,0.004836142063140869,605.0892333984375,521.6589965820312,0.353925883769989,314.0203552246094,459.5605163574219,0.0216619074344635,827.88232421875,549.9003295898438,0.01662808656692505,836.3233642578125,551.8694458007812,0.03255420923233032,838.3152465820312,550.7120971679688,0.027159571647644043,245.19288635253906,553.5580444335938,0.019214719533920288,842.041259765625,543.8447265625,0.014274954795837402,233.90512084960938,460.1859436035156,0.004701465368270874
733,300.0377502441406,463.5924072265625,0.9999148845672607,234.18431091308594,464.99822998046875,0.9861547946929932,833.0172119140625,545.639892578125,0.9996857643127441,251.9161376953125,556.9759521484375,0.004441559314727783,602.9976196289062,519.7620849609375,0.07680302858352661,314.1094055175781,459.4193420410156,0.02313387393951416,827.4856567382812,549.8052368164062,0.021598488092422485,836.1981811523438,552.012939453125,0.029854238033294678,838.26513671875,550.6216430664062,0.025287657976150513,244.8038330078125,553.5725708007812,0.02053317427635193,841.8224487304688,543.9443969726562,0.011453777551651001,234.0006561279297,460.1885070800781,0.0042893290519714355
734,300.2712097167969,463.2271423339844,0.9999030828475952,233.94036865234375,464.80548095703125,0.9797121286392212,832.8577880859375,545.3990478515625,0.9995825290679932,238.32772827148438,476.13250732421875,0.0050382912158966064,831.2674560546875,546.9782104492188,0.01669102907180786,314.0830383300781,459.43927001953125,0.020311206579208374,827.5101928710938,549.7031860351562,0.02270224690437317,835.3321533203125,551.9933471679688,0.029067695140838623,837.88720703125,550.458740234375,0.025519877672195435,245.70492553710938,553.5494995117188,0.020158231258392334,837.745361328125,522.526611328125,0.02186986804008484,234.223388671875,460.16497802734375,0.005303025245666504
735,300.5979919433594,463.2761535644531,0.9999127388000488,234.8504638671875,465.5403137207031,0.9790213108062744,833.02001953125,545.5698852539062,0.9996436834335327,316.0851135253906,459.8679504394531,0.003634542226791382,831.0404052734375,546.9426879882812,0.015467822551727295,314.1552429199219,459.347412109375,0.023767054080963135,827.5032348632812,549.7626953125,0.019297510385513306,835.6099243164062,551.9404296875,0.029196858406066895,837.9127807617188,550.2160034179688,0.02475103735923767,828.6616821289062,538.3744506835938,0.012250393629074097,842.0626220703125,543.9107666015625,0.013947606086730957,828.1788940429688,557.7188110351562,0.004298180341720581
736,300.6961669921875,463.04388427734375,0.9999068975448608,234.8649444580078,465.28271484375,0.9778420925140381,832.8920288085938,545.8907470703125,0.9996785521507263,238.00071716308594,476.541748046875,0.00533565878868103,831.1688842773438,546.9828491210938,0.015597045421600342,313.98822021484375,459.4396667480469,0.021572381258010864,827.4286499023438,549.9241943359375,0.021041840314865112,835.78466796875,551.9411010742188,0.023780763149261475,837.936279296875,550.3682250976562,0.021464228630065918,829.0408935546875,538.272216796875,0.010595709085464478,841.7724609375,543.9025268554688,0.013727247714996338,234.23233032226562,460.1131896972656,0.005658894777297974
737,300.92047119140625,462.99737548828125,0.9999278783798218,234.86514282226562,465.0866394042969,0.9670912027359009,832.400634765625,545.5431518554688,0.9995642900466919,310.7297668457031,476.4664001464844,0.003192424774169922,831.1397705078125,547.0169067382812,0.015763700008392334,314.13641357421875,459.1627197265625,0.018992692232131958,827.2224731445312,549.774658203125,0.018710285425186157,835.4102783203125,551.8134765625,0.030302494764328003,837.7644653320312,550.3042602539062,0.0240572988986969,249.53213500976562,555.2299194335938,0.012976855039596558,841.227783203125,533.5729370117188,0.020823150873184204,826.9527587890625,546.3639526367188,0.004196912050247192
738,301.1513671875,462.60955810546875,0.999919056892395,235.2802734375,465.7517395019531,0.9848387241363525,832.4619140625,545.5739135742188,0.9994509816169739,238.6313018798828,476.58673095703125,0.004665017127990723,831.02001953125,547.02392578125,0.01435670256614685,313.8171691894531,459.1864318847656,0.016472995281219482,826.8416137695312,549.6796264648438,0.0257989764213562,835.2113647460938,552.05419921875,0.025240838527679443,837.48583984375,550.24755859375,0.02006468176841736,829.1267700195312,537.7655639648438,0.011724025011062622,841.447998046875,536.2864379882812,0.014647215604782104,234.03028869628906,460.2841796875,0.005492717027664185
739,302.1951904296875,462.2573547363281,0.9999275207519531,235.71237182617188,466.0616760253906,0.9573230743408203,832.3468017578125,545.8020629882812,0.9996160268783569,310.6513366699219,476.49530029296875,0.0032933056354522705,831.157470703125,546.65576171875,0.015308678150177002,313.76727294921875,459.18524169921875,0.013931125402450562,827.048095703125,549.8547973632812,0.022690773010253906,835.5418090820312,551.8851318359375,0.024609357118606567,837.6786499023438,550.2936401367188,0.02136215567588806,249.77809143066406,555.14501953125,0.015833228826522827,840.4102172851562,537.2930297851562,0.018322795629501343,827.851318359375,557.8447265625,0.0043228864669799805
740,302.71136474609375,462.046142578125,0.9999258518218994,235.9938201904297,464.67156982421875,0.9607284069061279,832.4821166992188,545.4224243164062,0.9995679259300232,310.47247314453125,476.6614074707031,0.0036250948905944824,831.169677734375,546.7545166015625,0.012538522481918335,313.8361511230469,459.0824279785156,0.01343044638633728,827.14599609375,549.5220947265625,0.017806828022003174,835.2568359375,551.84521484375,0.019848525524139404,837.463623046875,550.0445556640625,0.019223153591156006,249.84593200683594,554.9306640625,0.016159892082214355,840.7582397460938,534.2556762695312,0.0229642391204834,234.48828125,460.2463684082031,0.004690587520599365
741,302.717529296875,461.9432678222656,0.9999236464500427,235.59945678710938,464.49786376953125,0.9675143361091614,257.7659912109375,561.69580078125,0.9996929168701172,310.0378112792969,476.96514892578125,0.003877699375152588,830.9095458984375,546.41259765625,0.014200657606124878,313.78521728515625,459.2424621582031,0.01362505555152893,826.8633422851562,549.3696899414062,0.02143484354019165,835.0245361328125,551.80029296875,0.018924444913864136,837.1973266601562,549.9854736328125,0.019644826650619507,250.2604217529297,555.1840209960938,0.0180509090423584,840.310791015625,534.0078125,0.02532297372817993,234.52308654785156,460.20220947265625,0.006175965070724487
742,302.8789367675781,461.8074645996094,0.9999345541000366,236.3793182373047,465.0142822265625,0.9845631122589111,256.72216796875,561.7897338867188,0.9996424913406372,252.70849609375,557.1343383789062,0.004587829113006592,830.877685546875,546.3461303710938,0.014553666114807129,313.803955078125,459.1150207519531,0.01177901029586792,826.9388427734375,549.4254150390625,0.02558860182762146,834.8360595703125,551.2470092773438,0.017753124237060547,837.4635009765625,549.3417358398438,0.022069871425628662,250.03382873535156,554.966796875,0.03523114323616028,840.6162109375,534.0249633789062,0.0314292311668396,234.39524841308594,460.2138671875,0.004510015249252319
743,303.2030334472656,461.712890625,0.9999342560768127,236.21189880371094,464.0090026855469,0.9757590293884277,257.2256164550781,561.4857177734375,0.9996212720870972,252.74185180664062,556.4596557617188,0.0047539472579956055,830.935302734375,546.093505859375,0.012913703918457031,313.7030944824219,459.345703125,0.011588960886001587,826.9450073242188,549.1663818359375,0.019846171140670776,835.2587890625,551.35302734375,0.015436679124832153,837.3873901367188,549.3300170898438,0.01712670922279358,250.5008087158203,554.5729370117188,0.03452444076538086,840.771728515625,534.0989990234375,0.03636398911476135,253.06068420410156,559.072998046875,0.004270344972610474
744,303.1386413574219,461.33795166015625,0.99993497133255,236.561279296875,464.13201904296875,0.9635851383209229,258.905517578125,561.4510498046875,0.9997114539146423,252.7852783203125,556.725341796875,0.004925519227981567,830.8383178710938,546.134033203125,0.014176249504089355,313.6354064941406,459.548095703125,0.011162787675857544,826.7850341796875,549.0888061523438,0.021848559379577637,835.0315551757812,551.2579956054688,0.015500068664550781,263.2457580566406,566.7833251953125,0.01808798313140869,251.23114013671875,554.3584594726562,0.031009942293167114,840.6793823242188,533.5734252929688,0.0258883535861969,826.5767211914062,546.6431274414062,0.0036857128143310547
745,303.20184326171875,461.1296081542969,0.9999385476112366,236.538330078125,463.7301940917969,0.975667417049408,830.1514892578125,543.814208984375,0.9996761083602905,309.9798583984375,476.9133605957031,0.0051864683628082275,830.7687377929688,546.2504272460938,0.015656203031539917,313.6771545410156,459.5546875,0.009990870952606201,826.4962768554688,549.2425537109375,0.02242109179496765,834.8060913085938,551.2469482421875,0.013821214437484741,837.0787353515625,549.3328857421875,0.017430275678634644,251.86656188964844,554.3136596679688,0.027730494737625122,840.2861938476562,534.2350463867188,0.03670322895050049,234.55601501464844,460.236083984375,0.004594177007675171
746,303.4960632324219,461.10906982421875,0.9999480247497559,236.5952911376953,463.6135559082031,0.9719935655593872,259.9876708984375,561.44384765625,0.9996951818466187,309.8959655761719,476.7693176269531,0.004427731037139893,830.87109375,545.7396240234375,0.014116406440734863,313.7496032714844,459.45257568359375,0.009788036346435547,826.849853515625,548.920654296875,0.019532442092895508,835.2786865234375,550.9374389648438,0.011108040809631348,837.2427978515625,548.9462280273438,0.014292091131210327,251.796630859375,554.3779907226562,0.018542617559432983,840.3369750976562,534.2850341796875,0.03517994284629822,234.42034912109375,460.37939453125,0.003946632146835327
747,303.541748046875,460.897705078125,0.9999585151672363,237.03854370117188,463.89208984375,0.934998631477356,829.9911499023438,543.1144409179688,0.999499499797821,252.84585571289062,556.388427734375,0.004310786724090576,830.4364624023438,545.8944091796875,0.012026190757751465,313.6562194824219,459.3088073730469,0.00838780403137207,826.5535278320312,548.56103515625,0.022925525903701782,834.6841430664062,550.7417602539062,0.010382533073425293,836.75341796875,548.66845703125,0.014844506978988647,251.38075256347656,554.434814453125,0.03624418377876282,840.4205322265625,533.8123779296875,0.041286319494247437,828.0185546875,542.1317138671875,0.003834277391433716
748,303.5969543457031,460.53277587890625,0.9999551177024841,236.4408416748047,463.46490478515625,0.9192789793014526,829.7364501953125,543.1307373046875,0.9995729923248291,310.03363037109375,476.5176696777344,0.005243480205535889,830.5660400390625,545.9207763671875,0.012294113636016846,313.5859680175781,459.4592590332031,0.0076486170291900635,826.0857543945312,548.935302734375,0.019637882709503174,834.9561157226562,551.04052734375,0.00978812575340271,836.705322265625,549.0132446289062,0.011463433504104614,251.97756958007812,554.3837890625,0.02550533413887024,839.749755859375,534.08740234375,0.05992063879966736,827.9163818359375,542.2367553710938,0.0033481717109680176
749,303.75836181640625,460.3536071777344,0.9999432563781738,238.0063934326172,463.8236389160156,0.7481563091278076,829.2088623046875,543.3338623046875,0.9995951652526855,309.86480712890625,476.4081115722656,0.0056934356689453125,830.1626586914062,545.8515014648438,0.009715169668197632,313.61041259765625,459.6910705566406,0.00841107964515686,825.8544311523438,548.6913452148438,0.019832760095596313,835.4876708984375,550.6788330078125,0.00953558087348938,836.5309448242188,548.8381958007812,0.010204285383224487,252.20016479492188,554.1875,0.018110036849975586,839.2372436523438,534.72705078125,0.05766165256500244,828.0641479492188,542.1661987304688,0.0036833882331848145
750,303.6815490722656,460.1482849121094,0.9999397993087769,236.85386657714844,462.8509521484375,0.6584336757659912,828.9721069335938,543.0138549804688,0.9994736313819885,310.0076599121094,476.3306884765625,0.005554616451263428,829.8241577148438,546.0249633789062,0.012062162160873413,313.6583557128906,459.7076416015625,0.008574903011322021,825.6353149414062,548.5003051757812,0.024030625820159912,834.9937744140625,550.3312377929688,0.009240269660949707,270.2652587890625,566.6682739257812,0.012123823165893555,252.732666015625,553.90576171875,0.022289931774139404,838.970947265625,534.3950805664062,0.07023295760154724,827.89892578125,542.1285400390625,0.004045665264129639
751,303.83026123046875,459.92254638671875,0.9999479055404663,236.2122344970703,464.0179748535156,0.9187309741973877,262.2359313964844,561.7667846679688,0.9996242523193359,309.81024169921875,476.2359619140625,0.00541272759437561,829.9033203125,545.6514282226562,0.011299550533294678,313.4403381347656,459.64471435546875,0.007816433906555176,825.8355712890625,548.1709594726562,0.02689141035079956,835.0345458984375,550.0882568359375,0.009615868330001831,270.30047607421875,566.1677856445312,0.01061907410621643,252.77980041503906,554.0155029296875,0.014354020357131958,839.3587646484375,533.9953002929688,0.0993340015411377,827.8922119140625,542.2612915039062,0.003986001014709473
752,303.8070983886719,459.79071044921875,0.9999310970306396,236.36529541015625,463.7552490234375,0.9309834241867065,829.247802734375,542.6281127929688,0.9994600415229797,309.7654113769531,476.17352294921875,0.005478769540786743,829.83935546875,545.939697265625,0.009893059730529785,313.5231628417969,459.7289733886719,0.007649719715118408,825.7127685546875,548.1783447265625,0.023147761821746826,835.0303344726562,550.0501708984375,0.0065160393714904785,269.3653259277344,566.0355834960938,0.011175870895385742,252.5360565185547,551.7828369140625,0.028528332710266113,839.8988037109375,533.9313354492188,0.052403271198272705,827.8831176757812,542.0609741210938,0.0035227835178375244
753,303.6568298339844,459.4662780761719,0.999931812286377,237.17445373535156,463.92034912109375,0.960120677947998,262.45367431640625,561.0354614257812,0.9992722272872925,309.6948547363281,476.3200988769531,0.005881249904632568,829.79833984375,545.5897216796875,0.008329302072525024,313.5119323730469,459.85400390625,0.006554931402206421,825.998779296875,547.694091796875,0.023812323808670044,835.3465576171875,549.896484375,0.006571382284164429,270.4645080566406,566.2162475585938,0.008277475833892822,253.1542510986328,553.8806762695312,0.021928787231445312,839.5274658203125,534.1589965820312,0.08082827925682068,827.8271484375,542.001708984375,0.004242837429046631
754,303.59149169921875,459.3304748535156,0.9999305009841919,237.4129180908203,463.09521484375,0.9614560604095459,828.6063232421875,542.289794921875,0.999400794506073,309.8728332519531,476.08544921875,0.005782425403594971,589.9364624023438,524.294189453125,0.011387288570404053,313.5484619140625,459.8790283203125,0.006495535373687744,825.7213134765625,547.9339599609375,0.027843326330184937,835.2384033203125,550.2098388671875,0.0069068968296051025,836.0894165039062,548.159423828125,0.008961498737335205,252.6130828857422,553.87548828125,0.022052288055419922,839.536865234375,533.9125366210938,0.07067769765853882,827.6231689453125,542.0255126953125,0.00414508581161499
755,303.5956726074219,459.1882629394531,0.9999308586120605,237.1659393310547,463.17486572265625,0.8033345937728882,829.56689453125,543.2297973632812,0.9991874694824219,309.78155517578125,476.02264404296875,0.0054604411125183105,829.3812866210938,545.5203247070312,0.008426785469055176,313.49127197265625,459.9911804199219,0.006818503141403198,825.6070556640625,547.4655151367188,0.02639523148536682,660.6367797851562,531.2061157226562,0.008850932121276855,270.2343444824219,566.312744140625,0.009577691555023193,252.46925354003906,553.2374877929688,0.022865235805511475,839.687255859375,533.5323486328125,0.09062260389328003,827.627685546875,542.0341186523438,0.00428345799446106
756,303.22808837890625,458.7689514160156,0.9999222755432129,237.2133331298828,462.9764099121094,0.9382191896438599,829.728515625,542.6123657226562,0.9992866516113281,310.0628967285156,475.8343200683594,0.004647046327590942,829.4559936523438,545.4644165039062,0.008349806070327759,313.5706787109375,460.0159912109375,0.006013602018356323,825.9807739257812,547.2019653320312,0.024692386388778687,663.1593017578125,530.487548828125,0.006367295980453491,270.57586669921875,565.9244995117188,0.013649940490722656,252.3401336669922,553.4014892578125,0.027125418186187744,839.8148803710938,533.3170166015625,0.08539682626724243,827.6961669921875,542.0789184570312,0.0038917958736419678
757,303.3766784667969,458.516845703125,0.999919056892395,237.4063262939453,462.8280944824219,0.7230361700057983,829.5238647460938,541.6549072265625,0.9992853403091431,253.1189727783203,555.7296142578125,0.004521608352661133,829.1249389648438,545.1689453125,0.007193535566329956,313.53948974609375,460.1589660644531,0.005324125289916992,825.689697265625,546.7125244140625,0.028617888689041138,835.1119384765625,548.7429809570312,0.00482979416847229,270.658203125,566.0318603515625,0.013606369495391846,252.4786376953125,551.58056640625,0.027199208736419678,839.81396484375,532.7825317382812,0.09701725840568542,827.5101318359375,542.0413818359375,0.003910750150680542
758,303.4488220214844,458.6180725097656,0.9999350309371948,237.83184814453125,462.9242248535156,0.7639679908752441,829.15283203125,541.6956787109375,0.9991647601127625,668.9769287109375,528.2136840820312,0.0059719085693359375,828.6786499023438,545.34619140625,0.007366776466369629,313.4186096191406,460.0174255371094,0.00561898946762085,825.4921875,546.6058959960938,0.030318617820739746,676.4851684570312,525.81298828125,0.018120169639587402,643.2931518554688,531.12841796875,0.010537654161453247,252.23284912109375,551.532958984375,0.03849741816520691,839.8786010742188,532.8728637695312,0.09665417671203613,827.508056640625,541.9461059570312,0.004214584827423096
759,303.450927734375,458.4345397949219,0.9999381303787231,238.3960418701172,462.7533264160156,0.5068100690841675,260.64007568359375,560.7688598632812,0.9992454648017883,685.767578125,514.1858520507812,0.0060308873653411865,828.6917114257812,545.40576171875,0.006352722644805908,313.39019775390625,460.0992431640625,0.005180686712265015,825.0740356445312,546.5459594726562,0.024760305881500244,664.4285278320312,525.1649780273438,0.019591480493545532,642.3056640625,531.3074951171875,0.008977681398391724,252.44500732421875,551.6658325195312,0.034601956605911255,687.11181640625,516.0758056640625,0.1353682577610016,827.369140625,541.9885864257812,0.003682047128677368
760,303.8117980957031,459.1643371582031,0.9999066591262817,236.92449951171875,462.61407470703125,0.9219458699226379,827.2523193359375,541.231689453125,0.9990423917770386,654.9002685546875,537.5184326171875,0.006543338298797607,828.5851440429688,545.3486938476562,0.006373763084411621,313.6695861816406,460.17864990234375,0.005052506923675537,824.966796875,546.3007202148438,0.02535828948020935,663.3731079101562,525.9830932617188,0.0831446647644043,641.80712890625,531.3870849609375,0.00875672698020935,252.87940979003906,554.0042114257812,0.02586081624031067,686.2203369140625,516.0305786132812,0.15835359692573547,827.2064208984375,541.8391723632812,0.0041349828243255615
761,303.67877197265625,459.02508544921875,0.9999411106109619,236.9940948486328,463.2271728515625,0.9223726987838745,261.8002624511719,560.7070922851562,0.9990653395652771,655.0784912109375,536.924072265625,0.005470156669616699,828.4617309570312,544.932373046875,0.005386710166931152,313.5233459472656,460.2566833496094,0.00460246205329895,824.7449951171875,545.9024047851562,0.026490747928619385,662.45703125,525.8829345703125,0.03131401538848877,640.6197509765625,530.8485717773438,0.017346084117889404,252.10281372070312,551.5166625976562,0.025726020336151123,685.28173828125,515.9035034179688,0.12479856610298157,827.303955078125,542.018798828125,0.003293067216873169
762,303.6533203125,458.8048095703125,0.9999279379844666,237.26986694335938,462.5640563964844,0.8769885301589966,261.1156311035156,560.7913208007812,0.999160647392273,655.18017578125,537.0423583984375,0.007675886154174805,828.270751953125,544.9481201171875,0.005842864513397217,313.460693359375,460.2556457519531,0.004206359386444092,824.5403442382812,545.8721313476562,0.029465556144714355,645.4193115234375,532.6131591796875,0.03404387831687927,640.5114135742188,530.2609252929688,0.025633782148361206,252.53965759277344,554.1071166992188,0.016317933797836304,683.07470703125,515.697509765625,0.18242046236991882,827.0753173828125,541.7948608398438,0.004049241542816162
763,303.5927734375,458.69830322265625,0.9999397993087769,237.8044891357422,462.6776428222656,0.9305756688117981,262.72393798828125,561.267333984375,0.9993857145309448,688.077392578125,514.2726440429688,0.008564352989196777,828.5133666992188,544.7647094726562,0.006700962781906128,313.41876220703125,460.3370361328125,0.004228681325912476,824.4256591796875,545.9823608398438,0.027840763330459595,642.9124755859375,532.5906372070312,0.052128612995147705,640.4658203125,530.4869384765625,0.036677539348602295,252.96896362304688,553.5947875976562,0.017493098974227905,681.2595825195312,515.8463134765625,0.2218310534954071,234.8638153076172,460.448486328125,0.004176497459411621
764,303.4218444824219,458.3959655761719,0.9999325275421143,236.17225646972656,462.9397888183594,0.939774751663208,262.0086975097656,560.627685546875,0.9990569353103638,688.9647216796875,514.3911743164062,0.006859928369522095,543.687744140625,507.7560729980469,0.013924926519393921,313.4210510253906,460.58642578125,0.004439681768417358,824.392333984375,545.7393798828125,0.028641194105148315,643.9345092773438,533.154541015625,0.02509540319442749,639.9821166992188,531.3756713867188,0.011161953210830688,252.7549285888672,553.3387451171875,0.020088404417037964,679.39892578125,515.3646850585938,0.24328312277793884,234.8406219482422,460.36553955078125,0.004333555698394775
765,303.72955322265625,458.109619140625,0.9999450445175171,235.87744140625,463.196044921875,0.8345670104026794,261.6167907714844,561.3899536132812,0.9992110729217529,689.4569091796875,514.3546142578125,0.0056040287017822266,541.8801879882812,508.56024169921875,0.014257848262786865,315.6217956542969,444.0865783691406,0.004002869129180908,659.3611450195312,521.7119750976562,0.02402368187904358,660.4561157226562,526.6201171875,0.02510198950767517,831.5628662109375,547.6771850585938,0.007204324007034302,252.47787475585938,553.915283203125,0.026820600032806396,678.54638671875,515.0833740234375,0.28617459535598755,827.2279052734375,541.7918090820312,0.0032774806022644043
766,303.8008117675781,457.76776123046875,0.9999609589576721,235.47052001953125,462.61383056640625,0.9261449575424194,261.0017395019531,561.1424560546875,0.999053418636322,253.38243103027344,555.2972412109375,0.005725502967834473,667.1055297851562,520.9592895507812,0.006467878818511963,315.4542236328125,443.9966735839844,0.005204528570175171,660.1712036132812,522.6826171875,0.027669250965118408,656.511962890625,526.6052856445312,0.05408447980880737,264.252685546875,566.2119140625,0.007933259010314941,252.4552459716797,551.6758422851562,0.028104335069656372,677.5328369140625,515.5790405273438,0.26623475551605225,253.6735382080078,558.7401733398438,0.00428009033203125
767,303.52508544921875,457.7926025390625,0.9999626874923706,237.1325225830078,462.3380432128906,0.9535670280456543,261.3384704589844,560.7186889648438,0.9990330934524536,654.2420043945312,533.8553466796875,0.005962193012237549,665.0823364257812,521.586181640625,0.010117590427398682,666.095458984375,510.8487548828125,0.005073130130767822,658.9816284179688,523.2618408203125,0.03676953911781311,655.9916381835938,527.186279296875,0.13697820901870728,663.1560668945312,524.7540893554688,0.0069200992584228516,253.1548309326172,554.0380249023438,0.018549978733062744,676.0613403320312,516.1154174804688,0.3090321123600006,234.8002166748047,460.2311706542969,0.0042209625244140625
768,303.4644775390625,457.5703430175781,0.9999653100967407,235.64125061035156,462.3642578125,0.9492972493171692,261.8791809082031,560.9959106445312,0.9990851879119873,668.4590454101562,511.5597229003906,0.006727933883666992,664.10791015625,521.6242065429688,0.013446569442749023,666.4756469726562,510.6772766113281,0.005692929029464722,658.9700927734375,523.1761474609375,0.023647964000701904,651.3311767578125,526.75830078125,0.16386649012565613,831.655517578125,547.5482177734375,0.00733870267868042,253.11001586914062,554.3916015625,0.01741611957550049,674.6273193359375,516.2343139648438,0.2776866555213928,234.91729736328125,460.2566223144531,0.003892570734024048
769,303.40118408203125,457.69189453125,0.9999498724937439,235.6605224609375,463.0465393066406,0.8921480178833008,261.0055847167969,560.4707641601562,0.9990803599357605,668.7276000976562,512.447265625,0.007226675748825073,664.1891479492188,521.640869140625,0.010792344808578491,666.425537109375,511.4205322265625,0.005342990159988403,823.7847900390625,545.1004638671875,0.020394712686538696,651.4382934570312,525.916015625,0.1098712682723999,831.5274047851562,547.6275634765625,0.006867140531539917,252.66717529296875,553.7095336914062,0.03353598713874817,673.3776245117188,516.1609497070312,0.24390557408332825,668.1400756835938,509.97686767578125,0.003926664590835571
770,303.3666076660156,457.51959228515625,0.9999369978904724,236.00180053710938,462.1549377441406,0.9641936421394348,261.60626220703125,560.5570068359375,0.9987221956253052,621.499755859375,516.9666748046875,0.006599694490432739,827.54541015625,544.0465087890625,0.005771130323410034,315.6581115722656,444.04827880859375,0.004578292369842529,823.3932495117188,544.8455810546875,0.027311205863952637,648.8330078125,527.4032592773438,0.4021473824977875,654.4522094726562,525.6399536132812,0.010703951120376587,252.5771484375,553.8702392578125,0.015498429536819458,673.2802734375,516.2714233398438,0.17144733667373657,234.90487670898438,460.23907470703125,0.0035735666751861572
771,303.1475830078125,457.7768859863281,0.9999310374259949,236.17120361328125,462.11370849609375,0.9442182779312134,261.38397216796875,561.0634155273438,0.9993177652359009,670.6588745117188,514.0947875976562,0.006123960018157959,528.8606567382812,513.3609008789062,0.02316194772720337,672.0418701171875,523.0081787109375,0.005219817161560059,823.1047973632812,544.6484375,0.031197786331176758,651.251708984375,526.7249145507812,0.28593719005584717,655.5792236328125,524.89892578125,0.015163630247116089,252.9871826171875,554.1500244140625,0.01626354455947876,671.6109008789062,516.2211303710938,0.29136139154434204,253.5542755126953,558.738037109375,0.0029868483543395996
772,303.3394470214844,457.43707275390625,0.9999391436576843,235.7899932861328,462.2751770019531,0.8995152711868286,261.6490173339844,560.9537353515625,0.9990874528884888,671.0480346679688,513.928955078125,0.0068284571170806885,527.2315063476562,515.3229370117188,0.05075162649154663,315.5452880859375,444.141845703125,0.004919767379760742,823.7394409179688,544.926025390625,0.019585728645324707,648.275634765625,526.8321533203125,0.32164034247398376,650.0607299804688,524.3156127929688,0.01016002893447876,253.19886779785156,554.1605834960938,0.01373225450515747,670.614501953125,516.0045776367188,0.2332286238670349,667.367431640625,510.24407958984375,0.003013432025909424
773,303.13104248046875,457.4588623046875,0.9999397993087769,236.15457153320312,460.83892822265625,0.8766427636146545,260.7714538574219,561.2144775390625,0.9991573095321655,622.5197143554688,516.8237915039062,0.005399882793426514,526.3468017578125,514.5037231445312,0.14900195598602295,315.6588439941406,443.9900207519531,0.00517842173576355,820.917236328125,546.1043701171875,0.03186282515525818,646.20654296875,527.79345703125,0.24171200394630432,830.413818359375,547.0654296875,0.0121784508228302,252.88320922851562,553.8679809570312,0.018786311149597168,669.5750732421875,515.796630859375,0.0641079843044281,827.6920776367188,555.8986206054688,0.003624051809310913
774,303.10906982421875,457.66741943359375,0.9999092817306519,235.92295837402344,462.10601806640625,0.935509979724884,260.84979248046875,561.2225341796875,0.9992048740386963,622.1547241210938,517.5929565429688,0.007521212100982666,525.2293701171875,514.50244140625,0.10843569040298462,315.6757507324219,444.1409606933594,0.0044746994972229,820.9054565429688,546.2451782226562,0.026867598295211792,640.6544799804688,527.7929077148438,0.19743657112121582,830.518798828125,547.3238525390625,0.009384781122207642,252.6651153564453,553.6216430664062,0.02296307682991028,667.5003662109375,515.9791259765625,0.1805715560913086,253.60433959960938,558.6749267578125,0.003307521343231201
775,303.17633056640625,457.48291015625,0.9999071359634399,236.1306610107422,461.2553405761719,0.9694024324417114,260.63519287109375,561.4380493164062,0.9992775321006775,561.6573486328125,508.8770751953125,0.020911186933517456,524.9459838867188,516.9132690429688,0.024535447359085083,671.9224243164062,525.7655029296875,0.00527268648147583,820.783203125,545.5596923828125,0.030438244342803955,641.3341064453125,527.747802734375,0.20499253273010254,648.3662719726562,524.8796997070312,0.01171758770942688,252.22488403320312,551.7135620117188,0.023435890674591064,665.5777587890625,516.4368896484375,0.2274063527584076,253.49191284179688,558.771240234375,0.003862053155899048
776,303.0400085449219,457.3676452636719,0.9998922348022461,235.605224609375,461.4349670410156,0.9213727712631226,260.7697448730469,561.2824096679688,0.999435305595398,253.5299072265625,555.4549560546875,0.0046443939208984375,584.994384765625,546.9873046875,0.022380292415618896,315.41632080078125,444.2056579589844,0.004802972078323364,817.53759765625,543.4453125,0.027506083250045776,639.5352172851562,527.8851928710938,0.3983966112136841,830.2052612304688,547.2117919921875,0.011368721723556519,252.47328186035156,553.302734375,0.01925709843635559,662.91796875,517.1046142578125,0.11173874139785767,302.89019775390625,460.4961853027344,0.0034839510917663574
777,302.9258728027344,457.3304138183594,0.9999290704727173,236.28660583496094,460.6562805175781,0.5984286665916443,259.33856201171875,560.5633544921875,0.9990972280502319,561.108154296875,509.83050537109375,0.005617350339889526,584.782470703125,550.066650390625,0.024731427431106567,315.6933288574219,444.1248474121094,0.005478769540786743,816.921875,544.2767944335938,0.026270687580108643,635.2660522460938,527.2241821289062,0.13022968173027039,648.7093505859375,524.7708129882812,0.016316145658493042,251.69581604003906,553.4353637695312,0.03414541482925415,661.73486328125,516.9141845703125,0.1731467843055725,253.35769653320312,558.5706176757812,0.004528671503067017
778,302.7395935058594,457.2664794921875,0.9999114871025085,236.21031188964844,462.04071044921875,0.436636358499527,259.9742431640625,560.7815551757812,0.9993334412574768,253.3201141357422,555.671875,0.006150722503662109,648.254150390625,522.2614135742188,0.02340984344482422,315.7007141113281,444.06085205078125,0.006198674440383911,817.5930786132812,543.184814453125,0.029134511947631836,635.9398193359375,527.7696533203125,0.6890247464179993,640.5162963867188,530.3042602539062,0.017559736967086792,252.44485473632812,553.5625610351562,0.025995910167694092,661.3673706054688,516.118896484375,0.27019017934799194,253.569580078125,558.7006225585938,0.004280894994735718
779,302.4916076660156,457.3866271972656,0.9998825788497925,237.49612426757812,461.1739807128906,0.5537145137786865,260.5134582519531,561.392578125,0.999202311038971,253.34559631347656,555.4904174804688,0.0057319700717926025,583.7592163085938,550.6925659179688,0.04917415976524353,315.9058532714844,444.1127624511719,0.004335135221481323,816.595947265625,543.9916381835938,0.03432378172874451,635.2977294921875,527.4807739257812,0.6577733755111694,640.486083984375,529.6511840820312,0.012955933809280396,252.3913116455078,553.4371337890625,0.032353222370147705,660.579833984375,516.3162841796875,0.14947891235351562,253.4772186279297,558.7199096679688,0.004687309265136719
780,302.2715148925781,457.38055419921875,0.9999095797538757,237.2418670654297,461.14447021484375,0.8493106365203857,259.36590576171875,560.8983154296875,0.9993906021118164,604.0463256835938,547.2793579101562,0.010524213314056396,583.0408935546875,550.2180786132812,0.06375697255134583,315.9210205078125,443.8930969238281,0.00428888201713562,817.6620483398438,543.1260986328125,0.02789214253425598,634.5689697265625,527.87646484375,0.557751476764679,646.7582397460938,524.4248657226562,0.014444530010223389,251.84957885742188,553.66259765625,0.02947014570236206,659.535888671875,516.3316650390625,0.08938458561897278,253.3792266845703,558.6709594726562,0.004459649324417114
781,302.18853759765625,457.3409423828125,0.9999101161956787,235.58883666992188,462.0243225097656,0.9381165504455566,260.81817626953125,560.614501953125,0.999392032623291,604.739990234375,547.08203125,0.01088455319404602,583.8611450195312,550.9965209960938,0.09565910696983337,315.8226318359375,443.8682861328125,0.004275232553482056,815.919921875,543.5308227539062,0.03268343210220337,634.770263671875,527.7649536132812,0.4199964106082916,640.7704467773438,529.7679443359375,0.021419435739517212,252.7268524169922,553.86279296875,0.020559459924697876,833.1911010742188,533.0315551757812,0.06443160772323608,253.67398071289062,558.6867065429688,0.0035305917263031006
782,301.2317199707031,456.7575378417969,0.9999092221260071,235.45799255371094,461.8905334472656,0.9610800743103027,260.1745300292969,560.624267578125,0.9994429349899292,604.5178833007812,547.5623779296875,0.01000213623046875,512.1720581054688,520.1695556640625,0.19067862629890442,313.7771301269531,461.3638610839844,0.003909468650817871,816.2530517578125,543.7700805664062,0.03260388970375061,634.053955078125,528.0638427734375,0.3852986693382263,640.5711059570312,530.1039428710938,0.018872082233428955,252.0499725341797,553.6596069335938,0.02464696764945984,657.6326904296875,516.9146728515625,0.1415662169456482,253.60494995117188,558.7722778320312,0.003941357135772705
783,301.1537780761719,456.6714782714844,0.9999145269393921,236.06402587890625,462.39532470703125,0.90767502784729,259.55987548828125,560.6526489257812,0.9994447231292725,603.870361328125,547.9978637695312,0.011808037757873535,583.6633911132812,554.0486450195312,0.08598673343658447,313.488037109375,461.409423828125,0.0037677884101867676,816.7684936523438,543.3674926757812,0.030043691396713257,635.634521484375,527.8743896484375,0.550347089767456,640.4370727539062,529.4763793945312,0.025904089212417603,251.7574462890625,553.5579223632812,0.023009657859802246,832.8091430664062,532.7153930664062,0.1118888258934021,253.47393798828125,558.748291015625,0.003634124994277954
784,301.0944519042969,456.6395263671875,0.9999282956123352,236.80276489257812,462.0049743652344,0.6436744928359985,259.83648681640625,560.7577514648438,0.9994858503341675,604.0072631835938,547.5882568359375,0.012065231800079346,643.68212890625,522.7448120117188,0.10241588950157166,650.9503784179688,513.0861206054688,0.0054885149002075195,816.5277099609375,543.0303955078125,0.03637087345123291,634.8946533203125,526.2831420898438,0.09822678565979004,642.0262451171875,525.0875854492188,0.017305970191955566,252.37890625,553.7653198242188,0.020959705114364624,655.458984375,516.6652221679688,0.1614500880241394,651.8458251953125,510.5753479003906,0.004156321287155151
785,301.15533447265625,456.5986328125,0.9999406337738037,235.90771484375,461.2820739746094,0.5406132340431213,260.489990234375,560.5618286132812,0.9994670152664185,559.62841796875,517.1784057617188,0.01268342137336731,644.118896484375,523.4595947265625,0.04564636945724487,315.6883850097656,443.96527099609375,0.004937291145324707,816.5299682617188,542.9244995117188,0.045332878828048706,633.7510375976562,527.5445556640625,0.2154911756515503,640.5369873046875,526.1956176757812,0.014407098293304443,252.68312072753906,553.953369140625,0.02136734127998352,832.7444458007812,532.728271484375,0.11168307065963745,253.86366271972656,558.9262084960938,0.0036703646183013916
786,301.11785888671875,456.4587707519531,0.9999479055404663,235.8087158203125,461.0054016113281,0.8042600154876709,259.39404296875,560.3579711914062,0.9992237091064453,559.63330078125,517.3759765625,0.02257436513900757,643.747314453125,523.078369140625,0.042816102504730225,525.236572265625,521.0459594726562,0.005720227956771851,815.2490844726562,543.5134887695312,0.04689553380012512,632.685546875,526.7144165039062,0.06501519680023193,521.9140014648438,511.4774475097656,0.01255771517753601,251.99530029296875,553.8253173828125,0.021176397800445557,832.3571166992188,532.6661376953125,0.12015262246131897,253.48513793945312,558.633544921875,0.0035017430782318115
787,301.0433044433594,456.556884765625,0.9999445676803589,235.68650817871094,461.00244140625,0.9651943445205688,260.37884521484375,560.949951171875,0.9990639686584473,558.1705932617188,516.7185668945312,0.049885690212249756,582.3968505859375,554.11669921875,0.04101526737213135,528.3778076171875,516.0543823242188,0.005331456661224365,815.432373046875,543.4966430664062,0.044331640005111694,632.3788452148438,526.27587890625,0.0708416998386383,828.8986206054688,547.0828247070312,0.012027114629745483,252.0994110107422,553.48486328125,0.018672645092010498,832.0209350585938,532.6222534179688,0.11325138807296753,827.6651611328125,555.6409912109375,0.003130406141281128
788,300.8371887207031,456.60101318359375,0.9999499320983887,235.52252197265625,461.12164306640625,0.8721832036972046,260.4156494140625,560.7409057617188,0.9994051456451416,549.8768310546875,516.6265258789062,0.05609211325645447,505.4557800292969,531.2816772460938,0.12483677268028259,526.5991821289062,521.0245971679688,0.0066644251346588135,815.3237915039062,543.5489501953125,0.045992136001586914,633.1525268554688,526.8291625976562,0.13704907894134521,828.7193603515625,547.16845703125,0.012299329042434692,252.48727416992188,553.841064453125,0.020480811595916748,653.5736694335938,517.3709716796875,0.13645634055137634,253.74609375,558.876953125,0.0033291876316070557
789,300.7238464355469,456.60296630859375,0.9999406337738037,235.92982482910156,461.4627990722656,0.5434157848358154,260.1888427734375,560.70458984375,0.9992688298225403,530.0684204101562,519.323974609375,0.020734459161758423,503.5846252441406,531.3963623046875,0.4185512065887451,526.26806640625,520.7769775390625,0.0068794190883636475,814.8711547851562,543.7396240234375,0.04809132218360901,630.7468872070312,527.4662475585938,0.03822529315948486,823.8749389648438,546.8603515625,0.013485163450241089,252.19815063476562,553.7529296875,0.022020280361175537,831.7632446289062,533.2346801757812,0.16105502843856812,253.74119567871094,558.7153930664062,0.003611534833908081
790,300.1965637207031,456.6343994140625,0.9999270439147949,235.5800018310547,460.5362854003906,0.46593064069747925,260.99066162109375,561.39013671875,0.9993664026260376,546.85107421875,517.5845947265625,0.11114975810050964,501.33685302734375,531.642822265625,0.9735396504402161,528.4152221679688,521.9057006835938,0.011509478092193604,815.3330078125,543.4324951171875,0.05486246943473816,631.9134521484375,527.33447265625,0.045042484998703,828.4013671875,546.9476928710938,0.01581364870071411,252.33485412597656,553.7050170898438,0.019597738981246948,650.9939575195312,518.1143798828125,0.17635810375213623,253.84649658203125,558.8052978515625,0.0034100711345672607
791,300.3443298339844,456.6565246582031,0.9999322891235352,235.21791076660156,460.251953125,0.9191193580627441,259.05279541015625,560.9818725585938,0.99936842918396,544.200927734375,519.1666870117188,0.6117480993270874,500.5487060546875,533.3320922851562,0.997087299823761,537.040771484375,520.7632446289062,0.031811654567718506,814.6194458007812,543.5466918945312,0.059550970792770386,630.1023559570312,527.857421875,0.03987094759941101,823.7269287109375,546.3976440429688,0.013767600059509277,251.26242065429688,551.762939453125,0.025888770818710327,649.632568359375,517.9544677734375,0.14866283535957336,253.51600646972656,558.6275024414062,0.0035543441772460938
792,299.9410705566406,456.4579772949219,0.9999374151229858,235.22279357910156,460.4438171386719,0.9715521335601807,260.2264099121094,561.2833251953125,0.9994058609008789,542.5557250976562,520.450927734375,0.42235520482063293,499.94207763671875,534.1004028320312,0.9943528175354004,537.0996704101562,520.9841918945312,0.036529719829559326,814.478759765625,543.8047485351562,0.056484729051589966,629.5895385742188,528.428466796875,0.02678123116493225,823.6068115234375,546.42138671875,0.013416260480880737,252.19276428222656,553.5602416992188,0.019681811332702637,830.8963623046875,532.6297607421875,0.0883331298828125,507.0775451660156,526.26806640625,0.003643810749053955
793,299.95916748046875,456.504638671875,0.99993896484375,235.51161193847656,458.99371337890625,0.9248452186584473,260.40496826171875,561.3372192382812,0.9995118975639343,537.545166015625,519.5648803710938,0.5913705825805664,498.68377685546875,535.65283203125,0.9959803223609924,536.360107421875,521.085205078125,0.09645494818687439,814.7880859375,544.1070556640625,0.05727994441986084,628.6557006835938,528.014404296875,0.02594226598739624,500.7374267578125,537.4918823242188,0.02180624008178711,493.09759521484375,524.32421875,0.021052807569503784,830.5811767578125,533.3541870117188,0.09211200475692749,506.948974609375,526.5853271484375,0.0033008456230163574
794,299.77581787109375,456.51129150390625,0.9999357461929321,235.50531005859375,460.1015930175781,0.9413120746612549,259.4757385253906,562.2655639648438,0.9992178082466125,537.1098022460938,521.0341796875,0.6716189384460449,498.3254089355469,536.898193359375,0.9962767362594604,536.275634765625,522.9071655273438,0.07510530948638916,814.7730102539062,543.5988159179688,0.05188152194023132,629.3252563476562,527.6377563476562,0.033090740442276,500.8605041503906,537.8974609375,0.021320313215255737,252.66358947753906,555.2052612304688,0.01858535408973694,830.8720703125,533.2986450195312,0.09627664089202881,813.4788208007812,542.4986572265625,0.002897500991821289
795,299.7855529785156,456.679931640625,0.9999332427978516,235.21324157714844,459.705322265625,0.974730372428894,260.499755859375,563.895263671875,0.9995706677436829,536.352783203125,522.5049438476562,0.6396509408950806,497.5779113769531,539.3267822265625,0.9955360889434814,535.19921875,523.9002685546875,0.08911013603210449,813.6719360351562,543.8519287109375,0.05779030919075012,622.7302856445312,530.0243530273438,0.03444758057594299,500.4652099609375,538.53271484375,0.025587409734725952,491.89361572265625,527.2021484375,0.037252277135849,830.2926635742188,533.09228515625,0.06728535890579224,500.1533203125,542.8580932617188,0.003443121910095215
796,299.69415283203125,456.61956787109375,0.9999290704727173,233.95816040039062,460.3811950683594,0.9337643384933472,260.53271484375,565.826904296875,0.9995843172073364,536.7280883789062,523.96630859375,0.5297061204910278,497.16455078125,541.006103515625,0.9962636828422546,534.1666870117188,524.148681640625,0.16816851496696472,543.466064453125,549.4818725585938,0.09741473197937012,623.6204223632812,529.3387451171875,0.035770684480667114,499.69439697265625,539.7584228515625,0.023868471384048462,491.4972839355469,528.6026611328125,0.018255531787872314,829.83984375,532.9931030273438,0.06637004017829895,491.2181091308594,540.9928588867188,0.0035712718963623047
797,299.6598205566406,456.7050476074219,0.9999215006828308,234.62582397460938,459.7873229980469,0.7995860576629639,819.4238891601562,539.52490234375,0.9995642900466919,531.33935546875,525.597412109375,0.49653249979019165,496.8744812011719,541.9583129882812,0.9954619407653809,533.1891479492188,525.998291015625,0.11382412910461426,544.1484985351562,551.4501342773438,0.10492923855781555,623.3718872070312,530.0391235351562,0.03420016169548035,499.84844970703125,540.6357421875,0.021233856678009033,253.96185302734375,563.5152587890625,0.01380351185798645,829.7147216796875,533.21044921875,0.07233169674873352,252.9801025390625,573.9666137695312,0.004038810729980469
798,299.6324768066406,456.36968994140625,0.9999428391456604,1004.4114379882812,52.103843688964844,0.028261393308639526,819.2001342773438,538.9918212890625,0.9994069933891296,530.3907470703125,526.7892456054688,0.5079571604728699,496.1912841796875,542.9613647460938,0.9944601058959961,531.9229736328125,526.6145629882812,0.16393214464187622,813.0023803710938,543.638916015625,0.057253748178482056,628.8572998046875,528.303955078125,0.03359907865524292,498.7334899902344,540.8615112304688,0.02583545446395874,253.6394500732422,566.8899536132812,0.014412671327590942,829.5195922851562,532.7589721679688,0.08590060472488403,253.23284912109375,573.828857421875,0.004050076007843018
799,299.58099365234375,456.3379821777344,0.9999282360076904,235.61134338378906,458.9277038574219,0.03605467081069946,818.6271362304688,539.1454467773438,0.9994052648544312,530.65576171875,527.60888671875,0.39272305369377136,496.4194641113281,544.6103515625,0.9956094622612,531.8898315429688,527.994384765625,0.2617022693157196,546.207763671875,552.4962768554688,0.06620752811431885,622.9642944335938,531.0176391601562,0.07913437485694885,499.1736755371094,545.0592651367188,0.023828566074371338,255.4871368408203,564.9019775390625,0.018983811140060425,829.3291625976562,533.0430297851562,0.05338871479034424,253.43601989746094,574.0346069335938,0.004314631223678589
800,299.5626525878906,456.1374816894531,0.9999526739120483,1004.3897705078125,51.94856262207031,0.03333321213722229,817.245849609375,539.7813110351562,0.9995309710502625,535.4718627929688,527.4422607421875,0.2886332869529724,495.98516845703125,545.5884399414062,0.9929022789001465,531.5587768554688,529.0538330078125,0.19133520126342773,545.9846801757812,554.0066528320312,0.06787717342376709,621.7877807617188,531.0098876953125,0.024863332509994507,498.2992858886719,541.3466796875,0.027049869298934937,256.1310119628906,564.0208129882812,0.011739909648895264,827.6725463867188,531.8394775390625,0.056687384843826294,496.9193115234375,542.1355590820312,0.004621356725692749
801,299.3851318359375,456.19580078125,0.9999299645423889,234.27859497070312,459.34515380859375,0.36396026611328125,817.13525390625,540.1148681640625,0.9993037581443787,536.031494140625,528.7554321289062,0.2989049553871155,496.62017822265625,546.8365478515625,0.9961667060852051,531.7400512695312,532.1096801757812,0.3323330283164978,812.1842651367188,544.4777221679688,0.06519719958305359,601.5181884765625,543.0476684570312,0.02216300368309021,821.2010498046875,546.2427368164062,0.024654030799865723,552.9932861328125,540.9345703125,0.01776123046875,827.8679809570312,531.8374633789062,0.08114990592002869,496.7255859375,541.9454956054688,0.004939138889312744
802,299.348388671875,456.1495361328125,0.9999492168426514,1004.9434204101562,52.16457748413086,0.02880537509918213,816.2771606445312,539.2080688476562,0.9991775155067444,530.636962890625,530.4771118164062,0.46646958589553833,498.2742919921875,548.4918212890625,0.9972898960113525,531.8160400390625,533.8600463867188,0.3605135679244995,811.7664794921875,544.38134765625,0.052612364292144775,603.8944702148438,545.0573120117188,0.0381050705909729,820.5382690429688,546.1351928710938,0.021079182624816895,810.6538696289062,533.9686279296875,0.009708136320114136,827.6918334960938,531.1353149414062,0.08055570721626282,507.26519775390625,541.7210083007812,0.0036999881267547607
803,299.1571960449219,456.2573547363281,0.9999315738677979,1004.301513671875,51.63274002075195,0.07204675674438477,263.6373596191406,564.273193359375,0.999066948890686,529.7564086914062,532.3712768554688,0.5979872345924377,498.4566955566406,550.3494262695312,0.9937061667442322,531.4645385742188,534.669677734375,0.33525773882865906,811.4497680664062,544.515625,0.056540340185165405,604.2943725585938,544.4893798828125,0.25859153270721436,820.3284912109375,546.39306640625,0.028228342533111572,553.4972534179688,540.8898315429688,0.010587453842163086,827.189697265625,531.943359375,0.07255348563194275,812.1495971679688,541.9676513671875,0.0038555562496185303
804,299.1680603027344,456.1859130859375,0.9999377727508545,235.22161865234375,459.6533508300781,0.06326320767402649,264.3778381347656,565.7305908203125,0.9991496801376343,529.9994506835938,533.336669921875,0.6396648287773132,498.2343444824219,552.4329223632812,0.9941604137420654,531.4043579101562,535.1119995117188,0.2772597670555115,811.2119140625,544.3812255859375,0.05551552772521973,605.9493408203125,544.714599609375,0.5641216039657593,820.0858154296875,546.3612670898438,0.02384817600250244,813.673095703125,530.8663330078125,0.010398536920547485,826.7581176757812,531.661865234375,0.07519838213920593,811.9967041015625,556.0338134765625,0.0033939480781555176
805,299.0501708984375,456.2172546386719,0.9999151825904846,233.68743896484375,458.905029296875,0.7902190685272217,264.7997741699219,565.9871215820312,0.9992881417274475,541.3274536132812,532.0823974609375,0.5582533478736877,499.4347229003906,553.7803344726562,0.9977643489837646,538.0885620117188,534.0963745117188,0.3884308338165283,811.0,544.5546264648438,0.051046520471572876,604.818115234375,545.1771850585938,0.7699652314186096,819.8506469726562,546.310302734375,0.02477717399597168,812.670654296875,530.9931640625,0.011666804552078247,826.3775024414062,531.55810546875,0.06248605251312256,811.8546142578125,541.8274536132812,0.003826737403869629
806,299.1462707519531,456.1762390136719,0.9999377131462097,233.46170043945312,460.6789245605469,0.9083025455474854,264.42083740234375,566.4121704101562,0.9992725253105164,541.438232421875,533.4764404296875,0.6913796067237854,499.848388671875,555.5448608398438,0.9980123043060303,537.7225952148438,535.3050537109375,0.3761654496192932,811.0272827148438,544.5323486328125,0.05029955506324768,605.9185180664062,544.6016845703125,0.9171261787414551,819.8134765625,546.2803955078125,0.022386372089385986,556.910888671875,533.6629638671875,0.014579415321350098,826.22021484375,531.6923217773438,0.09245350956916809,812.00048828125,542.01025390625,0.003669440746307373
807,299.0723876953125,456.16558837890625,0.9999364614486694,232.2622833251953,459.74072265625,0.49179917573928833,264.63555908203125,565.6851806640625,0.9993863105773926,540.8870239257812,535.1765747070312,0.790732204914093,501.1328125,557.4660034179688,0.9964171648025513,534.17919921875,536.2156372070312,0.30102258920669556,810.694091796875,544.652099609375,0.0472874641418457,605.5697021484375,545.1217651367188,0.9618738889694214,819.6175537109375,546.3551635742188,0.017757385969161987,557.203857421875,534.6525268554688,0.029771476984024048,825.9749145507812,531.9404296875,0.11274123191833496,811.8091430664062,541.860595703125,0.0038127005100250244
808,298.94146728515625,456.23590087890625,0.999923050403595,233.72352600097656,459.84283447265625,0.07562357187271118,264.701416015625,565.271240234375,0.9994022846221924,541.5223999023438,535.2246704101562,0.8931783437728882,501.17218017578125,559.4247436523438,0.995773434638977,539.7901611328125,537.1132202148438,0.24969425797462463,810.3095092773438,544.6825561523438,0.04934540390968323,605.0297241210938,545.6514282226562,0.9868971109390259,819.0426635742188,546.3992309570312,0.016065478324890137,557.2830200195312,535.12841796875,0.016560524702072144,825.8931884765625,531.9596557617188,0.1370689570903778,506.8387756347656,556.8285522460938,0.004453301429748535
809,298.8781433105469,456.2154541015625,0.9999223947525024,233.28671264648438,461.0434875488281,0.7461837530136108,264.2878723144531,566.0374755859375,0.9989291429519653,540.0476684570312,536.8409423828125,0.9134219884872437,500.2613220214844,559.7116088867188,0.9932223558425903,535.3424682617188,537.8497314453125,0.4458982050418854,810.2981567382812,544.2926635742188,0.06194189190864563,604.6927490234375,546.0671997070312,0.9935415983200073,819.5775756835938,545.8926391601562,0.017036646604537964,556.1888427734375,533.8692016601562,0.027270346879959106,825.814697265625,532.0667114257812,0.13844314217567444,507.0439758300781,556.8213500976562,0.0048562586307525635
810,298.7775573730469,456.24981689453125,0.9999181032180786,233.4626922607422,460.24658203125,0.07634291052818298,264.9989929199219,566.733154296875,0.999040424823761,541.6555786132812,537.96044921875,0.9304022789001465,501.4494323730469,561.3436279296875,0.9982337951660156,536.5716552734375,539.23095703125,0.34308069944381714,809.7598876953125,544.4147338867188,0.06196466088294983,603.6799926757812,545.7511596679688,0.9970555305480957,818.6796875,546.6653442382812,0.013242155313491821,558.9620971679688,536.4033203125,0.015775322914123535,825.8462524414062,532.5208129882812,0.10637494921684265,507.4728088378906,556.7217407226562,0.004803091287612915
811,298.7546081542969,456.37091064453125,0.9999008774757385,234.2156982421875,459.4861145019531,0.13215714693069458,263.842529296875,565.8749389648438,0.9994395971298218,548.5245971679688,536.55419921875,0.9170598983764648,501.8414001464844,562.5709838867188,0.9968651533126831,542.083740234375,540.7232666015625,0.32572799921035767,809.609619140625,544.3591918945312,0.06404745578765869,603.9844970703125,545.6748046875,0.9982258081436157,818.729248046875,545.8235473632812,0.016815274953842163,813.560546875,531.0131225585938,0.013882428407669067,825.8628540039062,532.1500244140625,0.1221214234828949,604.14697265625,551.6427612304688,0.004089534282684326
812,298.8389587402344,456.10833740234375,0.9999045133590698,232.72488403320312,460.966796875,0.07280674576759338,265.74755859375,567.3762817382812,0.9989461898803711,549.0337524414062,536.7247314453125,0.8809011578559875,501.7507629394531,563.536376953125,0.9977235794067383,537.5133666992188,541.0450439453125,0.25786271691322327,809.1653442382812,544.3394775390625,0.04530230164527893,603.8045654296875,545.8411254882812,0.9983857274055481,818.205322265625,545.9166870117188,0.01593172550201416,812.7731323242188,531.0945434570312,0.01627570390701294,824.6361694335938,532.7227783203125,0.08330333232879639,604.1022338867188,551.9454345703125,0.00441327691078186
813,298.872802734375,456.197021484375,0.9998965263366699,232.8230743408203,461.0074768066406,0.607316792011261,266.0342712402344,567.4116821289062,0.9973694086074829,548.484130859375,537.603515625,0.985578179359436,502.579345703125,565.0950927734375,0.9984442591667175,545.1987915039062,541.2559204101562,0.17422336339950562,808.7559204101562,544.3167114257812,0.05713987350463867,603.7520751953125,545.571533203125,0.9988142251968384,613.687255859375,547.7122192382812,0.01654675602912903,812.76953125,531.3648681640625,0.014986425638198853,824.1783447265625,532.5805053710938,0.06917482614517212,604.3329467773438,552.109619140625,0.004892319440841675
814,298.7225646972656,456.4667053222656,0.9998959898948669,232.65428161621094,462.6698913574219,0.11015087366104126,265.08990478515625,566.7886962890625,0.9976100325584412,547.9015502929688,539.43359375,0.9920979142189026,502.9327087402344,566.9674682617188,0.9988733530044556,545.31103515625,542.779541015625,0.1079985499382019,808.4328002929688,544.4736938476562,0.053950726985931396,603.8220825195312,545.759521484375,0.9982774257659912,613.88037109375,547.7852172851562,0.02087569236755371,812.657470703125,531.5387573242188,0.012904465198516846,823.864501953125,532.7462158203125,0.0682116150856018,506.1801452636719,572.9453735351562,0.006388306617736816
815,298.6482849121094,456.106201171875,0.9999150037765503,233.52894592285156,462.8148193359375,0.028482884168624878,264.92156982421875,566.7001342773438,0.9983419179916382,548.758056640625,539.8402709960938,0.9947428703308105,502.8953552246094,569.3174438476562,0.9980037212371826,545.8976440429688,543.1632690429688,0.0723642110824585,502.92071533203125,574.1947631835938,0.048984527587890625,603.0636596679688,545.8778076171875,0.9984941482543945,613.8746337890625,547.7015991210938,0.018705636262893677,812.531494140625,531.6101684570312,0.01650097966194153,823.5220336914062,532.9146118164062,0.07258856296539307,505.6426086425781,572.763916015625,0.0067327916622161865
816,298.8440246582031,456.2373046875,0.9999268054962158,232.77435302734375,462.4284973144531,0.07291251420974731,266.9546813964844,568.2501220703125,0.9977438449859619,548.1376953125,541.021728515625,0.9950048923492432,504.0873107910156,570.9207763671875,0.9978833198547363,545.8273315429688,543.3015747070312,0.1038912832736969,808.2825317382812,544.4056396484375,0.05547899007797241,603.4678955078125,546.0149536132812,0.9989139437675476,613.9447021484375,547.765380859375,0.022805601358413696,812.2610473632812,531.7463989257812,0.015089362859725952,823.5048217773438,533.2210083007812,0.07820504903793335,505.8724365234375,572.7904052734375,0.0069525837898254395
817,298.5865478515625,456.29510498046875,0.9999018311500549,232.94895935058594,462.7184753417969,0.07037648558616638,809.2318115234375,540.4442138671875,0.997063398361206,547.3189697265625,543.100341796875,0.9934152960777283,504.5023193359375,572.5382080078125,0.9961308240890503,546.090576171875,544.139892578125,0.135708749294281,808.069091796875,544.5767822265625,0.05081188678741455,602.267822265625,546.5946044921875,0.9984863996505737,815.4400634765625,547.2684936523438,0.017700910568237305,811.8418579101562,531.8244018554688,0.016313105821609497,823.1796264648438,533.351806640625,0.0929073691368103,506.02392578125,572.802978515625,0.006374776363372803
818,298.62872314453125,456.3975524902344,0.9998934268951416,1004.4130859375,51.650535583496094,0.02678641676902771,809.8862915039062,540.4708862304688,0.995351254940033,547.837890625,543.4629516601562,0.9965182542800903,505.3841552734375,574.767822265625,0.9953446388244629,547.0232543945312,547.751953125,0.14881083369255066,807.7465209960938,544.2550659179688,0.0634671151638031,602.57763671875,546.483154296875,0.9989237189292908,613.2455444335938,548.0078125,0.022388160228729248,812.394775390625,531.8603515625,0.014321774244308472,823.0408325195312,532.9444580078125,0.07854154706001282,506.27783203125,572.9286499023438,0.006665080785751343
819,298.73944091796875,456.708251953125,0.9998966455459595,1004.6627807617188,52.11256790161133,0.011127114295959473,268.4976501464844,568.5299682617188,0.9983359575271606,548.2410278320312,543.942138671875,0.9964179992675781,504.8845520019531,576.42724609375,0.9954357147216797,547.2723388671875,548.9623413085938,0.1502586305141449,807.9592895507812,544.4346923828125,0.060705989599227905,603.4046630859375,546.0137329101562,0.9988546967506409,613.52392578125,547.4778442382812,0.03083980083465576,555.6226196289062,538.94287109375,0.017070233821868896,822.867431640625,532.8161010742188,0.06749364733695984,604.3585815429688,552.4942626953125,0.00575566291809082
820,298.86279296875,456.7917175292969,0.9999111890792847,233.18353271484375,462.7950439453125,0.03303954005241394,269.3905334472656,569.3723754882812,0.9971780180931091,549.3110961914062,543.8153076171875,0.9947808980941772,505.8363952636719,577.2499389648438,0.9976255893707275,548.357421875,548.78076171875,0.14503222703933716,808.0626220703125,544.7184448242188,0.05017980933189392,602.48095703125,546.716064453125,0.9992049932479858,613.1466064453125,547.5220336914062,0.027164846658706665,812.1041870117188,531.6333618164062,0.016931802034378052,637.689697265625,520.3068237304688,0.07132947444915771,604.4642944335938,552.2075805664062,0.005568385124206543
821,298.7715148925781,456.8868408203125,0.999890148639679,232.5528564453125,461.6764221191406,0.5545666813850403,809.5284423828125,540.8536376953125,0.9975168704986572,549.539794921875,543.878662109375,0.9951319694519043,507.3386535644531,577.459228515625,0.999337375164032,548.3169555664062,549.0309448242188,0.11364105343818665,807.659423828125,544.652587890625,0.03978073596954346,601.875732421875,546.8780517578125,0.9990009069442749,622.4710693359375,532.852783203125,0.026785939931869507,558.0901489257812,540.165771484375,0.017753511667251587,638.9379272460938,519.4931030273438,0.07171779870986938,604.3118896484375,552.3878173828125,0.005651801824569702
822,298.69683837890625,456.7393493652344,0.9999025464057922,1004.160400390625,51.493953704833984,0.031921207904815674,269.73828125,571.7456665039062,0.9971110820770264,550.7734985351562,544.084228515625,0.9952558279037476,508.130126953125,577.8904418945312,0.9995824098587036,549.2509155273438,548.9820556640625,0.09314659237861633,805.2451171875,546.3033447265625,0.045958638191223145,601.6712036132812,546.7353515625,0.9994380474090576,622.2179565429688,533.018798828125,0.04109984636306763,811.5338134765625,531.19091796875,0.019421130418777466,638.2388305664062,519.5416259765625,0.12316730618476868,604.388916015625,552.53662109375,0.005672186613082886
823,298.6647033691406,457.09759521484375,0.9999052286148071,232.1209716796875,462.9801025390625,0.2635871171951294,808.6889038085938,541.3389282226562,0.9983295798301697,550.8281860351562,545.0237426757812,0.993178129196167,508.9305114746094,577.9610595703125,0.9994876980781555,548.98046875,549.75439453125,0.15846461057662964,804.5057373046875,546.5185546875,0.06090807914733887,602.40673828125,546.6506958007812,0.9995958805084229,622.1656494140625,533.2943725585938,0.04642239212989807,557.7608032226562,541.3658447265625,0.02678734064102173,637.9710693359375,519.9749145507812,0.09003058075904846,557.426025390625,540.3189697265625,0.006099313497543335
824,298.79931640625,457.25811767578125,0.9998692274093628,233.65322875976562,462.44378662109375,0.9224857687950134,808.2196044921875,541.1458740234375,0.9986114501953125,550.292724609375,545.4547729492188,0.9959710240364075,510.38043212890625,579.2970581054688,0.998906135559082,549.1539306640625,549.7091674804688,0.1263849437236786,804.022705078125,546.3898315429688,0.057244569063186646,601.6715698242188,546.65478515625,0.9997094869613647,621.928466796875,533.2368774414062,0.03610515594482422,557.0462036132812,541.001953125,0.026320070028305054,637.6656494140625,520.7494506835938,0.07564052939414978,557.5013427734375,540.192138671875,0.006911963224411011
825,298.87139892578125,457.3390808105469,0.999873161315918,1003.9990234375,52.16259765625,0.034769147634506226,270.3654479980469,572.1685791015625,0.9987925291061401,549.7578735351562,546.5614624023438,0.992761492729187,510.9976501464844,580.3640747070312,0.9992989301681519,548.8567504882812,550.3094482421875,0.13400831818580627,803.6967163085938,546.3478393554688,0.05169406533241272,601.3395385742188,547.041259765625,0.9995604753494263,622.8646850585938,533.2047119140625,0.07346761226654053,557.881591796875,541.6447143554688,0.03299248218536377,637.6922607421875,520.3623657226562,0.06993308663368225,604.3295288085938,552.5174560546875,0.006220906972885132
826,298.8204040527344,457.19970703125,0.9998974800109863,230.42007446289062,464.6959228515625,0.034932464361190796,270.454833984375,572.4448852539062,0.9989006519317627,548.4049682617188,548.4692993164062,0.9954320192337036,510.968017578125,582.6378173828125,0.998869776725769,548.8073120117188,551.090087890625,0.14790236949920654,803.8765869140625,546.563720703125,0.0479392409324646,601.5196533203125,547.3756103515625,0.999717652797699,623.5122680664062,533.345947265625,0.05023828148841858,557.7750854492188,541.9180297851562,0.040144771337509155,637.6904296875,520.5488891601562,0.06284978985786438,557.5164184570312,540.5997314453125,0.005970597267150879
827,298.7001037597656,457.2290954589844,0.9998981356620789,232.76580810546875,463.232666015625,0.09166967868804932,271.1855163574219,573.3621826171875,0.9993504285812378,550.1603393554688,549.1600952148438,0.994239091873169,510.39501953125,584.155029296875,0.9990204572677612,548.6076049804688,551.9944458007812,0.10942867398262024,804.2020874023438,546.690185546875,0.048438042402267456,601.7703247070312,547.8936157226562,0.9996813535690308,623.2029418945312,533.507568359375,0.03304797410964966,556.6660766601562,542.7704467773438,0.030922681093215942,817.818603515625,533.3013305664062,0.05725619196891785,557.809326171875,540.676513671875,0.007858127355575562
828,298.74560546875,457.2405700683594,0.9998496174812317,231.86221313476562,463.02862548828125,0.2865089178085327,807.859130859375,542.1084594726562,0.9992483854293823,549.9375,549.2691650390625,0.9908421039581299,509.7086486816406,585.6268920898438,0.9980815649032593,548.7735595703125,552.1497802734375,0.13949790596961975,803.3688354492188,547.0556030273438,0.04157102108001709,602.20703125,547.9759521484375,0.9997948408126831,612.389404296875,547.525146484375,0.035917848348617554,556.9312133789062,542.8009643554688,0.03462260961532593,637.2724609375,521.4720458984375,0.0725041925907135,557.8805541992188,540.8467407226562,0.006897985935211182
829,298.92364501953125,457.4992980957031,0.9998809099197388,233.52166748046875,462.7727355957031,0.9613375663757324,272.1146545410156,573.9048461914062,0.9993899464607239,552.064453125,552.395751953125,0.9832597970962524,510.0391540527344,585.987060546875,0.9973592758178711,549.0908203125,552.9862670898438,0.09414848685264587,803.7076416015625,546.2583618164062,0.05650746822357178,602.4589233398438,548.1480102539062,0.9998542070388794,612.6325073242188,547.8919067382812,0.04663294553756714,555.8851318359375,544.0626831054688,0.025207161903381348,818.0587158203125,533.4562377929688,0.07972681522369385,557.7899780273438,540.7221069335938,0.005921751260757446
830,298.9934997558594,457.75677490234375,0.9998674392700195,232.76904296875,462.2613830566406,0.9404749870300293,272.1936340332031,573.8209838867188,0.999494194984436,552.6240234375,552.5146484375,0.9894139766693115,511.092529296875,585.6723022460938,0.9983538389205933,550.3081665039062,552.553466796875,0.09325987100601196,801.15185546875,545.5833740234375,0.05208307504653931,603.1680908203125,548.771240234375,0.9998641610145569,612.9985961914062,548.1587524414062,0.056859225034713745,555.5828247070312,544.8095092773438,0.016643762588500977,817.6654052734375,533.2835083007812,0.06370013952255249,619.98193359375,554.7982788085938,0.005963623523712158
831,298.9899597167969,457.9495544433594,0.9998588562011719,232.48257446289062,463.99224853515625,0.3572045564651489,272.123046875,574.2830810546875,0.9994644522666931,552.95068359375,553.3175048828125,0.9794048070907593,511.06219482421875,586.2813720703125,0.993873119354248,551.2996215820312,553.689453125,0.11083334684371948,800.5146484375,545.745849609375,0.058820098638534546,603.6489868164062,548.9232788085938,0.9998389482498169,613.0753173828125,548.2938842773438,0.06584566831588745,555.950439453125,545.4793090820312,0.013475924730300903,817.38671875,533.4111328125,0.08949929475784302,620.0801391601562,554.7710571289062,0.004945516586303711
832,298.7993469238281,458.09375,0.9998541474342346,232.63717651367188,462.9129943847656,0.6503768563270569,272.83807373046875,574.2186889648438,0.9994735717773438,554.9345703125,553.2084350585938,0.979945719242096,511.251708984375,586.7412109375,0.9899675846099854,552.2637939453125,554.1057739257812,0.13563844561576843,803.6438598632812,546.8360595703125,0.04275128245353699,605.9332275390625,548.0220947265625,0.9999179244041443,614.0911254882812,548.0372314453125,0.08523008227348328,810.6961059570312,531.2130737304688,0.009170085191726685,817.1520385742188,533.5465698242188,0.09305953979492188,620.1986694335938,554.0604248046875,0.00849190354347229
833,298.7688903808594,457.8218994140625,0.9998788237571716,558.6964111328125,541.8212890625,0.024600952863693237,272.4289855957031,574.2664184570312,0.9995296001434326,554.4899291992188,553.77490234375,0.9791091680526733,512.1239624023438,586.7520751953125,0.9369440078735352,552.5785522460938,554.4426879882812,0.12963458895683289,802.8941040039062,546.64208984375,0.056521832942962646,605.3084106445312,549.1986694335938,0.9998974204063416,613.623779296875,549.28564453125,0.07323363423347473,554.4989624023438,546.3276977539062,0.010439693927764893,816.9249877929688,533.8162841796875,0.0871010422706604,619.9605102539062,554.5347900390625,0.008403658866882324
834,298.89263916015625,458.04791259765625,0.9998170137405396,231.67347717285156,466.8670349121094,0.05337262153625488,272.6684265136719,573.536865234375,0.9996615052223206,554.8838500976562,554.1679077148438,0.9784377813339233,512.0452270507812,587.3089599609375,0.9529510736465454,552.0890502929688,554.9713745117188,0.16016706824302673,803.3577880859375,546.5635986328125,0.05245769023895264,605.1292724609375,549.7348022460938,0.9999180436134338,613.1420288085938,550.060791015625,0.06147626042366028,810.4999389648438,531.2984008789062,0.008394807577133179,817.0736083984375,533.8052368164062,0.09747332334518433,619.8859252929688,554.6727905273438,0.007733374834060669
835,298.8107604980469,458.2662048339844,0.9998610019683838,558.1311645507812,541.622802734375,0.03226500749588013,272.3932189941406,573.23046875,0.9996160268783569,554.1854248046875,554.3956298828125,0.9673597812652588,512.3114624023438,586.1336669921875,0.955046534538269,550.8366088867188,555.79296875,0.3123270273208618,802.9965209960938,546.7146606445312,0.06597626209259033,605.44970703125,549.7041625976562,0.9999304413795471,613.3167724609375,550.3247680664062,0.058450788259506226,553.9949340820312,551.94677734375,0.008536368608474731,817.033447265625,533.738525390625,0.07652533054351807,619.8896484375,554.44677734375,0.008788526058197021
836,298.2737121582031,457.88232421875,0.9998432397842407,233.21926879882812,466.5220642089844,0.8061090707778931,272.68988037109375,573.614990234375,0.9995558857917786,554.2462158203125,554.7171630859375,0.9595744609832764,512.170166015625,585.4528198242188,0.9669281840324402,550.2909545898438,556.4835815429688,0.4698270559310913,802.8812255859375,546.7755126953125,0.05273815989494324,605.510009765625,550.3617553710938,0.9999122619628906,612.8590087890625,550.663818359375,0.05052316188812256,553.808349609375,552.8323364257812,0.00788775086402893,816.416259765625,534.0695190429688,0.061260759830474854,619.7788696289062,554.7149047851562,0.007768452167510986
837,299.01129150390625,458.37603759765625,0.9998443126678467,233.77169799804688,465.9421081542969,0.860329270362854,272.32708740234375,573.7122192382812,0.9996177554130554,555.5353393554688,554.8952026367188,0.9711053371429443,512.7067260742188,585.8262329101562,0.9611814022064209,551.5899658203125,556.6060180664062,0.4770902395248413,800.3114624023438,546.1430053710938,0.06777626276016235,605.8097534179688,550.5764770507812,0.9999144077301025,612.5899047851562,550.943359375,0.055412232875823975,267.35223388671875,570.1914672851562,0.008797258138656616,816.80908203125,533.9279174804688,0.08663192391395569,619.7574462890625,554.7310180664062,0.007865667343139648
838,298.4407958984375,458.02752685546875,0.9998588562011719,558.023681640625,541.727783203125,0.044026851654052734,272.3190612792969,573.9472045898438,0.9996039867401123,555.9637451171875,554.9071044921875,0.9778789281845093,512.9517822265625,585.320556640625,0.986669659614563,552.5286865234375,556.4349975585938,0.3715250492095947,802.2868041992188,547.0343017578125,0.057550132274627686,606.13720703125,550.5606689453125,0.9999285936355591,612.603515625,550.9848022460938,0.05999964475631714,267.31817626953125,570.3333129882812,0.008434116840362549,816.7504272460938,534.1056518554688,0.10800430178642273,619.746826171875,554.8092651367188,0.008542180061340332
839,298.3684387207031,458.1733093261719,0.9998610019683838,959.5054321289062,482.052490234375,0.03980457782745361,272.65447998046875,574.213623046875,0.9996389746665955,556.5093383789062,554.87158203125,0.9728838801383972,513.3592529296875,585.1053466796875,0.9906119108200073,553.08544921875,556.22900390625,0.34921520948410034,799.8841552734375,546.0181274414062,0.06584641337394714,608.3456420898438,550.033447265625,0.999897837638855,612.99609375,551.2699584960938,0.05284199118614197,267.6863708496094,570.348388671875,0.009055465459823608,816.583251953125,533.5568237304688,0.12466052174568176,619.78466796875,554.5509033203125,0.008243322372436523
840,298.4007263183594,458.22821044921875,0.9998860359191895,233.31573486328125,466.1470947265625,0.9112062454223633,272.3417663574219,574.1697998046875,0.9995932579040527,556.2344360351562,555.5847778320312,0.9457002878189087,513.510498046875,584.714111328125,0.9909045696258545,552.34423828125,556.2208862304688,0.4412792921066284,799.766357421875,545.967529296875,0.06950387358665466,609.2899780273438,549.9793090820312,0.999908983707428,613.0797729492188,551.4856567382812,0.05014324188232422,267.7069396972656,570.403564453125,0.00864952802658081,816.2084350585938,533.4490356445312,0.11325189471244812,619.83984375,554.3399047851562,0.007873356342315674
841,298.22320556640625,458.5841064453125,0.9998698234558105,232.87110900878906,466.0248718261719,0.8972920179367065,272.8451843261719,573.9067993164062,0.9996736645698547,555.9766845703125,555.4227905273438,0.9241893291473389,512.996826171875,584.8673706054688,0.9887696504592896,552.5230712890625,556.5608520507812,0.4279176890850067,563.65478515625,579.5966796875,0.07271066308021545,609.3194580078125,550.27392578125,0.999880313873291,612.7988891601562,551.680908203125,0.05454301834106445,811.3651123046875,529.1906127929688,0.00908130407333374,816.0497436523438,533.6746215820312,0.13636049628257751,619.9053955078125,554.4822998046875,0.008039772510528564
842,298.55908203125,458.6595458984375,0.9998694658279419,233.3765106201172,466.54473876953125,0.9221249222755432,273.2165222167969,574.2545166015625,0.9996730089187622,557.2813110351562,554.4722900390625,0.8833722472190857,512.718505859375,585.1517333984375,0.993995189666748,551.6781616210938,557.0958862304688,0.49767857789993286,799.7381591796875,546.160400390625,0.05989280343055725,609.3671264648438,551.0294799804688,0.9998810291290283,612.2293701171875,552.3681640625,0.05414661765098572,573.838134765625,544.1367797851562,0.008709251880645752,816.0232543945312,534.2286376953125,0.13090279698371887,619.77099609375,554.4688720703125,0.007044851779937744
843,298.4966125488281,458.744384765625,0.9998270273208618,566.5013427734375,540.5482788085938,0.04196065664291382,273.15875244140625,574.6673583984375,0.9996483325958252,557.4022827148438,554.90380859375,0.9083586931228638,513.5751953125,584.7222900390625,0.9944425821304321,552.8970336914062,557.095703125,0.42939406633377075,799.6302490234375,546.0712280273438,0.057254523038864136,610.3262939453125,550.8909912109375,0.9999176263809204,612.4144897460938,552.6520385742188,0.050262391567230225,573.2319946289062,544.86328125,0.008372008800506592,815.56884765625,534.4313354492188,0.1069955825805664,619.9561157226562,554.221923828125,0.007001757621765137
844,298.8212890625,458.8782043457031,0.9998396635055542,566.732666015625,540.1492309570312,0.03588956594467163,273.4615173339844,574.1605224609375,0.9996674060821533,558.9130859375,555.0535278320312,0.9718279838562012,513.8829956054688,584.6455688476562,0.9916121959686279,554.05908203125,556.7954711914062,0.3341485857963562,799.5913696289062,545.9293212890625,0.07303237915039062,610.4111938476562,551.7366943359375,0.999908983707428,612.3822631835938,552.9415283203125,0.06451761722564697,572.6370849609375,544.847412109375,0.008932620286941528,639.5560913085938,528.8921508789062,0.10645252466201782,619.8320922851562,554.2538452148438,0.006998211145401001
845,298.8764343261719,458.9637756347656,0.9998024106025696,567.21484375,540.6046142578125,0.031020134687423706,272.9621887207031,574.004638671875,0.9996659755706787,557.3694458007812,555.7012939453125,0.9562899470329285,514.3228149414062,584.5983276367188,0.9957273602485657,553.7570190429688,557.251220703125,0.3691396117210388,799.2196044921875,546.2000122070312,0.0689329206943512,610.1649780273438,552.1526489257812,0.9998534917831421,612.3905639648438,553.3519287109375,0.09377932548522949,573.5299072265625,544.7598876953125,0.00931653380393982,815.7875366210938,534.0337524414062,0.1068946123123169,619.6168823242188,554.3194580078125,0.007094651460647583
846,299.0165710449219,459.37603759765625,0.9997761249542236,566.7662963867188,540.7781372070312,0.027355879545211792,273.6474609375,574.2376098632812,0.9996095895767212,557.6575927734375,556.1500244140625,0.9478345513343811,514.5689086914062,584.822509765625,0.9972989559173584,553.5193481445312,557.8208618164062,0.40564432740211487,799.3492431640625,546.2660522460938,0.07393106818199158,611.5948486328125,552.5330200195312,0.9998747110366821,612.7433471679688,553.6019287109375,0.09034410119056702,515.2485961914062,558.4620361328125,0.0074003636837005615,815.9698486328125,533.7652587890625,0.10995456576347351,619.5905151367188,554.1157836914062,0.0061411261558532715
847,299.03167724609375,459.7646789550781,0.999794602394104,566.8847045898438,541.0099487304688,0.0439029335975647,274.0190734863281,575.5225830078125,0.9995306134223938,557.3743286132812,556.7799682617188,0.9703977108001709,515.609130859375,584.592529296875,0.9964243173599243,554.4153442382812,557.759033203125,0.32410532236099243,798.9885864257812,546.2691040039062,0.08408090472221375,611.12890625,553.0806274414062,0.9998647570610046,612.3429565429688,554.0751953125,0.11210516095161438,267.94482421875,570.623779296875,0.010315388441085815,816.0037841796875,533.8250732421875,0.14007490873336792,619.4669189453125,554.275390625,0.005685865879058838
848,299.3152770996094,459.8150939941406,0.999752402305603,567.3040771484375,541.0369873046875,0.03591597080230713,274.1851501464844,574.6006469726562,0.9997079372406006,556.6080322265625,556.9752197265625,0.9654072523117065,515.2466430664062,584.4461059570312,0.9949989318847656,554.6842651367188,558.244384765625,0.33160775899887085,798.9857177734375,545.9447631835938,0.09526437520980835,611.133544921875,553.2498168945312,0.9998515248298645,612.4544677734375,554.24365234375,0.09707450866699219,267.9048767089844,569.8637084960938,0.011453211307525635,815.7161865234375,533.6800537109375,0.11256945133209229,619.3878173828125,554.2717895507812,0.00523686408996582
849,299.4464416503906,459.273193359375,0.9997825622558594,1004.49755859375,51.0606575012207,0.0762249231338501,273.8086242675781,574.6454467773438,0.9995912313461304,557.0865478515625,557.2783203125,0.9743970036506653,515.67626953125,584.51123046875,0.9951096773147583,555.475341796875,558.4540405273438,0.25361451506614685,798.7787475585938,546.6332397460938,0.09071481227874756,611.8856811523438,553.7469482421875,0.9998255968093872,612.6355590820312,554.5189208984375,0.09758135676383972,551.7347412109375,552.8645629882812,0.011390864849090576,815.2992553710938,533.3605346679688,0.11714127659797668,619.37353515625,554.1659545898438,0.005314648151397705
850,299.6342468261719,459.71112060546875,0.9997876882553101,567.2091064453125,541.0838623046875,0.033352404832839966,273.6497802734375,575.2122802734375,0.999546468257904,557.0543823242188,557.3616943359375,0.9708565473556519,515.8174438476562,584.6324462890625,0.9919556379318237,555.6618041992188,559.0283203125,0.2793051302433014,798.7386474609375,546.613525390625,0.07648155093193054,610.3421020507812,556.3662109375,0.9998188614845276,612.1083984375,555.2662963867188,0.08972403407096863,267.988037109375,570.6444702148438,0.012218058109283447,815.87646484375,533.7223510742188,0.13658341765403748,269.2806091308594,574.670654296875,0.005350738763809204
851,299.37408447265625,459.80291748046875,0.999739408493042,1004.3297119140625,51.63666915893555,0.04441136121749878,274.2738037109375,574.7625732421875,0.9996680021286011,556.9676513671875,557.4794311523438,0.9761850833892822,515.8876953125,584.5916748046875,0.994572639465332,555.79541015625,559.015625,0.2641841769218445,798.599609375,546.2825927734375,0.0922900140285492,610.7626953125,556.3682861328125,0.9998313188552856,517.836181640625,562.1957397460938,0.08063879609107971,551.6384887695312,553.1439819335938,0.011146575212478638,815.3906860351562,533.4135131835938,0.10467258095741272,556.3910522460938,556.0997314453125,0.00510069727897644
852,299.4353332519531,460.66741943359375,0.9997889995574951,232.96913146972656,469.6568603515625,0.16090917587280273,273.6029968261719,574.883544921875,0.9996577501296997,557.3818359375,557.369384765625,0.9828540086746216,515.9981689453125,584.3530883789062,0.9912792444229126,558.7946166992188,558.5883178710938,0.2556562125682831,798.739501953125,546.2383422851562,0.08067521452903748,610.7012329101562,556.94873046875,0.9998364448547363,518.6972045898438,561.5523681640625,0.08382713794708252,551.3584594726562,552.9927978515625,0.012369900941848755,815.3631591796875,533.837890625,0.10241538286209106,269.33856201171875,574.6531982421875,0.0050682127475738525
853,299.59173583984375,460.2765197753906,0.9997947216033936,567.182861328125,541.0759887695312,0.030185818672180176,273.81085205078125,574.8251953125,0.9996817111968994,557.6465454101562,557.2127685546875,0.9832615256309509,516.2810668945312,584.5343017578125,0.9897132515907288,559.2705078125,558.8177490234375,0.2409525215625763,798.3679809570312,546.4111938476562,0.10913556814193726,610.7843627929688,557.3092041015625,0.9998222589492798,611.05078125,557.4653930664062,0.09763452410697937,268.02313232421875,569.89990234375,0.013841837644577026,638.2985229492188,533.3168334960938,0.09670940041542053,269.3292236328125,574.5056762695312,0.005237877368927002
854,299.3669128417969,460.7566833496094,0.9997804164886475,567.2081909179688,540.765380859375,0.023341447114944458,273.87176513671875,574.8817138671875,0.9995467662811279,557.6657104492188,557.1532592773438,0.9836433529853821,515.6325073242188,584.3902587890625,0.9873080253601074,559.2404174804688,558.7592163085938,0.2632046341896057,798.3094482421875,546.0994873046875,0.11251640319824219,611.5449829101562,557.3397216796875,0.9998056888580322,611.3533935546875,557.1263427734375,0.07490068674087524,268.22998046875,570.0899658203125,0.012721598148345947,815.697998046875,533.53515625,0.1655820906162262,269.3866271972656,574.5820922851562,0.00498884916305542
855,299.40966796875,460.9405822753906,0.9997557401657104,567.221923828125,540.6633911132812,0.025748074054718018,273.77789306640625,575.357421875,0.9995579719543457,557.669677734375,557.1832275390625,0.9867911338806152,516.2870483398438,584.0751953125,0.9896872043609619,559.6687622070312,558.9221801757812,0.21688786149024963,798.4766845703125,546.457275390625,0.08171319961547852,611.360595703125,557.6702880859375,0.9998215436935425,611.0494995117188,557.66064453125,0.07567927241325378,268.2411804199219,570.240966796875,0.011839091777801514,639.6964721679688,533.364990234375,0.16270598769187927,269.4002990722656,574.7250366210938,0.004736572504043579
856,299.5780334472656,460.98406982421875,0.9997940063476562,567.1751708984375,540.879638671875,0.021431446075439453,274.22027587890625,574.8096923828125,0.9996299743652344,556.8172607421875,557.0912475585938,0.9849241971969604,518.7505493164062,583.6876831054688,0.9858319759368896,559.3347778320312,559.3878784179688,0.22981590032577515,798.2111206054688,546.81103515625,0.10341525077819824,611.0911254882812,557.942626953125,0.9998124241828918,610.9052734375,557.8572998046875,0.07596150040626526,268.19293212890625,569.4530029296875,0.011278122663497925,815.3789672851562,534.1024780273438,0.15260934829711914,556.8272094726562,556.5401611328125,0.004598528146743774
857,299.750244140625,461.34783935546875,0.999833345413208,567.1432495117188,540.693359375,0.02146109938621521,274.3558654785156,575.2237548828125,0.9996296167373657,556.0404052734375,557.3900146484375,0.9822535514831543,518.0527954101562,583.80078125,0.9867636561393738,558.4542236328125,559.266845703125,0.2549915611743927,798.5022583007812,546.268798828125,0.10246849060058594,611.3255615234375,558.078857421875,0.9997779130935669,611.0761108398438,557.9011840820312,0.05961224436759949,268.3207702636719,569.8211059570312,0.010106801986694336,640.285888671875,533.5081787109375,0.17432603240013123,556.7785034179688,556.4097290039062,0.0046846866607666016
858,299.8073425292969,461.9060974121094,0.9998459815979004,567.197509765625,541.0489501953125,0.024028003215789795,275.3388977050781,575.2499389648438,0.9996918439865112,556.2158813476562,557.6714477539062,0.9875134229660034,516.3284301757812,584.182373046875,0.9951507449150085,558.8995971679688,559.438232421875,0.2171359658241272,798.1181640625,546.68896484375,0.08309406042098999,611.129638671875,558.313232421875,0.999762773513794,610.8513793945312,558.168701171875,0.0663309395313263,551.608642578125,553.0306396484375,0.010198414325714111,640.1170654296875,533.2405395507812,0.22398829460144043,557.0664672851562,556.6377563476562,0.004605740308761597
859,300.2113952636719,462.0738830566406,0.9998392462730408,567.3226928710938,541.2020874023438,0.030918508768081665,273.8322448730469,575.4672241210938,0.9995561838150024,555.8001098632812,557.8076782226562,0.9913946390151978,516.2789916992188,584.0001220703125,0.9950586557388306,558.2508544921875,559.8020629882812,0.17495155334472656,797.8179321289062,546.4112548828125,0.09871748089790344,611.2222290039062,558.480712890625,0.9997885823249817,610.7295532226562,558.0971069335938,0.07705959677696228,551.822509765625,553.1596069335938,0.011347413063049316,638.8465576171875,534.2314453125,0.13139915466308594,557.1063842773438,556.6135864257812,0.004839390516281128
860,300.2299499511719,462.0065612792969,0.9998122453689575,1004.7116088867188,51.461116790771484,0.03222617506980896,275.4633483886719,575.089599609375,0.999604344367981,555.7740478515625,557.9854736328125,0.9843651652336121,518.52734375,583.9220581054688,0.993330717086792,558.013916015625,559.8146362304688,0.2227475345134735,798.3074340820312,546.1306762695312,0.10537078976631165,611.177734375,558.4605102539062,0.9997900724411011,516.4938354492188,560.3280639648438,0.08209806680679321,268.88861083984375,569.5816650390625,0.009650707244873047,639.4898681640625,534.138427734375,0.12230584025382996,556.925537109375,556.4431762695312,0.0045830607414245605
861,300.1388244628906,462.20953369140625,0.9998584985733032,1004.349609375,51.763545989990234,0.027242422103881836,276.66058349609375,575.7410278320312,0.9996541738510132,555.1922607421875,558.0982055664062,0.9833841323852539,516.3119506835938,584.1328735351562,0.9938071966171265,557.1007690429688,559.7250366210938,0.2623159885406494,798.1834716796875,546.274169921875,0.08657607436180115,610.7396850585938,558.9127197265625,0.9998326301574707,610.3760375976562,558.5162963867188,0.07502946257591248,268.9397277832031,569.5703735351562,0.013717800378799438,640.3468017578125,532.685546875,0.4215809404850006,269.528076171875,575.2967529296875,0.00482514500617981
862,300.0051574707031,462.48260498046875,0.9998698234558105,567.29052734375,540.8346557617188,0.01909807324409485,277.44366455078125,575.11669921875,0.99969482421875,555.4010009765625,558.3793334960938,0.9918900728225708,516.1698608398438,584.504638671875,0.9963464140892029,557.4606323242188,560.173583984375,0.18483710289001465,798.1328125,546.26171875,0.09296718239784241,610.92578125,558.8030395507812,0.9998307228088379,610.4933471679688,558.4901123046875,0.06536564230918884,268.97802734375,569.0601196289062,0.013996034860610962,639.4699096679688,533.3107299804688,0.12496486306190491,557.0438842773438,556.6090698242188,0.004551142454147339
863,299.9995422363281,462.7434997558594,0.999906063079834,294.61920166015625,462.1755065917969,0.017611533403396606,276.0209655761719,575.1026000976562,0.9996551275253296,554.970947265625,558.659423828125,0.9916812181472778,516.1915893554688,584.5978393554688,0.9980723857879639,557.3413696289062,560.208740234375,0.1541314721107483,798.4157104492188,546.3660278320312,0.07824108004570007,611.2344360351562,557.4075927734375,0.99983811378479,613.3248901367188,559.2341918945312,0.05825364589691162,268.74542236328125,569.3997192382812,0.010725289583206177,640.3722534179688,532.1624145507812,0.4550693929195404,557.0673217773438,556.712890625,0.00499686598777771
864,300.1089172363281,463.1860046386719,0.9999216198921204,1004.5681762695312,51.68059158325195,0.018502146005630493,276.4437255859375,575.740478515625,0.9995993375778198,554.60107421875,558.841552734375,0.9904444813728333,518.446044921875,584.2264404296875,0.9967936873435974,554.8033447265625,561.0094604492188,0.19230303168296814,798.2610473632812,545.9227294921875,0.10201027989387512,611.312255859375,557.4846801757812,0.9998483657836914,610.3470458984375,558.710205078125,0.06348097324371338,268.9041442871094,569.7603759765625,0.010474443435668945,639.1646728515625,533.3023071289062,0.20722165703773499,557.0040893554688,556.8180541992188,0.004769444465637207
865,300.0138854980469,463.42193603515625,0.999918520450592,294.5508728027344,462.9044189453125,0.018735617399215698,277.63775634765625,575.7454833984375,0.9996652603149414,554.6332397460938,558.8975830078125,0.990449845790863,518.5928955078125,584.5478515625,0.9968047738075256,556.9926147460938,560.2421875,0.1700536608695984,798.4102172851562,546.1416015625,0.07521718740463257,611.3648681640625,557.6378784179688,0.9998366832733154,610.1546020507812,558.7619018554688,0.06138640642166138,269.36944580078125,569.66162109375,0.009075433015823364,640.0824584960938,533.13134765625,0.38477373123168945,556.9358520507812,556.6992797851562,0.005045652389526367
866,299.9800109863281,463.63427734375,0.9999068975448608,1004.4360961914062,52.001800537109375,0.023747026920318604,277.57568359375,575.6566162109375,0.9996503591537476,554.7925415039062,559.0294189453125,0.9925718307495117,516.39599609375,584.5064697265625,0.9984413385391235,556.79443359375,560.2996826171875,0.13790202140808105,797.863525390625,546.2528076171875,0.086016446352005,611.1188354492188,557.6710815429688,0.9998682737350464,613.3051147460938,559.47802734375,0.050575315952301025,269.38372802734375,569.5347900390625,0.010558724403381348,639.7735595703125,533.0098876953125,0.3536120057106018,557.0660400390625,556.6835327148438,0.005157172679901123
867,300.0165100097656,463.7841491699219,0.9999333620071411,294.31329345703125,462.948974609375,0.021119266748428345,277.2409362792969,575.90380859375,0.9997059106826782,554.8638305664062,558.907958984375,0.9934908747673035,516.193359375,584.5223388671875,0.9984437227249146,557.082275390625,560.209716796875,0.1122221052646637,798.0377197265625,546.56396484375,0.06873714923858643,610.507568359375,557.9556884765625,0.9998764991760254,609.8134765625,558.849609375,0.04985979199409485,268.8143615722656,569.353271484375,0.01107710599899292,638.9619140625,533.6250610351562,0.6014175415039062,557.1312255859375,556.7166137695312,0.005537450313568115
868,299.87554931640625,463.8890075683594,0.9999467134475708,294.56683349609375,463.1278991699219,0.02950906753540039,275.733154296875,575.9035034179688,0.9997073411941528,554.696533203125,559.3875732421875,0.9939118027687073,516.2071533203125,584.74853515625,0.9983187913894653,556.384521484375,561.0567626953125,0.14382576942443848,797.9566040039062,546.453125,0.07235249876976013,610.9838256835938,557.9717407226562,0.9998729228973389,609.9077758789062,558.876953125,0.06093275547027588,268.67633056640625,569.1962280273438,0.014827311038970947,639.7738647460938,533.1788940429688,0.47452446818351746,557.136474609375,556.7715454101562,0.005345404148101807
869,299.91339111328125,464.13543701171875,0.9999287724494934,294.6142578125,463.4205017089844,0.021209120750427246,276.1240539550781,575.7811279296875,0.999796986579895,554.995361328125,559.166015625,0.9922720193862915,518.5269775390625,584.9757080078125,0.9985644817352295,556.8702392578125,560.5863037109375,0.11596688628196716,797.73876953125,546.3873901367188,0.07505640387535095,611.219482421875,557.8595581054688,0.9998752474784851,610.0567016601562,558.8475952148438,0.05006968975067139,268.77642822265625,568.9549560546875,0.014441430568695068,640.1427612304688,533.0108032226562,0.6625558733940125,557.1044311523438,556.6826782226562,0.005763918161392212
870,299.7519836425781,464.40960693359375,0.999934196472168,294.5049743652344,463.4512634277344,0.013614416122436523,277.5708312988281,575.2792358398438,0.9998071193695068,554.041015625,558.8356323242188,0.99143385887146,518.6349487304688,584.9828491210938,0.9985611438751221,554.0280151367188,561.631591796875,0.11164551973342896,797.8748168945312,546.5875244140625,0.07473763823509216,610.1331787109375,558.5989990234375,0.9998784065246582,609.3546752929688,559.2510375976562,0.03671729564666748,269.0638427734375,568.7301635742188,0.014410048723220825,637.9108276367188,533.983154296875,0.36796605587005615,557.0520629882812,556.71630859375,0.006553202867507935
871,299.74688720703125,464.82244873046875,0.9999383687973022,294.3573303222656,463.83587646484375,0.020579010248184204,277.0699462890625,576.0060424804688,0.999808669090271,553.9270629882812,558.6945190429688,0.9910425543785095,517.817626953125,584.9949951171875,0.9983726143836975,556.307373046875,560.45654296875,0.1224341094493866,797.581298828125,546.7339477539062,0.09102970361709595,610.099853515625,558.7330932617188,0.9999054074287415,609.33984375,559.2091064453125,0.03724822402000427,634.2879028320312,533.35205078125,0.017283082008361816,636.1780395507812,534.0322265625,0.6885613203048706,557.0247802734375,556.6470336914062,0.006139665842056274
872,299.65289306640625,464.9103088378906,0.9999323487281799,294.10052490234375,464.2184753417969,0.013875067234039307,277.5034484863281,575.80029296875,0.9997974038124084,553.5250244140625,558.9541015625,0.9932942390441895,517.930908203125,584.76513671875,0.9981853365898132,555.959716796875,560.7420043945312,0.10730016231536865,797.6586303710938,546.7103881835938,0.09079223871231079,609.9536743164062,558.932861328125,0.9998932480812073,613.2863159179688,560.2886962890625,0.03205069899559021,633.4369506835938,533.59814453125,0.012443304061889648,635.46923828125,534.1318359375,0.6904993057250977,556.8626098632812,556.5780029296875,0.005479931831359863
873,299.4808044433594,465.1324462890625,0.9999337196350098,1004.59228515625,51.91827392578125,0.01696610450744629,279.0556640625,576.1609497070312,0.9997344613075256,553.1834106445312,559.2369384765625,0.9943143129348755,517.6650390625,585.2132568359375,0.9982845187187195,555.809326171875,560.5606689453125,0.1152406632900238,797.46337890625,546.318603515625,0.08788466453552246,610.1535034179688,558.4812622070312,0.999891996383667,613.2814331054688,559.9193115234375,0.04107385873794556,269.370849609375,569.503662109375,0.008027076721191406,637.1190795898438,533.7963256835938,0.6348825693130493,556.7803344726562,556.4622192382812,0.0057229697704315186
874,299.2376403808594,465.6263732910156,0.9999409914016724,1004.8253173828125,51.74190902709961,0.022710531949996948,277.4640197753906,576.54736328125,0.9997348189353943,552.902099609375,559.2818603515625,0.9938344955444336,517.0581665039062,585.048583984375,0.9988216757774353,555.7042846679688,560.7791137695312,0.12161511182785034,797.5663452148438,546.3472290039062,0.07359668612480164,610.4099731445312,558.5174560546875,0.9998810291290283,613.28515625,559.9515991210938,0.03634360432624817,268.68695068359375,569.5285034179688,0.007443904876708984,637.5185546875,534.0164184570312,0.5276597738265991,556.8470458984375,556.4342651367188,0.005023151636123657
875,299.5298156738281,465.8384704589844,0.99992835521698,1004.5208129882812,52.33061981201172,0.026352286338806152,277.31964111328125,577.74365234375,0.9996337294578552,552.6551513671875,559.3247680664062,0.9948570132255554,516.9464721679688,585.1730346679688,0.999205470085144,555.3240356445312,560.8688354492188,0.11826649308204651,797.9954833984375,546.1107177734375,0.069772869348526,609.9201049804688,558.5208740234375,0.9998854398727417,612.8833618164062,560.1824340820312,0.03492450714111328,268.5446472167969,570.4758911132812,0.006446033716201782,635.60302734375,536.4375,0.4955393373966217,556.9338989257812,556.4514770507812,0.005701899528503418
876,299.3271179199219,465.979248046875,0.99994957447052,297.4254150390625,465.2628479003906,0.013392210006713867,277.482421875,577.316650390625,0.9996254444122314,552.2757568359375,559.7740478515625,0.9938414096832275,514.5403442382812,584.226318359375,0.9985659122467041,555.343994140625,561.0127563476562,0.14559465646743774,797.5427856445312,546.0234985351562,0.09967556595802307,609.8042602539062,558.7123413085938,0.9999001026153564,612.9061279296875,560.2564697265625,0.03317666053771973,632.9365844726562,534.643798828125,0.010220259428024292,635.5277099609375,536.2305908203125,0.6132664084434509,556.8832397460938,556.4390258789062,0.0055190324783325195
877,299.2320861816406,466.2511291503906,0.9999339580535889,297.46783447265625,465.3616638183594,0.01537582278251648,277.2752380371094,577.3436279296875,0.9996696710586548,552.2291259765625,559.7322998046875,0.9953873157501221,514.5275268554688,584.5535888671875,0.9988765716552734,555.0859375,561.00439453125,0.14844241738319397,797.2965698242188,546.5902099609375,0.08211320638656616,609.5736083984375,558.8798828125,0.9998838901519775,612.802490234375,560.3905639648438,0.03570237755775452,268.67913818359375,570.1671142578125,0.008699625730514526,634.5929565429688,536.8663940429688,0.5726028680801392,556.771240234375,556.406005859375,0.0063076019287109375
878,299.0262451171875,466.7852478027344,0.9999206066131592,1004.5123291015625,51.959754943847656,0.029044538736343384,277.16778564453125,577.7232666015625,0.9997798204421997,552.0897216796875,560.2462768554688,0.9969390630722046,514.5282592773438,584.6218872070312,0.9991350173950195,554.9508666992188,561.718994140625,0.11627358198165894,796.9849853515625,546.818115234375,0.07777386903762817,609.6220092773438,559.1068115234375,0.9998816251754761,612.7125244140625,560.6056518554688,0.03462725877761841,268.1367492675781,570.0931396484375,0.0077323317527771,635.4151611328125,536.8218383789062,0.4834984540939331,556.8067626953125,556.3455810546875,0.006595253944396973
879,299.09918212890625,466.9392395019531,0.9999545812606812,297.3337707519531,465.8344421386719,0.014495700597763062,276.1933288574219,576.9634399414062,0.9996857047080994,552.3351440429688,560.3129272460938,0.9974227547645569,517.0266723632812,585.3524169921875,0.9994741678237915,555.155517578125,561.0938720703125,0.09555482864379883,797.3108520507812,546.5291748046875,0.08908921480178833,609.5966796875,559.15478515625,0.9998877048492432,612.4222412109375,560.6365966796875,0.03283420205116272,268.1844177246094,570.6788330078125,0.007647901773452759,635.3324584960938,536.9749145507812,0.37266308069229126,556.8068237304688,556.2094116210938,0.0071790218353271484
880,299.1400146484375,467.6172180175781,0.9999148845672607,1004.2490844726562,51.91884231567383,0.03279513120651245,276.7897644042969,577.17529296875,0.9997679591178894,552.0419921875,560.5113525390625,0.997462272644043,516.8876953125,585.2183227539062,0.9993312954902649,555.0953979492188,562.0615844726562,0.12207484245300293,796.7476806640625,547.1262817382812,0.08965659141540527,609.8404541015625,558.9671020507812,0.9998818635940552,612.3807983398438,560.4280395507812,0.03367799520492554,268.2288818359375,570.5094604492188,0.007486104965209961,636.7005615234375,536.0054931640625,0.40812769532203674,556.7733764648438,556.197998046875,0.0066068172454833984
881,298.8979187011719,467.7947998046875,0.999932587146759,1004.1136474609375,52.22919845581055,0.025705456733703613,275.8382263183594,577.04931640625,0.9997084140777588,551.4639282226562,560.6145629882812,0.9978201985359192,517.1202392578125,585.1744384765625,0.99942946434021,554.47021484375,561.288330078125,0.10974875092506409,797.2045288085938,546.8043212890625,0.07772180438041687,609.6736450195312,559.2311401367188,0.9998745918273926,607.9064331054688,561.0453491210938,0.0351392924785614,796.9668579101562,536.1707153320312,0.008004635572433472,635.6226196289062,536.5918579101562,0.5604841113090515,556.7753295898438,556.1824340820312,0.006460815668106079
882,298.8706970214844,467.818359375,0.999927818775177,297.2088623046875,466.362060546875,0.02279341220855713,275.62359619140625,577.5355834960938,0.9997589588165283,551.3743286132812,560.6793212890625,0.9978882074356079,516.2604370117188,585.3778686523438,0.9995372295379639,554.3907470703125,561.35009765625,0.09024012088775635,797.39990234375,546.5939331054688,0.0749790370464325,610.0587158203125,559.1123657226562,0.9998737573623657,615.2529907226562,562.6563110351562,0.03861039876937866,267.9445495605469,570.8348999023438,0.009200304746627808,635.41845703125,536.3744506835938,0.3950546979904175,556.9740600585938,556.1472778320312,0.00627550482749939
883,298.8964538574219,468.17144775390625,0.9999312162399292,297.3985290527344,466.6438903808594,0.021391302347183228,274.8742980957031,577.5153198242188,0.9997494220733643,551.18603515625,560.8219604492188,0.9982227087020874,516.3201293945312,585.4353637695312,0.9993910789489746,554.7183227539062,561.4906616210938,0.08249151706695557,797.4801635742188,546.840087890625,0.08087995648384094,609.3198852539062,559.5450439453125,0.999882698059082,614.8770141601562,562.990966796875,0.03383505344390869,267.56207275390625,570.9963989257812,0.009573549032211304,636.4899291992188,536.6153564453125,0.5309352278709412,556.91748046875,556.1965942382812,0.007084101438522339
884,299.06744384765625,468.4029541015625,0.9999426603317261,297.6011962890625,466.7823486328125,0.01841515302658081,275.3083801269531,577.4410400390625,0.9997442364692688,551.4501953125,561.1827392578125,0.9983750581741333,516.0768432617188,585.4130859375,0.9994156360626221,554.8810424804688,562.515869140625,0.08417820930480957,797.3076782226562,546.824462890625,0.06421482563018799,609.2882690429688,559.6270751953125,0.9999001026153564,607.0816650390625,563.5712890625,0.032858967781066895,797.47216796875,536.429931640625,0.008551478385925293,636.36474609375,536.226318359375,0.3055432438850403,557.027099609375,556.1083374023438,0.006832420825958252
885,299.1333923339844,468.9997253417969,0.9998805522918701,297.60247802734375,467.4206237792969,0.019837617874145508,274.34442138671875,577.7081909179688,0.9996773600578308,551.838134765625,561.1050415039062,0.9984259605407715,515.869140625,585.4387817382812,0.9994537234306335,555.3970947265625,562.5033569335938,0.07478991150856018,797.0201416015625,547.1111450195312,0.06677395105361938,609.6837768554688,559.6716918945312,0.9998842477798462,609.9086303710938,562.6707153320312,0.0389331579208374,555.5247192382812,555.386962890625,0.007832109928131104,636.3201293945312,536.4999389648438,0.43810486793518066,557.15234375,556.2147827148438,0.0071170032024383545
886,299.12835693359375,469.2558898925781,0.9999319314956665,297.5861511230469,467.4879455566406,0.014508843421936035,274.3926696777344,577.6596069335938,0.9996840953826904,550.94189453125,561.59130859375,0.9983665943145752,513.740966796875,584.8479614257812,0.9994112849235535,554.5086669921875,562.7269897460938,0.06922492384910583,796.73046875,547.117919921875,0.06558290123939514,609.7442016601562,559.6878662109375,0.9999166131019592,615.154541015625,563.1213989257812,0.030246198177337646,556.1159057617188,555.6216430664062,0.00836026668548584,635.8616943359375,536.2694091796875,0.4909249246120453,557.1262817382812,556.1452026367188,0.006653040647506714
887,299.24169921875,469.4892272949219,0.9999192953109741,297.6235656738281,467.71466064453125,0.01900610327720642,275.50262451171875,577.8565063476562,0.9998260140419006,550.9343872070312,561.5349731445312,0.9982579946517944,515.4803466796875,585.4150390625,0.9993768930435181,554.4405517578125,561.5960693359375,0.06847208738327026,796.92724609375,547.25244140625,0.0639905035495758,609.7863159179688,559.7030639648438,0.9999150037765503,615.2073974609375,563.2158203125,0.031778484582901,555.9536743164062,555.7266235351562,0.010303646326065063,635.3341674804688,536.6334838867188,0.5397673845291138,557.1022338867188,556.2313842773438,0.008001893758773804
888,299.2391357421875,469.5804748535156,0.9999339580535889,297.5849914550781,467.742431640625,0.01657402515411377,275.0621643066406,577.5426025390625,0.9998100996017456,551.5243530273438,561.3888549804688,0.9981706142425537,513.9849853515625,584.8430786132812,0.9994207620620728,554.4700317382812,561.632568359375,0.06796890497207642,796.7598876953125,547.0213623046875,0.06822356581687927,609.7498779296875,559.8407592773438,0.9999039173126221,615.053955078125,563.08447265625,0.03689843416213989,267.4612731933594,571.095458984375,0.01069861650466919,635.7420654296875,536.7127685546875,0.5554230213165283,557.2760009765625,556.2894287109375,0.007806897163391113
889,299.20574951171875,470.1272888183594,0.9999293088912964,1004.7462158203125,51.878910064697266,0.03315475583076477,273.838623046875,578.0663452148438,0.9998111724853516,551.5101318359375,561.3624877929688,0.997715950012207,513.7340698242188,584.9923095703125,0.9994220733642578,555.116455078125,562.4578247070312,0.07859185338020325,555.7866821289062,585.4511108398438,0.07175764441490173,609.792724609375,559.8598022460938,0.9999101161956787,615.2681884765625,563.358154296875,0.0345953106880188,266.909423828125,571.6575317382812,0.012733906507492065,636.0936889648438,536.3281860351562,0.4744568169116974,557.1023559570312,556.2340698242188,0.007617831230163574
890,299.0776062011719,470.1210021972656,0.9999224543571472,274.2911682128906,574.3741455078125,0.01833552122116089,274.897705078125,578.1619873046875,0.9998438358306885,551.6395874023438,561.4844970703125,0.9979351758956909,513.5361328125,585.1473388671875,0.9993133544921875,555.2670288085938,562.6844482421875,0.07426932454109192,555.74169921875,585.607666015625,0.08324962854385376,609.5416259765625,560.2523803710938,0.9999080896377563,614.986572265625,563.3289794921875,0.03147444128990173,267.2820739746094,571.3812255859375,0.015077054500579834,635.4306030273438,536.5580444335938,0.5241292119026184,557.1873779296875,556.292236328125,0.00796276330947876
891,298.9895935058594,470.8350830078125,0.9999021291732788,273.96112060546875,574.4713745117188,0.01863110065460205,274.30902099609375,578.1406860351562,0.9997822046279907,551.6597290039062,561.3939819335938,0.9982441067695618,513.5620727539062,584.8193969726562,0.9994601607322693,555.2955322265625,562.5353393554688,0.07096606492996216,556.1320190429688,585.6057739257812,0.062322139739990234,609.517333984375,560.147705078125,0.9999103546142578,615.1947021484375,563.50634765625,0.03895881772041321,267.1861572265625,571.5032348632812,0.014822602272033691,634.0781860351562,537.0982666015625,0.6935189962387085,557.1679077148438,556.1524047851562,0.008754432201385498
892,298.9051818847656,470.8385925292969,0.9998723268508911,1004.5337524414062,52.50221633911133,0.017657041549682617,802.7488403320312,542.6204833984375,0.9997828006744385,551.574462890625,561.7144775390625,0.9983903169631958,513.159912109375,584.9815063476562,0.9994964599609375,555.0036010742188,563.03857421875,0.05897247791290283,555.5365600585938,585.8013916015625,0.05982884764671326,609.1505737304688,560.8630981445312,0.9999294281005859,614.7448120117188,563.8339233398438,0.03219562768936157,267.2473449707031,571.4287719726562,0.013976484537124634,634.8758544921875,537.0219116210938,0.7404996156692505,557.1010131835938,556.230224609375,0.008150577545166016
893,298.8065490722656,470.9791259765625,0.9998747706413269,1004.8756103515625,52.850284576416016,0.017669081687927246,274.0116882324219,578.3238525390625,0.9998503923416138,552.1813354492188,561.8405151367188,0.9975622296333313,513.0056762695312,585.0195922851562,0.9993777871131897,555.9159545898438,562.7421875,0.0605541467666626,555.7528686523438,585.7040405273438,0.06115487217903137,609.2257080078125,560.7662353515625,0.9999371767044067,614.7625122070312,563.6129760742188,0.034940630197525024,267.2304992675781,571.6316528320312,0.013612538576126099,634.680419921875,537.620849609375,0.6409823894500732,557.337646484375,556.2548828125,0.006647765636444092
894,298.759033203125,471.0675048828125,0.9998966455459595,1004.3704833984375,52.40803527832031,0.02651137113571167,273.1390380859375,578.5540161132812,0.9997758269309998,552.4439086914062,561.9376220703125,0.9978859424591064,513.16552734375,584.9080200195312,0.9993788003921509,556.079345703125,563.0767822265625,0.062615305185318,555.8556518554688,585.6718139648438,0.05745518207550049,609.42333984375,560.6131591796875,0.9999176859855652,614.7694702148438,563.5634765625,0.04030197858810425,266.6611328125,572.107177734375,0.01469537615776062,634.3486328125,537.674072265625,0.7360051870346069,557.319580078125,556.2215576171875,0.0077766478061676025
895,298.8821716308594,471.0369567871094,0.9998996257781982,272.1556091308594,575.2838745117188,0.01702481508255005,801.9872436523438,542.7431030273438,0.9997762441635132,552.1625366210938,562.1854858398438,0.9979903697967529,513.0340576171875,585.1762084960938,0.9994250535964966,555.701171875,562.9827270507812,0.057571202516555786,555.7181396484375,585.69677734375,0.0723634660243988,609.2191162109375,560.759765625,0.9999473094940186,614.6768798828125,563.9542846679688,0.039324939250946045,266.2159729003906,572.2449951171875,0.011919170618057251,634.074462890625,538.3692016601562,0.7411976456642151,557.3369140625,556.3156127929688,0.007370263338088989
896,298.568359375,471.7591247558594,0.9998449087142944,272.9048156738281,575.0438232421875,0.02515488862991333,273.5257263183594,578.5680541992188,0.9998577833175659,551.9740600585938,562.3772583007812,0.9982007741928101,512.9329833984375,585.223388671875,0.9993529319763184,555.6812744140625,563.3960571289062,0.05504029989242554,555.4788818359375,585.6253051757812,0.08133801817893982,609.568603515625,560.7998046875,0.9999178647994995,614.7962036132812,563.9227905273438,0.03591832518577576,266.43450927734375,571.868408203125,0.01966145634651184,633.4170532226562,538.1361694335938,0.5906022191047668,557.4392700195312,556.3948364257812,0.007819563150405884
897,298.55413818359375,471.507568359375,0.9999054670333862,272.0203552246094,575.4430541992188,0.02474096417427063,272.8316650390625,579.089599609375,0.9998154640197754,552.6641845703125,562.2388916015625,0.9980716109275818,513.031494140625,585.3565063476562,0.9994567632675171,556.089599609375,563.3394775390625,0.055385738611221313,555.28173828125,585.6396484375,0.06286603212356567,609.1211547851562,560.8508911132812,0.9999147057533264,614.6773681640625,563.8486328125,0.03617706894874573,266.08447265625,572.1504516601562,0.019242167472839355,634.6055297851562,537.7020263671875,0.4885980188846588,557.4429931640625,556.4175415039062,0.007680386304855347
898,298.6141662597656,471.8481140136719,0.999854326248169,1005.0643310546875,52.154319763183594,0.0290830135345459,273.6462097167969,578.8558959960938,0.9998496770858765,552.54931640625,562.6168212890625,0.9968491196632385,513.2039794921875,585.254638671875,0.999382734298706,556.2826538085938,563.3321533203125,0.05508822202682495,555.5038452148438,585.4539184570312,0.06821438670158386,609.4697875976562,560.772705078125,0.9999397993087769,614.712646484375,564.221435546875,0.032691746950149536,266.68310546875,571.8993530273438,0.018385380506515503,634.1744384765625,538.60791015625,0.4240410625934601,557.5333862304688,556.4234008789062,0.0069657862186431885
899,298.53887939453125,472.0851135253906,0.9997856616973877,1004.5331420898438,52.79647445678711,0.05198255181312561,802.0420532226562,542.91259765625,0.9997642040252686,552.8388061523438,562.4896240234375,0.9974660873413086,513.2357177734375,585.1812133789062,0.9994282126426697,556.8139038085938,563.2343139648438,0.0447002649307251,555.2398071289062,585.4782104492188,0.06045103073120117,608.6176147460938,561.5676879882812,0.9999268651008606,614.1629638671875,564.4391479492188,0.03386387228965759,265.8064270019531,572.3231201171875,0.0205594003200531,633.619873046875,539.4829711914062,0.5499666929244995,557.5305786132812,556.3997802734375,0.007640808820724487
900,298.5348815917969,472.08221435546875,0.9998365640640259,1003.9742431640625,52.198001861572266,0.021772325038909912,272.84356689453125,579.5555419921875,0.9997825026512146,553.0933837890625,562.68017578125,0.9965469837188721,513.2083740234375,585.4370727539062,0.999308168888092,557.5162353515625,563.33984375,0.04016861319541931,555.4544677734375,585.3577880859375,0.0532260537147522,608.7913818359375,561.3395385742188,0.9999428391456604,614.2457275390625,564.3193359375,0.034950464963912964,266.07684326171875,572.517578125,0.014578193426132202,633.5501708984375,539.412841796875,0.6365013122558594,557.6996459960938,556.5925903320312,0.006802648305892944
901,298.4181213378906,472.08502197265625,0.9998735785484314,1004.51953125,52.3000602722168,0.031696051359176636,801.4965209960938,543.7144165039062,0.9996508955955505,553.5681762695312,562.3847045898438,0.9966962337493896,512.9606323242188,585.4873046875,0.999271035194397,557.47900390625,563.407470703125,0.0355643630027771,555.4247436523438,585.3732299804688,0.04856523871421814,608.665283203125,561.53173828125,0.9999064207077026,607.885498046875,561.7913818359375,0.029319554567337036,797.2460327148438,537.2631225585938,0.01310122013092041,633.2340698242188,538.5380859375,0.6962440013885498,568.547119140625,559.126220703125,0.0064268410205841064
902,298.5190124511719,472.4438171386719,0.9998530149459839,1004.447509765625,52.06117630004883,0.024786561727523804,272.59930419921875,579.9335327148438,0.9998248815536499,553.325439453125,562.6304931640625,0.9979321956634521,513.0210571289062,585.5421142578125,0.9993492364883423,556.7589721679688,563.7664794921875,0.04023700952529907,554.9937133789062,585.6988525390625,0.048424750566482544,608.3329467773438,561.796142578125,0.9999085068702698,614.0831909179688,564.5435791015625,0.03308689594268799,796.8472290039062,537.2100830078125,0.01455727219581604,633.2244262695312,539.684326171875,0.6662711501121521,557.5507202148438,556.5230712890625,0.0063883960247039795
903,298.2611389160156,472.8432922363281,0.9998424053192139,1004.5949096679688,52.60785675048828,0.04158410429954529,800.2683715820312,543.7468872070312,0.9994405508041382,553.7778930664062,562.3839721679688,0.9962915182113647,513.4893798828125,585.593505859375,0.9992618560791016,557.78955078125,563.6915893554688,0.041373759508132935,554.9638671875,585.4524536132812,0.06708347797393799,608.9171752929688,561.6130981445312,0.9999192953109741,613.98046875,564.5787963867188,0.030067265033721924,797.1423950195312,537.019775390625,0.012067943811416626,633.4011840820312,539.666015625,0.31246036291122437,557.7081909179688,556.5299682617188,0.006231427192687988
904,298.2018737792969,472.92401123046875,0.9998056888580322,1004.4111328125,51.73541259765625,0.030341774225234985,267.88421630859375,578.8294067382812,0.9993966817855835,553.1427001953125,562.6201782226562,0.9981424808502197,513.2454833984375,585.406005859375,0.9994291067123413,556.9354248046875,563.9200439453125,0.032746195793151855,554.8187866210938,585.6778564453125,0.061262160539627075,608.3322143554688,561.9850463867188,0.9999034404754639,606.7283325195312,564.5745239257812,0.028292715549468994,797.1507568359375,536.6555786132812,0.015685737133026123,632.8827514648438,540.1807250976562,0.3885670304298401,557.58447265625,556.5736083984375,0.00698128342628479
905,298.1621398925781,472.990966796875,0.9998089075088501,1004.7788696289062,52.71212387084961,0.033143073320388794,799.55615234375,543.8831176757812,0.9993439316749573,553.4049072265625,562.3665161132812,0.9980291128158569,512.9710083007812,585.4347534179688,0.9993631839752197,557.3800659179688,563.5802001953125,0.026877909898757935,554.9793090820312,585.5020751953125,0.050810039043426514,608.38330078125,562.232177734375,0.9999231100082397,607.9487915039062,562.1099243164062,0.03022262454032898,796.7090454101562,536.8450317382812,0.015626370906829834,632.865478515625,539.8632202148438,0.39635688066482544,568.7697143554688,559.037841796875,0.005996495485305786
906,297.9947814941406,473.30865478515625,0.9997788667678833,1004.6317749023438,52.27883529663086,0.013104379177093506,800.1434326171875,543.7548217773438,0.9994544982910156,553.6373901367188,562.8602294921875,0.9962084293365479,513.0763549804688,585.684326171875,0.999258279800415,557.8193969726562,563.5753173828125,0.02801653742790222,554.9757690429688,585.3695068359375,0.0546870231628418,608.4382934570312,561.8719482421875,0.999923586845398,613.7319946289062,565.0609130859375,0.02746528387069702,796.9354858398438,536.9428100585938,0.015083461999893188,633.2991943359375,539.481201171875,0.6525580883026123,568.4515991210938,559.0400390625,0.006107985973358154
907,297.46759033203125,472.7971496582031,0.999755322933197,266.3747253417969,576.0130615234375,0.01590105891227722,267.8215026855469,579.8388671875,0.9995781183242798,553.0474243164062,562.858642578125,0.9963222742080688,512.9495239257812,585.4005737304688,0.9993909597396851,557.067138671875,563.5801391601562,0.031545937061309814,554.9767456054688,585.4203491210938,0.04721790552139282,608.7954711914062,562.0855102539062,0.9999232292175293,608.1792602539062,562.014892578125,0.02769210934638977,797.1533203125,536.8798217773438,0.018821388483047485,633.0798950195312,539.7349243164062,0.5684755444526672,568.5233154296875,559.3038940429688,0.007024824619293213
908,297.2564392089844,473.09527587890625,0.9998077154159546,269.5829772949219,577.2098388671875,0.014331400394439697,268.72222900390625,580.4998168945312,0.9994657039642334,553.3658447265625,562.6630859375,0.9969498515129089,512.7362670898438,585.5548706054688,0.9992560744285583,557.2240600585938,563.7601928710938,0.03281626105308533,554.7782592773438,585.52880859375,0.06017008423805237,608.5792846679688,562.0782470703125,0.9999054074287415,614.0812377929688,564.8606567382812,0.03547310829162598,796.8193359375,537.46337890625,0.012752354145050049,633.4011840820312,539.884033203125,0.4537648558616638,557.5713500976562,556.4371948242188,0.006540954113006592
909,297.21044921875,472.9015808105469,0.9998029470443726,1004.5121459960938,52.24879837036133,0.01884707808494568,271.5392150878906,581.0081787109375,0.99955815076828,553.8526000976562,562.5574951171875,0.9957809448242188,512.5700073242188,585.3089599609375,0.9990924596786499,558.1260986328125,563.0697021484375,0.024477481842041016,555.1771850585938,585.458984375,0.05962696671485901,609.13720703125,561.8339233398438,0.9999355673789978,614.169677734375,564.8194580078125,0.03949612379074097,796.7748413085938,537.0293579101562,0.01589268445968628,633.3878784179688,540.2467651367188,0.6155836582183838,619.8170166015625,570.1565551757812,0.005989044904708862
910,297.3008117675781,473.2780456542969,0.9998080730438232,1004.6100463867188,52.195430755615234,0.051647335290908813,268.0521240234375,580.8901977539062,0.9994962215423584,556.3447875976562,562.1393432617188,0.9969274997711182,512.5944213867188,585.4877319335938,0.9990130662918091,558.057861328125,563.6691284179688,0.02509632706642151,554.6491088867188,585.4928588867188,0.049694329500198364,607.9893798828125,562.7645263671875,0.9999164342880249,613.4625854492188,565.519287109375,0.029889196157455444,796.8233032226562,537.322509765625,0.017314434051513672,633.0989990234375,540.6593017578125,0.6046469211578369,557.708984375,556.5250244140625,0.006166338920593262
911,297.1645202636719,473.32672119140625,0.9997755289077759,1004.3927001953125,52.57331848144531,0.05128160119056702,268.2616271972656,581.031494140625,0.999480128288269,555.9725341796875,562.1896362304688,0.9974508285522461,512.9340209960938,585.6031494140625,0.9992626905441284,558.0957641601562,563.760986328125,0.02564305067062378,554.7777099609375,585.575439453125,0.04705941677093506,607.7398071289062,562.9803466796875,0.9999009966850281,607.4776611328125,562.8182983398438,0.02746477723121643,796.8451538085938,537.5574951171875,0.017660796642303467,633.0397338867188,540.319580078125,0.6298528909683228,557.6798706054688,556.4321899414062,0.006126821041107178
912,297.06866455078125,473.56219482421875,0.9998066425323486,1004.4674072265625,52.51284408569336,0.033780694007873535,267.53973388671875,580.6121215820312,0.9993429183959961,556.419921875,561.9484252929688,0.996647834777832,512.6665649414062,585.458251953125,0.999298632144928,558.123046875,563.2971801757812,0.020065724849700928,554.9913330078125,585.3764038085938,0.05291834473609924,608.3660278320312,562.6735229492188,0.9999171495437622,613.5369262695312,565.3555297851562,0.029006481170654297,796.7586669921875,537.3460693359375,0.019918739795684814,633.2880859375,540.1376953125,0.4186058044433594,557.8322143554688,556.595947265625,0.006025910377502441
913,297.0606689453125,473.85528564453125,0.9998239278793335,1004.55029296875,52.0961799621582,0.041366636753082275,800.4207763671875,544.1619262695312,0.9994186162948608,556.3576049804688,562.1412353515625,0.9970815777778625,512.743896484375,585.4252319335938,0.9991967678070068,558.3211669921875,563.24462890625,0.022740542888641357,554.5671997070312,585.420654296875,0.056315064430236816,608.19091796875,562.6763305664062,0.9999261498451233,613.3759155273438,565.3361206054688,0.02906385064125061,796.3634033203125,537.4651489257812,0.017374634742736816,633.4952392578125,540.3690185546875,0.5467936992645264,557.8018188476562,556.478271484375,0.00686761736869812
914,296.7964782714844,474.2198181152344,0.999812662601471,1004.4247436523438,52.151851654052734,0.028217941522598267,266.77642822265625,581.0394287109375,0.999487042427063,556.6558837890625,561.980712890625,0.9972540140151978,512.928466796875,585.6069946289062,0.9994126558303833,558.5020751953125,563.6466064453125,0.019144922494888306,555.0673828125,585.47314453125,0.03656020760536194,608.1721801757812,562.9537963867188,0.9999024271965027,613.374267578125,565.351806640625,0.032860130071640015,796.11767578125,537.1788940429688,0.02063620090484619,632.286376953125,543.6452026367188,0.38530364632606506,557.9169311523438,556.677978515625,0.007051736116409302
915,296.6202087402344,474.0509033203125,0.9998400211334229,1004.234130859375,52.30403518676758,0.03823426365852356,267.14996337890625,581.1932983398438,0.9991830587387085,556.2711181640625,562.111572265625,0.9973968267440796,512.3582763671875,585.5881958007812,0.9990139007568359,558.2803955078125,563.606689453125,0.01777040958404541,554.9852294921875,585.4992065429688,0.04894375801086426,608.30078125,562.804931640625,0.999891996383667,613.2116088867188,565.5112915039062,0.030676811933517456,796.380126953125,537.4404296875,0.019969791173934937,632.8307495117188,541.1103515625,0.6397584676742554,557.60302734375,556.4600219726562,0.006565779447555542
916,296.5368957519531,474.049072265625,0.9997877478599548,295.1557312011719,474.0890197753906,0.015153855085372925,267.4954833984375,581.2900390625,0.9994409084320068,553.3729858398438,563.2096557617188,0.9969431161880493,512.2362060546875,585.939453125,0.9991027116775513,557.9024658203125,564.0320434570312,0.019730687141418457,555.2347412109375,585.7318725585938,0.03835383057594299,607.6577758789062,563.292724609375,0.9998725652694702,613.0382080078125,565.8114624023438,0.024827420711517334,796.2109985351562,537.6030883789062,0.01764577627182007,632.3859252929688,541.3761596679688,0.512194037437439,557.5065307617188,556.504150390625,0.006003290414810181
917,296.2715148925781,474.366943359375,0.9998608231544495,1004.5791015625,52.525753021240234,0.017358720302581787,268.3633728027344,581.4189453125,0.999567985534668,556.4037475585938,562.3399658203125,0.9983043074607849,512.9608764648438,585.6657104492188,0.9992554187774658,558.6630859375,563.9203491210938,0.019297003746032715,554.755615234375,585.8150634765625,0.040671318769454956,607.4559326171875,563.6303100585938,0.9998788237571716,612.8046264648438,565.9699096679688,0.026401102542877197,796.9859619140625,537.6900024414062,0.021845579147338867,632.9678955078125,540.7703247070312,0.5056084990501404,557.5489501953125,556.58251953125,0.00641295313835144
918,296.22296142578125,474.3187255859375,0.9998634457588196,1004.3854370117188,52.83946990966797,0.02254563570022583,267.77667236328125,581.2261962890625,0.9994895458221436,555.9524536132812,562.4580688476562,0.9987185001373291,512.7810668945312,585.5556640625,0.999042272567749,558.5123291015625,564.1826782226562,0.017862141132354736,554.6235961914062,586.131591796875,0.037163496017456055,607.9055786132812,563.5593872070312,0.9998823404312134,613.3084106445312,565.7545166015625,0.027259618043899536,796.2881469726562,537.1014404296875,0.0196857750415802,632.4951782226562,541.661865234375,0.5527490973472595,557.3751831054688,556.42822265625,0.006892591714859009
919,296.15081787109375,474.3809509277344,0.9998295307159424,1004.6431884765625,52.35032272338867,0.04489719867706299,798.0021362304688,543.70263671875,0.9993667602539062,556.5692138671875,562.3392944335938,0.9988318085670471,512.8663330078125,585.8348388671875,0.999247670173645,558.9869384765625,564.064697265625,0.01835113763809204,554.6375732421875,585.9342651367188,0.032500624656677246,607.7910766601562,563.5421752929688,0.9998857975006104,612.8909912109375,565.8167724609375,0.029512763023376465,796.3745727539062,537.3158569335938,0.016721874475479126,632.3496704101562,543.576904296875,0.4959384500980377,557.481201171875,556.4196166992188,0.007226347923278809
920,296.1561279296875,474.4095153808594,0.999860405921936,1004.5304565429688,52.91632080078125,0.031672388315200806,268.24822998046875,581.30908203125,0.9995417594909668,556.592529296875,562.3367309570312,0.9989480972290039,512.4449462890625,586.1292724609375,0.9990031719207764,559.1084594726562,564.1362915039062,0.01666322350502014,554.7431640625,586.0153198242188,0.034542232751846313,607.5782470703125,563.78173828125,0.9998461008071899,612.7418212890625,565.8458251953125,0.024848103523254395,796.962890625,537.3270263671875,0.018562138080596924,632.4072875976562,543.7501220703125,0.36232316493988037,557.4877319335938,556.4908447265625,0.007252931594848633
921,296.0426940917969,474.49139404296875,0.999858021736145,294.5634765625,475.6587219238281,0.01543349027633667,267.3924560546875,581.1278686523438,0.9995430707931519,557.1517944335938,562.2932739257812,0.9983975887298584,512.8947143554688,586.0257568359375,0.9993085861206055,558.6593017578125,563.9100341796875,0.019223064184188843,554.8475341796875,585.8213500976562,0.04045167565345764,607.9447631835938,563.525390625,0.9999185800552368,613.140380859375,565.8988647460938,0.02680829167366028,796.8402099609375,537.7091064453125,0.01567944884300232,632.9873046875,544.1825561523438,0.4458822011947632,557.5100708007812,556.369873046875,0.007052212953567505
922,295.8731689453125,474.7840881347656,0.9998396635055542,179.4065399169922,13.013341903686523,0.022024691104888916,267.4490661621094,581.5436401367188,0.999585747718811,556.6024780273438,562.4904174804688,0.998550295829773,513.2653198242188,585.556640625,0.9994142055511475,558.9697875976562,564.1423950195312,0.01862335205078125,794.1385498046875,549.8180541992188,0.02820122241973877,607.6663208007812,563.9306030273438,0.9998903870582581,612.82080078125,566.1008911132812,0.026651531457901,796.6417846679688,537.8308715820312,0.017139554023742676,632.8658447265625,544.1185913085938,0.3125895857810974,557.482177734375,556.4310913085938,0.007416814565658569
923,295.6756286621094,474.79974365234375,0.9998475909233093,1004.5164794921875,52.292274475097656,0.10818782448768616,798.052001953125,544.1861572265625,0.9993768930435181,556.372802734375,562.5443115234375,0.9983735084533691,512.7099609375,585.6578979492188,0.9989615678787231,558.762451171875,564.3435668945312,0.020326673984527588,793.1882934570312,549.677490234375,0.03373292088508606,607.3059692382812,563.8419799804688,0.9998810887336731,612.7159423828125,566.2857666015625,0.026775479316711426,797.583984375,537.2334594726562,0.010440558195114136,632.364013671875,544.1967163085938,0.3754127025604248,557.5634155273438,556.4562377929688,0.008199572563171387
924,295.82196044921875,474.9551696777344,0.9999030828475952,1004.0640869140625,52.055381774902344,0.06500864028930664,797.4207153320312,544.0014038085938,0.9994493722915649,556.8167114257812,562.4851684570312,0.9987318515777588,513.0814819335938,585.52197265625,0.9993317723274231,559.1928100585938,564.3424682617188,0.018457353115081787,554.5938110351562,586.0234375,0.031405091285705566,607.227783203125,564.0462036132812,0.9998940229415894,612.8508911132812,566.2882690429688,0.02781456708908081,796.1817016601562,537.5701293945312,0.014236122369766235,632.6991577148438,544.0462036132812,0.41340726613998413,557.558837890625,556.3548583984375,0.007676959037780762
925,295.6139831542969,474.91558837890625,0.9998912215232849,1004.1267700195312,52.176597595214844,0.055824339389801025,797.23486328125,544.0172119140625,0.9995766878128052,556.2093505859375,562.6178588867188,0.9987912178039551,512.6048583984375,585.712646484375,0.9992368221282959,558.853271484375,564.4859619140625,0.02136930823326111,554.180419921875,586.0227661132812,0.03805765509605408,607.039794921875,564.3505249023438,0.9998544454574585,606.6549072265625,563.5527954101562,0.025695472955703735,795.9105224609375,537.3895263671875,0.011960059404373169,632.9275512695312,544.0211791992188,0.45391958951950073,557.5633544921875,556.49365234375,0.008142977952957153
926,295.3695373535156,475.24566650390625,0.9998918771743774,1004.3488159179688,52.228919982910156,0.05888926982879639,797.0411987304688,544.3057250976562,0.9994536638259888,556.6629028320312,562.5355224609375,0.9989026188850403,512.4354248046875,585.4580688476562,0.9992986917495728,558.8501586914062,564.5726928710938,0.019714802503585815,792.81494140625,549.7321166992188,0.03922617435455322,607.237548828125,564.3326416015625,0.9998543858528137,612.8027954101562,566.4032592773438,0.02639293670654297,796.4671630859375,537.22900390625,0.010225743055343628,632.7684326171875,544.01708984375,0.498591810464859,557.551025390625,556.4889526367188,0.007911890745162964
927,295.3232421875,475.2480773925781,0.9998999238014221,1004.3328247070312,52.777164459228516,0.030493736267089844,796.487548828125,544.5045776367188,0.9996422529220581,556.6541137695312,562.52685546875,0.9989574551582336,512.2007446289062,585.8090209960938,0.9990943670272827,559.16455078125,564.32568359375,0.01785549521446228,793.5220947265625,551.8870849609375,0.04040113091468811,606.961669921875,564.5482177734375,0.9998342990875244,612.5475463867188,566.5256958007812,0.027642518281936646,796.1378173828125,537.6416625976562,0.00970315933227539,632.662353515625,544.437744140625,0.5779994130134583,557.5133666992188,556.397216796875,0.0075781941413879395
928,295.2395324707031,475.3146667480469,0.9999040961265564,1004.5288696289062,52.0927848815918,0.04745545983314514,796.552978515625,544.826904296875,0.9995852708816528,556.3302612304688,562.6258544921875,0.9991451501846313,512.2091674804688,585.8003540039062,0.999007523059845,558.904296875,564.6031494140625,0.02047768235206604,793.5282592773438,552.2633056640625,0.03895947337150574,606.8736572265625,564.5435180664062,0.9998388290405273,606.8927001953125,564.046875,0.02303624153137207,552.0087890625,557.1473388671875,0.008449733257293701,632.2346801757812,545.01513671875,0.7088152170181274,557.3496704101562,556.3320922851562,0.00748249888420105
929,295.3217468261719,475.3330383300781,0.9998996257781982,1004.3330688476562,52.30352020263672,0.027869313955307007,796.4244384765625,544.6448974609375,0.9994436502456665,556.3682861328125,563.0963134765625,0.9991068840026855,512.310302734375,585.6217651367188,0.999200165271759,558.1154174804688,564.6039428710938,0.018946319818496704,792.0980224609375,549.8372802734375,0.04156792163848877,606.1505126953125,565.2127075195312,0.9998549818992615,612.5009155273438,566.8280639648438,0.023832708597183228,552.19580078125,557.3779296875,0.01060575246810913,632.192138671875,545.05322265625,0.5444737076759338,557.5003051757812,556.45068359375,0.008590519428253174
930,295.3138427734375,475.3338928222656,0.9999196529388428,1003.950927734375,52.716060638427734,0.0414351224899292,797.52783203125,544.3145751953125,0.999326229095459,556.338623046875,562.741455078125,0.9984923601150513,512.4508666992188,585.8299560546875,0.9991259574890137,559.1090698242188,564.2075805664062,0.019057035446166992,554.306884765625,586.1914672851562,0.04411002993583679,606.8312377929688,564.8336181640625,0.9998364448547363,612.4205932617188,566.8134765625,0.028760939836502075,797.4322509765625,537.0291137695312,0.010803550481796265,632.5466918945312,544.9284057617188,0.5483967065811157,557.4414672851562,556.3389282226562,0.007730752229690552
931,295.0509033203125,475.6383361816406,0.9999120235443115,1004.5363159179688,52.37810516357422,0.018267333507537842,797.6734619140625,544.5585327148438,0.9994998574256897,555.9668579101562,563.0702514648438,0.9984347224235535,512.2821044921875,585.78125,0.9990878105163574,558.5996704101562,564.5335693359375,0.01931607723236084,793.142333984375,549.979736328125,0.03766971826553345,607.0116577148438,564.856201171875,0.9998313188552856,612.3927001953125,566.7390747070312,0.03171691298484802,797.249755859375,538.0128784179688,0.011355400085449219,631.6555786132812,545.4972534179688,0.47781601548194885,557.31494140625,556.3248901367188,0.007885843515396118
932,295.1898498535156,475.72369384765625,0.9999282360076904,1004.4550170898438,52.74494552612305,0.021308600902557373,797.2283325195312,545.1265869140625,0.9995447993278503,555.9487915039062,563.210693359375,0.998530387878418,512.18359375,585.8322143554688,0.9990290403366089,558.7420043945312,564.6326293945312,0.018302202224731445,554.5089111328125,586.4701538085938,0.033475667238235474,606.4606323242188,565.2026977539062,0.9998255968093872,612.5704956054688,566.7603149414062,0.030804544687271118,552.211181640625,558.0934448242188,0.010878950357437134,630.9474487304688,546.138671875,0.332341730594635,557.2342529296875,556.4037475585938,0.007862448692321777
933,295.1034240722656,475.7973327636719,0.9999103546142578,1004.61865234375,52.250953674316406,0.03641769289970398,797.8526000976562,544.9231567382812,0.9995226860046387,556.8994750976562,562.8732299804688,0.9987612962722778,512.4351196289062,586.1655883789062,0.998755931854248,559.3564453125,564.6514282226562,0.018426895141601562,793.3775024414062,550.206787109375,0.029973715543746948,606.7904052734375,565.4087524414062,0.9998230934143066,612.6401977539062,566.9982299804688,0.027445197105407715,551.876953125,557.9296264648438,0.010355144739151001,631.7780151367188,545.8959350585938,0.4866432547569275,557.4609375,556.308349609375,0.007892757654190063
934,294.9997863769531,475.6763000488281,0.9999187588691711,1004.65283203125,52.646419525146484,0.02360960841178894,797.12646484375,545.5023803710938,0.9995229244232178,555.85498046875,563.4985961914062,0.9991411566734314,511.74627685546875,586.4640502929688,0.9987614750862122,558.52490234375,565.2973022460938,0.023255228996276855,794.0503540039062,552.6904907226562,0.03346714377403259,606.1221923828125,565.7822265625,0.9997950792312622,612.65087890625,566.8212890625,0.029278576374053955,574.2340698242188,555.3653564453125,0.008675307035446167,631.2459106445312,545.8107299804688,0.534148633480072,557.3843994140625,556.2054443359375,0.006960541009902954
935,294.9631042480469,475.8371276855469,0.9999170899391174,1004.6217651367188,52.41169738769531,0.03663277626037598,797.2036743164062,545.273193359375,0.9995114803314209,555.9406127929688,563.2080078125,0.9981439113616943,511.9559020996094,586.1296997070312,0.9987702369689941,558.7079467773438,564.5992431640625,0.020008504390716553,793.9029541015625,552.6439208984375,0.03295379877090454,605.9815063476562,565.8228149414062,0.9998042583465576,612.5288696289062,567.0208740234375,0.028078824281692505,551.867431640625,558.2122192382812,0.010475844144821167,631.830078125,545.6508178710938,0.7638509273529053,557.265869140625,556.1783447265625,0.007838994264602661
936,294.92718505859375,475.7720031738281,0.9999254941940308,1004.6484985351562,52.21056365966797,0.03453916311264038,796.4278564453125,546.0255126953125,0.9996471405029297,555.99609375,563.5977783203125,0.9988144040107727,511.91839599609375,586.1729736328125,0.9987583160400391,558.6258544921875,565.2182006835938,0.020166903734207153,793.4137573242188,552.9889526367188,0.03660467267036438,605.7356567382812,566.0222778320312,0.9997909069061279,612.5463256835938,567.0309448242188,0.025994598865509033,552.0999145507812,557.9066772460938,0.0092562735080719,631.2239379882812,545.643310546875,0.5727343559265137,557.330078125,556.3111572265625,0.007460832595825195
937,294.9466552734375,475.9470520019531,0.9999203085899353,1004.3329467773438,52.208953857421875,0.03615599870681763,796.0213623046875,546.0477905273438,0.9994879961013794,555.6702270507812,563.2728881835938,0.9984234571456909,511.7326965332031,585.843994140625,0.9987806677818298,558.4324340820312,564.7825927734375,0.024872511625289917,554.23388671875,586.601318359375,0.04915338754653931,605.7132568359375,565.9944458007812,0.9998165369033813,612.3754272460938,567.1633911132812,0.02582573890686035,552.3601684570312,557.8261108398438,0.00915643572807312,631.1922607421875,545.9024658203125,0.4983064830303192,557.2340087890625,556.1821899414062,0.007569104433059692
938,295.1077880859375,475.91424560546875,0.9999380111694336,1004.5643310546875,52.575172424316406,0.03721338510513306,796.4179077148438,545.5668334960938,0.9994285106658936,556.3388671875,563.3212280273438,0.9987068772315979,512.0309448242188,586.137939453125,0.9989435076713562,559.0114135742188,564.95849609375,0.019383668899536133,793.906005859375,552.6123046875,0.037410855293273926,605.5851440429688,566.48291015625,0.999789834022522,803.9532470703125,550.8838500976562,0.029760092496871948,552.4280395507812,557.8265991210938,0.010188370943069458,631.2816162109375,545.8291625976562,0.408692866563797,557.3151245117188,556.2516479492188,0.00782167911529541
939,294.6775817871094,475.8458557128906,0.9999421834945679,1004.4170532226562,52.7000846862793,0.024085968732833862,796.6900024414062,545.2816772460938,0.9993906021118164,555.7120971679688,563.525390625,0.998761773109436,510.06915283203125,590.8154296875,0.9987795352935791,558.6483764648438,565.089111328125,0.025609225034713745,554.2303466796875,587.03271484375,0.041994571685791016,605.26416015625,566.1630859375,0.9998359680175781,803.8754272460938,550.7703247070312,0.028167665004730225,552.5709838867188,557.960205078125,0.010477513074874878,631.3187866210938,546.0956420898438,0.3749995529651642,557.1586303710938,556.1810913085938,0.007666409015655518
940,294.8704833984375,476.0177917480469,0.9999305009841919,1004.3357543945312,52.63368225097656,0.03606986999511719,795.65625,546.1136474609375,0.999610185623169,555.2557983398438,564.0397338867188,0.9988843202590942,511.8151550292969,586.5048217773438,0.9984169006347656,558.3032836914062,565.3375244140625,0.026345133781433105,793.4480590820312,553.1934814453125,0.03720390796661377,605.4410400390625,566.4244384765625,0.999819815158844,803.4721069335938,551.0611572265625,0.02693423628807068,552.6182861328125,558.1485595703125,0.009030193090438843,630.816650390625,546.2972412109375,0.23307767510414124,557.1766967773438,556.2388305664062,0.007179975509643555
941,294.79534912109375,476.1727600097656,0.9999455213546753,1004.3035278320312,52.217769622802734,0.03168490529060364,795.2452392578125,545.873046875,0.9997260570526123,556.3952026367188,563.3003540039062,0.9987838268280029,510.2422180175781,590.5372924804688,0.9985643625259399,559.2269287109375,564.8338012695312,0.023416668176651,554.1493530273438,586.8299560546875,0.04140394926071167,605.4658203125,566.6287231445312,0.9998282194137573,803.4393310546875,550.9295043945312,0.028135597705841064,552.1358642578125,557.9343872070312,0.010277152061462402,631.6060791015625,546.2301025390625,0.42125219106674194,557.2568969726562,556.2957763671875,0.008013397455215454
942,294.7420959472656,476.308837890625,0.9999365210533142,1004.3323364257812,52.02989959716797,0.1658707857131958,795.04541015625,546.3862915039062,0.9997402429580688,555.1311645507812,563.8825073242188,0.9985378980636597,511.493896484375,586.2630004882812,0.9983411431312561,558.1375732421875,565.4420166015625,0.023497045040130615,554.2117919921875,587.0325927734375,0.03926292061805725,605.365966796875,566.6122436523438,0.9998232126235962,803.317626953125,551.0601806640625,0.02525767683982849,552.463623046875,558.1378173828125,0.00942450761795044,631.7810668945312,546.257568359375,0.3324824571609497,557.1416015625,556.2659912109375,0.007555216550827026
943,294.524658203125,476.35101318359375,0.9999333620071411,555.5013427734375,555.2402954101562,0.019425809383392334,794.8528442382812,546.2720336914062,0.999754786491394,555.7276000976562,563.9445190429688,0.99826580286026,509.59942626953125,590.5527954101562,0.9986151456832886,558.4055786132812,565.4827270507812,0.021530956029891968,554.3463134765625,586.9910278320312,0.04123896360397339,605.42724609375,566.9221801757812,0.9998018741607666,803.3040161132812,551.0025024414062,0.0284576416015625,552.0216064453125,558.3405151367188,0.008906424045562744,631.7554931640625,546.5432739257812,0.3326922655105591,557.2072143554688,556.2555541992188,0.007033169269561768
944,294.6917724609375,476.2947692871094,0.9999492168426514,1004.251220703125,52.87498474121094,0.034572720527648926,795.32763671875,545.6994018554688,0.9997149705886841,555.9793701171875,564.0447998046875,0.9981913566589355,510.0510559082031,590.2962646484375,0.9985576868057251,558.7294311523438,565.4321899414062,0.02046382427215576,793.3568725585938,553.4224853515625,0.03385862708091736,605.7638549804688,566.5761108398438,0.999791145324707,803.5802001953125,550.7368774414062,0.028812021017074585,551.816162109375,558.4208984375,0.00989881157875061,631.6045532226562,546.0426635742188,0.3919372260570526,557.270263671875,556.179443359375,0.007667213678359985
945,294.24822998046875,476.38232421875,0.9999337196350098,1004.7321166992188,52.91161346435547,0.057922184467315674,795.2232055664062,545.8013916015625,0.99964439868927,555.5126342773438,563.983154296875,0.9980990886688232,511.5091552734375,586.2786254882812,0.9986034631729126,558.4197998046875,565.4811401367188,0.02440515160560608,554.1259765625,586.817626953125,0.0429721474647522,605.98828125,566.7632446289062,0.9997978806495667,803.6258544921875,550.9763793945312,0.03419440984725952,551.7794799804688,558.0831909179688,0.010036766529083252,631.6473388671875,546.4661254882812,0.47196269035339355,557.0845336914062,556.0891723632812,0.007640630006790161
946,294.5240478515625,476.17236328125,0.9999459385871887,1004.1394653320312,52.56385803222656,0.06621751189231873,795.1328125,546.3345336914062,0.9996289014816284,555.9584350585938,563.749755859375,0.9984130859375,511.2652587890625,586.3070678710938,0.9984399080276489,558.2778930664062,565.5474243164062,0.02420666813850403,554.5631103515625,586.95654296875,0.0409758985042572,605.4744262695312,566.9383544921875,0.9998160004615784,803.5670166015625,551.0894165039062,0.030231565237045288,551.9368286132812,558.1768798828125,0.011105477809906006,631.3389282226562,546.9431762695312,0.42351195216178894,557.0782470703125,556.1913452148438,0.00836402177810669
947,294.3087463378906,476.6061096191406,0.999945342540741,1004.4714965820312,52.32518005371094,0.041180163621902466,794.9378051757812,546.6049194335938,0.9997002482414246,555.7660522460938,563.9500732421875,0.9979779124259949,511.8582458496094,586.235595703125,0.9985124468803406,557.9888916015625,565.8781127929688,0.027003437280654907,550.5863647460938,588.0791625976562,0.032763779163360596,605.4168090820312,567.2610473632812,0.9997897148132324,803.348388671875,551.3290405273438,0.02878698706626892,552.0889282226562,558.5292358398438,0.010543256998062134,632.1630859375,546.2774047851562,0.5057464241981506,557.0901489257812,556.1671752929688,0.007944613695144653
948,294.3431091308594,476.50445556640625,0.999940037727356,1004.0359497070312,51.911556243896484,0.04592472314834595,794.9973754882812,547.0132446289062,0.9996494054794312,553.5787353515625,564.2652587890625,0.9984065294265747,509.8657531738281,590.4591674804688,0.9987194538116455,557.4992065429688,565.9579467773438,0.024014562368392944,792.889404296875,554.254638671875,0.031314849853515625,605.47607421875,567.2921752929688,0.9998084306716919,803.5195922851562,551.3157958984375,0.025320082902908325,552.2399291992188,558.2523803710938,0.009800463914871216,632.5930786132812,546.0159912109375,0.5274319648742676,557.0142211914062,556.054931640625,0.007044672966003418
949,294.2337341308594,476.4910583496094,0.9999487996101379,1004.4735107421875,52.33460998535156,0.04021328687667847,794.4298095703125,547.2890014648438,0.9995707273483276,555.5940551757812,563.7918090820312,0.9982230067253113,509.9381408691406,590.0625610351562,0.9985805749893188,557.85107421875,565.7623901367188,0.02818945050239563,550.5967407226562,588.0339965820312,0.045292019844055176,605.8736572265625,567.152587890625,0.9998034238815308,803.1793823242188,551.6198120117188,0.024658679962158203,552.0101928710938,558.0498657226562,0.010463178157806396,632.1841430664062,546.7809448242188,0.5164456367492676,557.103515625,556.0814208984375,0.007561862468719482
950,293.9705810546875,476.90191650390625,0.9999591112136841,1004.3051147460938,53.014244079589844,0.0542091429233551,793.7132568359375,547.4429931640625,0.9996775388717651,556.0613403320312,563.8285522460938,0.9982343912124634,509.8888244628906,590.1465454101562,0.9984623193740845,558.0258178710938,565.76611328125,0.022963136434555054,551.0056762695312,588.2650756835938,0.03197017312049866,605.7630004882812,567.270751953125,0.9997677803039551,802.5758666992188,551.9466552734375,0.022774547338485718,551.9432983398438,558.2888793945312,0.011011511087417603,632.4642333984375,546.1385498046875,0.4294411242008209,557.0740966796875,556.0968017578125,0.0077554285526275635
951,293.9438171386719,476.7342529296875,0.9999445676803589,1004.3805541992188,52.872772216796875,0.033964574337005615,793.8677978515625,547.9047241210938,0.9996347427368164,553.8780517578125,564.1737060546875,0.9978322982788086,510.2037658691406,590.4881591796875,0.9985342621803284,557.5172119140625,565.8793334960938,0.030695974826812744,551.0926513671875,588.051025390625,0.04681366682052612,605.6123657226562,567.3037719726562,0.9997392892837524,802.7532348632812,552.1217041015625,0.024914145469665527,552.2717895507812,558.3471069335938,0.012975573539733887,632.5352783203125,546.0914306640625,0.40381428599357605,557.027099609375,556.0758056640625,0.00841224193572998
952,293.91546630859375,477.278564453125,0.9999469518661499,1004.459228515625,53.013702392578125,0.035255104303359985,794.4746704101562,547.4048461914062,0.9995671510696411,554.018798828125,564.3789672851562,0.9976291656494141,510.1296081542969,590.0472412109375,0.9978939294815063,557.7261352539062,566.0584716796875,0.01886129379272461,551.5665283203125,588.1840209960938,0.03336989879608154,605.7727661132812,567.5205688476562,0.9997782707214355,803.217529296875,552.0565185546875,0.023784905672073364,552.1234741210938,558.4304809570312,0.009954005479812622,632.481689453125,546.6156005859375,0.5314258933067322,557.2379760742188,556.2630615234375,0.006949871778488159
953,294.0613708496094,476.6983642578125,0.9999501705169678,1004.0526733398438,52.912757873535156,0.03895869851112366,794.388671875,547.4758911132812,0.9996216297149658,556.430908203125,563.9368286132812,0.9981549978256226,510.0669250488281,589.9054565429688,0.9979519248008728,558.2196655273438,565.7862548828125,0.02072635293006897,551.4479370117188,588.07763671875,0.03518193960189819,605.6143798828125,567.7288818359375,0.9997820854187012,803.3461303710938,552.0092163085938,0.023976564407348633,551.815673828125,558.428466796875,0.010148465633392334,631.9833374023438,546.6805419921875,0.5699137449264526,557.2120971679688,556.1871948242188,0.0070510804653167725
954,293.80487060546875,477.0151062011719,0.9999498724937439,1004.2734375,52.47235870361328,0.05160805583000183,794.2872314453125,547.5811767578125,0.9996718168258667,555.8578491210938,564.12841796875,0.9983639121055603,509.9479675292969,589.9478149414062,0.9981068968772888,557.9887084960938,566.0237426757812,0.025312483310699463,550.713623046875,588.2298583984375,0.040659576654434204,605.3582763671875,567.7462768554688,0.9997683167457581,606.9542236328125,569.3046875,0.025679469108581543,551.8384399414062,558.3878173828125,0.0102120041847229,632.425537109375,546.8970336914062,0.486499160528183,557.0784912109375,556.1293334960938,0.007279455661773682
955,293.66766357421875,476.9170227050781,0.9999339580535889,555.7719116210938,555.1572875976562,0.021306335926055908,793.1752319335938,548.95556640625,0.9995255470275879,555.9098510742188,563.8705444335938,0.9987092018127441,510.0888977050781,590.2245483398438,0.9982711672782898,557.91162109375,565.8565673828125,0.027917146682739258,551.095947265625,588.0880737304688,0.05517759919166565,605.3015747070312,567.8062744140625,0.9997506141662598,601.8523559570312,569.3532104492188,0.02778017520904541,782.3722534179688,549.4256591796875,0.010030597448348999,631.83203125,547.7144165039062,0.3161226511001587,557.1049194335938,556.2258911132812,0.0073830485343933105
956,293.5425109863281,476.9660949707031,0.9999490976333618,556.0014038085938,555.0558471679688,0.025867730379104614,793.3031005859375,548.10107421875,0.9994843602180481,555.64208984375,564.163330078125,0.997952401638031,510.0544738769531,590.13671875,0.9978539943695068,557.4459228515625,566.0704956054688,0.033370018005371094,551.3655395507812,588.1952514648438,0.05349978804588318,605.1146850585938,567.71337890625,0.9997885823249817,606.80322265625,569.3955078125,0.02170783281326294,551.8837890625,558.433837890625,0.010749191045761108,632.3132934570312,547.1610107421875,0.21308651566505432,557.0870361328125,556.1434936523438,0.007789433002471924
957,293.4548645019531,476.88446044921875,0.9999483823776245,1004.479248046875,52.06917953491211,0.038671910762786865,793.1311645507812,549.7626342773438,0.9995418787002563,555.6889038085938,563.9321899414062,0.997227668762207,509.89837646484375,590.2625122070312,0.9978481531143188,557.3622436523438,565.9021606445312,0.027703166007995605,551.7902221679688,587.9627075195312,0.06026902794837952,605.4718627929688,567.7894897460938,0.9997135996818542,602.1145629882812,569.2110595703125,0.027304470539093018,551.7308959960938,558.6774291992188,0.010840684175491333,631.8923950195312,547.3442993164062,0.3575218617916107,557.0262451171875,556.0154418945312,0.007481396198272705
958,293.2999572753906,476.7306823730469,0.9999566078186035,1004.3168334960938,52.514732360839844,0.0498446524143219,793.1318359375,549.5061645507812,0.9993855357170105,553.7852783203125,564.3978271484375,0.9977213144302368,509.6051940917969,590.7639770507812,0.9985666275024414,557.3250732421875,566.0863037109375,0.026084214448928833,551.7197875976562,588.2559814453125,0.04288068413734436,606.4675903320312,567.7704467773438,0.9997031688690186,607.4759521484375,569.2249755859375,0.023492127656936646,551.9797973632812,558.7680053710938,0.012515604496002197,632.367431640625,547.0284423828125,0.34307682514190674,556.9693603515625,556.0739135742188,0.007757633924484253
959,293.2052307128906,476.7789001464844,0.999957263469696,1004.0280151367188,52.54437255859375,0.0783911645412445,792.5560302734375,550.5911865234375,0.9992774724960327,555.0877075195312,564.1914672851562,0.9981513023376465,509.77813720703125,590.3555908203125,0.9981027841567993,557.2444458007812,566.0304565429688,0.02805382013320923,550.2732543945312,588.3186645507812,0.04411885142326355,605.4122924804688,568.4927978515625,0.9996049404144287,601.8521118164062,569.7116088867188,0.023778021335601807,782.5274047851562,549.6260375976562,0.013275444507598877,632.230712890625,547.25830078125,0.632114827632904,556.7115478515625,556.0132446289062,0.0071675777435302734
960,293.19158935546875,476.9462890625,0.9999526739120483,1004.1776123046875,52.9106559753418,0.03262832760810852,792.6995849609375,550.1406860351562,0.9994360208511353,553.2149047851562,564.36083984375,0.9974504113197327,509.75469970703125,590.6091918945312,0.9983913898468018,556.75,566.0753173828125,0.02904796600341797,551.411865234375,587.9733276367188,0.04879137873649597,605.4891967773438,568.1010131835938,0.9996424317359924,601.7584228515625,569.9519653320312,0.02287513017654419,551.9813842773438,558.928466796875,0.01281699538230896,632.221435546875,547.2518920898438,0.7705607414245605,556.5379028320312,555.9476928710938,0.007606089115142822
961,292.9185485839844,477.0887756347656,0.9999566674232483,1004.5827026367188,52.17401123046875,0.05059701204299927,792.9723510742188,551.5545043945312,0.9994734525680542,553.9554443359375,564.1306762695312,0.9973442554473877,509.620849609375,590.6975708007812,0.9983759522438049,557.3604736328125,566.0072631835938,0.031184524297714233,554.4928588867188,587.041015625,0.06726294755935669,605.8972778320312,567.859130859375,0.9996756315231323,602.0591430664062,569.6932373046875,0.02132323384284973,551.80224609375,559.0621337890625,0.013487130403518677,632.083740234375,547.2672729492188,0.6276867985725403,556.8485717773438,556.0840454101562,0.008306920528411865
962,292.8315734863281,476.8864440917969,0.9999566078186035,1004.3262329101562,52.99068832397461,0.034515976905822754,792.9703369140625,550.9375610351562,0.9993786215782166,555.2741088867188,564.4642333984375,0.9976574778556824,509.502685546875,590.8526000976562,0.9989468455314636,557.7058715820312,565.997802734375,0.030144095420837402,554.2678833007812,587.002197265625,0.06361564993858337,605.581298828125,568.2344360351562,0.9995807409286499,601.8174438476562,569.8380126953125,0.022683292627334595,551.8772583007812,558.6207275390625,0.013858109712600708,632.0941162109375,547.3834838867188,0.7466174364089966,556.9281616210938,556.1088256835938,0.008641332387924194
963,292.6412353515625,476.90362548828125,0.9999597668647766,555.6767578125,555.449462890625,0.028414785861968994,267.357421875,585.8783569335938,0.9989806413650513,555.3207397460938,564.5309448242188,0.9973702430725098,509.3551330566406,590.979248046875,0.998903751373291,557.615478515625,566.0089111328125,0.02715510129928589,551.173828125,588.0231323242188,0.05498015880584717,605.9808349609375,568.19921875,0.9996265172958374,602.094970703125,570.038330078125,0.018786311149597168,551.598876953125,558.8477172851562,0.013340801000595093,631.9590454101562,547.4965209960938,0.630389928817749,556.9222412109375,556.1646728515625,0.008731156587600708
964,292.60186767578125,477.1170654296875,0.9999558925628662,555.2820434570312,555.5326538085938,0.030867666006088257,793.7186279296875,553.17626953125,0.9990181922912598,556.3934936523438,564.214599609375,0.9980483651161194,510.3970947265625,590.0882568359375,0.9969862699508667,558.5291137695312,565.8477783203125,0.03147032856941223,550.81689453125,588.0277709960938,0.061125099658966064,606.2102661132812,568.4991455078125,0.999680757522583,602.205810546875,570.1735229492188,0.020664900541305542,551.3369750976562,559.0092163085938,0.013944387435913086,632.6084594726562,547.3580322265625,0.695671558380127,557.048095703125,556.1400756835938,0.008892595767974854
965,292.68572998046875,476.80609130859375,0.9999589920043945,555.3128051757812,555.4351806640625,0.031147897243499756,793.6845092773438,553.380126953125,0.999266505241394,556.143798828125,564.2830200195312,0.9973511695861816,509.90911865234375,590.3142700195312,0.9984956979751587,558.0335083007812,566.0015258789062,0.03306984901428223,551.25927734375,588.0523071289062,0.06484052538871765,605.6257934570312,568.6559448242188,0.9996706247329712,602.1260375976562,570.1166381835938,0.02476048469543457,551.3051147460938,558.917236328125,0.013464510440826416,631.6690063476562,547.8311767578125,0.586995542049408,556.884765625,556.0670166015625,0.008386075496673584
966,292.3492126464844,477.3074035644531,0.999950647354126,1004.225341796875,52.90966033935547,0.03763085603713989,792.39990234375,552.6392211914062,0.9991968870162964,557.0145263671875,563.972412109375,0.9972870349884033,510.00146484375,590.64404296875,0.9985572099685669,558.481201171875,565.6525268554688,0.026183128356933594,552.0509643554688,587.9443359375,0.07214674353599548,605.8075561523438,568.3501586914062,0.9996652603149414,607.0738525390625,569.9261474609375,0.02220231294631958,551.1261596679688,559.10791015625,0.015160202980041504,631.8192749023438,547.9835205078125,0.48575589060783386,557.1477661132812,556.1336059570312,0.008777230978012085
967,292.3164367675781,477.2509765625,0.9999541640281677,1004.31201171875,52.388641357421875,0.04452943801879883,793.4983520507812,553.2315673828125,0.9993181824684143,556.0491943359375,564.1050415039062,0.9972259402275085,509.665283203125,591.27197265625,0.9990042448043823,557.8236694335938,565.8182983398438,0.031942665576934814,551.4692993164062,587.9736328125,0.09455212950706482,605.8999633789062,568.3632202148438,0.9996973872184753,607.08349609375,569.9788208007812,0.024150609970092773,551.3630981445312,559.11572265625,0.014581948518753052,631.521240234375,547.859375,0.4047316610813141,556.9425659179688,556.1264038085938,0.008119165897369385
968,292.30645751953125,477.33197021484375,0.99996018409729,555.412841796875,555.6870727539062,0.03481593728065491,792.9940795898438,552.765625,0.9992289543151855,556.5726318359375,564.1614379882812,0.9967669248580933,509.45556640625,590.9954223632812,0.9989937543869019,558.2091064453125,565.69384765625,0.03358730673789978,551.6638793945312,587.9844970703125,0.07866477966308594,605.8905639648438,568.5372924804688,0.9997313022613525,601.9088745117188,570.404052734375,0.02382907271385193,551.1610107421875,559.1890258789062,0.016173839569091797,631.8472290039062,548.43017578125,0.4492877125740051,556.9864501953125,556.0415649414062,0.009424030780792236
969,292.2802429199219,477.1299743652344,0.9999557733535767,1004.3512573242188,51.841033935546875,0.09081113338470459,793.3822021484375,553.9224243164062,0.9994500875473022,556.0908203125,564.3137817382812,0.9974738359451294,509.4464111328125,591.0687866210938,0.9986419677734375,557.8582153320312,565.8529052734375,0.026769191026687622,551.9739379882812,587.8682250976562,0.07425567507743835,606.0380859375,568.2024536132812,0.9996203184127808,607.0640258789062,570.1739501953125,0.026561379432678223,551.69873046875,559.0758666992188,0.014640569686889648,631.4263305664062,548.14208984375,0.5474300980567932,557.0490112304688,556.11328125,0.0084134042263031
970,291.807861328125,477.4557189941406,0.9999518394470215,555.7295532226562,555.4871826171875,0.03539997339248657,793.3001708984375,553.5441284179688,0.9992355108261108,555.6954956054688,564.3704223632812,0.9970970153808594,509.6717224121094,590.6039428710938,0.9985654354095459,557.5838623046875,565.9237060546875,0.0354638397693634,551.3632202148438,587.8397827148438,0.06169414520263672,606.05615234375,568.3399658203125,0.9995406866073608,607.0934448242188,570.24462890625,0.024161815643310547,551.56884765625,559.3104248046875,0.014761507511138916,631.8517456054688,548.09228515625,0.5727834701538086,556.8770141601562,556.0487060546875,0.008873820304870605
971,291.82769775390625,477.19708251953125,0.9999666213989258,1004.7656860351562,52.72105026245117,0.04593971371650696,793.7703247070312,553.9091796875,0.9994097352027893,553.6411743164062,564.5003662109375,0.9970458745956421,509.3908996582031,590.7438354492188,0.998825192451477,556.9992065429688,565.8587646484375,0.031081020832061768,551.8474731445312,587.8489990234375,0.0657021701335907,606.0695190429688,568.5865478515625,0.9995714426040649,607.273681640625,570.1913452148438,0.03396046161651611,551.7808837890625,559.161865234375,0.015265226364135742,632.3461303710938,547.9100341796875,0.6672102212905884,556.763916015625,556.0272216796875,0.008580505847930908
972,291.81304931640625,477.2904052734375,0.9999635815620422,555.7032470703125,555.2059326171875,0.035933077335357666,793.2029418945312,554.0849609375,0.9994724988937378,555.5639038085938,564.5576782226562,0.9975816011428833,509.86724853515625,590.5459594726562,0.9977660179138184,557.52587890625,566.1998291015625,0.03823214769363403,551.4248657226562,588.0167236328125,0.06837153434753418,605.4142456054688,568.81103515625,0.9996722936630249,601.9267578125,570.498046875,0.028353214263916016,551.4329223632812,559.25732421875,0.012872695922851562,631.9942016601562,548.1931762695312,0.6438590288162231,556.904052734375,556.0398559570312,0.008254200220108032
973,291.4094543457031,477.393310546875,0.9999657869338989,1004.0257568359375,52.40205764770508,0.034589141607284546,793.390869140625,554.375244140625,0.9995205402374268,556.4317626953125,564.5206298828125,0.9981176257133484,509.6844482421875,590.4666137695312,0.9987329244613647,558.5020141601562,566.009765625,0.027353495359420776,550.8349609375,588.1782836914062,0.05648761987686157,605.8463134765625,569.0240478515625,0.999629020690918,607.0517578125,570.47119140625,0.024522781372070312,551.0263671875,559.123046875,0.013448625802993774,631.7877197265625,548.2638549804688,0.3476196825504303,557.0567626953125,556.0443115234375,0.008168339729309082
974,291.3811340332031,477.4183044433594,0.999950647354126,1004.20361328125,52.38669204711914,0.034568578004837036,793.6194458007812,553.7449951171875,0.9992977380752563,556.34326171875,564.482177734375,0.9985789656639099,509.50042724609375,590.682373046875,0.9986979961395264,558.58203125,565.8702392578125,0.026435494422912598,550.9502563476562,588.4315795898438,0.04236912727355957,605.3955688476562,568.7337036132812,0.9997256994247437,604.2152709960938,571.2675170898438,0.02667146921157837,550.9444580078125,558.9031372070312,0.01206427812576294,631.2122192382812,548.6202392578125,0.4479980170726776,557.1387329101562,556.1456909179688,0.008385717868804932
975,291.3318176269531,477.30059814453125,0.9999557733535767,1004.14697265625,52.4039306640625,0.03786596655845642,793.3654174804688,554.3463134765625,0.9995635151863098,555.8475341796875,564.5291137695312,0.9981578588485718,509.97662353515625,590.8539428710938,0.9987293481826782,558.0896606445312,565.9886474609375,0.03377518057823181,550.9312133789062,588.1768188476562,0.05539950728416443,605.6044311523438,568.71826171875,0.9996262788772583,604.40234375,571.4835205078125,0.026349425315856934,551.053466796875,559.058349609375,0.01196962594985962,631.2636108398438,548.778564453125,0.6358984112739563,556.9931640625,556.0880126953125,0.008311718702316284
976,291.37225341796875,477.3365478515625,0.9999503493309021,555.7638549804688,554.7677001953125,0.030185282230377197,793.3519287109375,554.58056640625,0.9996436238288879,555.4776611328125,564.6090087890625,0.9983830451965332,510.03094482421875,590.107177734375,0.9982748627662659,557.8049926757812,566.1443481445312,0.03307577967643738,554.0517578125,587.3013916015625,0.061346083879470825,605.854736328125,568.9288330078125,0.9996765851974487,607.13330078125,570.6671752929688,0.028779298067092896,550.9298706054688,559.1943359375,0.010016381740570068,630.7139892578125,549.4036865234375,0.5305679440498352,557.0307006835938,556.0671997070312,0.007380753755569458
977,291.3223876953125,477.2579040527344,0.999956488609314,555.5552368164062,554.9303588867188,0.03250700235366821,793.3850708007812,554.7777709960938,0.9995924234390259,555.87353515625,564.3085327148438,0.9982446432113647,509.74969482421875,591.1954345703125,0.998688817024231,557.9178466796875,565.89990234375,0.035831600427627563,550.9974975585938,587.9754028320312,0.07692965865135193,605.5653686523438,569.3107299804688,0.9996052980422974,604.37841796875,571.6406860351562,0.02825409173965454,550.9505615234375,559.0377807617188,0.010955452919006348,630.78173828125,549.5706176757812,0.6244401335716248,557.0951538085938,556.1456909179688,0.007964104413986206
978,291.3759460449219,477.1029052734375,0.999957263469696,1004.156005859375,52.48160171508789,0.060938090085983276,793.7265625,554.9334716796875,0.9996374845504761,556.0025634765625,564.3711547851562,0.9980143308639526,509.6898193359375,590.6475219726562,0.9984585046768188,557.974365234375,566.00537109375,0.03378874063491821,550.6226806640625,588.633544921875,0.08209148049354553,605.4254760742188,569.40673828125,0.999626874923706,604.2609252929688,571.5877685546875,0.026235073804855347,550.7385864257812,559.19140625,0.010865449905395508,630.9130249023438,549.402099609375,0.4518234133720398,557.0009765625,555.951904296875,0.007604360580444336
979,291.0562438964844,477.2491760253906,0.9999507069587708,1004.0752563476562,52.12956619262695,0.04534178972244263,792.8789672851562,555.7246704101562,0.9997432231903076,555.7120361328125,564.5247192382812,0.9984796047210693,509.43194580078125,590.5773315429688,0.9988371133804321,557.9135131835938,566.062744140625,0.03569492697715759,550.7400512695312,588.5723876953125,0.06353962421417236,605.2892456054688,569.5422973632812,0.9995818138122559,604.1883544921875,571.8335571289062,0.03283768892288208,551.141845703125,558.93505859375,0.010696232318878174,630.8941650390625,549.3963623046875,0.6619478464126587,557.0831298828125,556.086669921875,0.007675468921661377
980,290.7762756347656,477.3179016113281,0.999964714050293,1004.4036865234375,52.268165588378906,0.044271767139434814,793.8468627929688,555.6734008789062,0.9997036457061768,555.7905883789062,564.4790649414062,0.99845290184021,509.3299560546875,590.92236328125,0.9992684125900269,557.824951171875,566.2156372070312,0.034387171268463135,550.451171875,588.3414916992188,0.054166316986083984,605.1072387695312,569.4655151367188,0.9996346235275269,604.22607421875,571.5703125,0.031681329011917114,551.0086669921875,559.1390380859375,0.008946746587753296,630.6748046875,549.0235595703125,0.5260854363441467,557.0965576171875,556.0889282226562,0.006746143102645874
981,290.921630859375,477.3307800292969,0.9999502897262573,1004.3468627929688,52.4905891418457,0.039399564266204834,793.8402709960938,555.5037841796875,0.9996284246444702,556.0747680664062,564.34423828125,0.998243510723114,509.4313659667969,590.6023559570312,0.9987262487411499,558.41650390625,565.9421997070312,0.027148425579071045,550.729736328125,588.1666870117188,0.0664319396018982,605.6876831054688,569.48388671875,0.9995824098587036,604.6734008789062,571.7347412109375,0.02777925133705139,551.050048828125,559.0652465820312,0.011411160230636597,631.50732421875,549.427490234375,0.7118115425109863,557.008056640625,555.9435424804688,0.0070879459381103516
982,290.7929992675781,477.37744140625,0.9999518394470215,1004.3348388671875,52.12626266479492,0.051532477140426636,793.6046752929688,555.4475708007812,0.9996816515922546,555.6577758789062,564.6358032226562,0.9986903071403503,509.6462707519531,590.5509033203125,0.9987242221832275,558.10693359375,566.0855102539062,0.0284138023853302,550.55029296875,588.549560546875,0.09070825576782227,605.4322509765625,569.7435913085938,0.9995843172073364,604.3857421875,571.8074340820312,0.03181150555610657,551.2789916992188,558.8882446289062,0.009928375482559204,631.1514892578125,549.572998046875,0.5629329681396484,557.0778198242188,555.945556640625,0.006871551275253296
983,290.87530517578125,477.483154296875,0.9999468326568604,555.7788696289062,555.069580078125,0.03223055601119995,793.6881103515625,555.4520874023438,0.9996300935745239,555.6722412109375,564.344970703125,0.9983410239219666,509.5946044921875,590.4234008789062,0.9981913566589355,557.6143798828125,565.9724731445312,0.03832736611366272,550.725341796875,588.203369140625,0.09364810585975647,606.0491943359375,569.3524169921875,0.9994664192199707,604.7587280273438,571.8516235351562,0.031211107969284058,551.32373046875,559.09033203125,0.011987894773483276,631.1258544921875,549.4619750976562,0.6107320785522461,556.9429931640625,556.0280151367188,0.007661551237106323
984,290.9612121582031,478.2018127441406,0.9999570846557617,555.3272094726562,555.2623291015625,0.033264994621276855,793.60546875,555.8292236328125,0.9996438026428223,555.9624633789062,564.2197265625,0.9978672862052917,509.26580810546875,590.8511962890625,0.9991428852081299,557.998291015625,565.8427124023438,0.02967897057533264,550.7715454101562,588.2247924804688,0.0616145133972168,605.540283203125,569.4554443359375,0.9996095895767212,604.4879150390625,571.729736328125,0.02839776873588562,550.8648681640625,559.1246948242188,0.012320131063461304,631.2174682617188,549.2320556640625,0.5023067593574524,556.9620971679688,555.8648681640625,0.007579177618026733
985,290.93634033203125,478.2489929199219,0.9999557137489319,1004.1409301757812,52.80607223510742,0.04708757996559143,793.6028442382812,555.6954345703125,0.9995457530021667,555.4552612304688,564.0223388671875,0.9978505373001099,509.4689636230469,589.8500366210938,0.9984860420227051,557.4710693359375,565.7854614257812,0.034155040979385376,551.2915649414062,588.4033203125,0.054967284202575684,606.1019287109375,569.65087890625,0.9995430707931519,604.99365234375,571.9016723632812,0.026886850595474243,551.2342529296875,559.1139526367188,0.010163754224777222,631.4622802734375,549.21435546875,0.635919451713562,556.9476318359375,555.8907470703125,0.0069620609283447266
986,290.7999267578125,478.5126037597656,0.9999579191207886,1004.4075317382812,53.048789978027344,0.044168561697006226,793.5667724609375,555.7439575195312,0.9996054172515869,555.7758178710938,564.4759521484375,0.9980584979057312,509.3119812011719,590.3697509765625,0.998852014541626,557.907470703125,566.0134887695312,0.03336229920387268,550.6673583984375,588.4833984375,0.05843079090118408,605.963134765625,569.6922607421875,0.99946129322052,604.885009765625,572.1923217773438,0.031719744205474854,254.64642333984375,579.8255004882812,0.011923611164093018,631.809814453125,549.0996704101562,0.587300181388855,557.0482788085938,555.9188842773438,0.007189720869064331
987,290.65509033203125,478.3312072753906,0.9999616146087646,1003.8253173828125,51.79508590698242,0.06458687782287598,793.4473876953125,556.4060668945312,0.999641478061676,555.9761352539062,564.1383666992188,0.9985973834991455,509.0950012207031,590.6927490234375,0.9989955425262451,557.6932983398438,565.8427734375,0.03369837999343872,550.862060546875,588.33203125,0.061525315046310425,605.6853637695312,569.8578491210938,0.9994708299636841,604.6598510742188,572.175048828125,0.029879868030548096,550.9659423828125,558.925048828125,0.009784817695617676,631.5174560546875,549.63671875,0.5720546245574951,557.0626220703125,555.9473266601562,0.006717681884765625
988,290.52886962890625,478.4099426269531,0.9999678134918213,1003.6290893554688,52.465091705322266,0.05684274435043335,793.61767578125,556.3065185546875,0.9996017217636108,555.5264892578125,564.3351440429688,0.9979122877120972,508.8592834472656,590.7723388671875,0.9993072748184204,557.4048461914062,566.1028442382812,0.04646313190460205,553.521484375,587.2472534179688,0.08074471354484558,605.2618408203125,569.7543334960938,0.9994218945503235,604.3473510742188,572.0579223632812,0.035087525844573975,551.1282958984375,559.1384887695312,0.009619295597076416,631.0336303710938,550.0621948242188,0.4385776221752167,556.9264526367188,555.9710083007812,0.0069938600063323975
989,290.30096435546875,478.59515380859375,0.9999595880508423,1003.9424438476562,51.893741607666016,0.1056358814239502,793.2199096679688,556.5958251953125,0.9997175931930542,555.6276245117188,564.5866088867188,0.9985165596008301,508.8064270019531,590.8161010742188,0.9990493059158325,557.453369140625,566.1597900390625,0.04293730854988098,550.5928344726562,588.49951171875,0.06416314840316772,605.1353149414062,569.583251953125,0.9994982481002808,604.2952270507812,572.219970703125,0.03551998734474182,253.35311889648438,583.18017578125,0.010395407676696777,631.614990234375,549.4728393554688,0.6084079742431641,556.9492797851562,555.9740600585938,0.006896644830703735
990,290.1053161621094,478.6805419921875,0.99996417760849,1004.4366455078125,51.96906280517578,0.037242740392684937,793.4078979492188,556.7091064453125,0.9996054172515869,555.9100952148438,564.669677734375,0.9984959363937378,509.09625244140625,590.8865966796875,0.9991450309753418,558.13916015625,566.126953125,0.034008949995040894,550.6873779296875,588.3663940429688,0.061867743730545044,605.3206176757812,569.91552734375,0.9993741512298584,604.1840209960938,572.2196655273438,0.03491881489753723,253.22000122070312,583.129150390625,0.01019519567489624,630.9937744140625,549.4066162109375,0.7020692825317383,557.0394287109375,556.0387573242188,0.0066564083099365234
991,290.34490966796875,478.76409912109375,0.9999699592590332,1004.013916015625,52.13673782348633,0.06226727366447449,793.6193237304688,556.6998291015625,0.9995853900909424,555.8086547851562,564.2003784179688,0.9981112480163574,509.1572570800781,590.4954223632812,0.9987547993659973,557.5477294921875,565.8594360351562,0.041399091482162476,550.7796630859375,588.2263793945312,0.06045171618461609,605.6929321289062,569.5180053710938,0.9995343685150146,604.6290893554688,572.1615600585938,0.03166201710700989,254.46400451660156,579.9635009765625,0.014087557792663574,631.5651245117188,549.6807250976562,0.5040281414985657,556.9608764648438,555.88818359375,0.006478428840637207
992,290.2420349121094,478.89556884765625,0.9999740719795227,1003.9817504882812,52.54667663574219,0.06580179929733276,793.4442749023438,557.1837158203125,0.9995213747024536,555.5584716796875,564.6298217773438,0.9985827803611755,509.18792724609375,590.6210327148438,0.9990302324295044,557.7059936523438,566.2173461914062,0.035878896713256836,550.3001708984375,588.5457153320312,0.06466436386108398,604.7402954101562,570.0280151367188,0.9994485378265381,603.9258422851562,572.2890625,0.029904276132583618,254.3404541015625,579.86181640625,0.014757335186004639,631.2870483398438,550.2689819335938,0.5266860723495483,556.9904174804688,556.0664672851562,0.006704390048980713
993,289.92236328125,478.8416442871094,0.9999666810035706,555.716064453125,554.9403686523438,0.0324741005897522,793.596923828125,557.7161254882812,0.9994381666183472,555.4434814453125,564.5958862304688,0.9980442523956299,509.0819091796875,590.4732055664062,0.9988695979118347,557.328369140625,566.1109008789062,0.03776657581329346,550.9735717773438,588.1963500976562,0.06868800520896912,605.1942138671875,570.0009155273438,0.9994329214096069,604.4976806640625,572.249755859375,0.03017786145210266,254.3848876953125,579.8400268554688,0.01486465334892273,631.6065673828125,549.347412109375,0.5589380264282227,556.955078125,556.013427734375,0.0065753161907196045
994,289.6095886230469,479.06793212890625,0.9999745488166809,555.76953125,555.0616455078125,0.032461851835250854,792.7933349609375,557.3994140625,0.9997193813323975,555.557861328125,565.0260620117188,0.9982573390007019,509.0680847167969,590.5325317382812,0.9988275766372681,557.7157592773438,566.4889526367188,0.03968322277069092,550.3931274414062,588.587890625,0.07381182909011841,605.2481079101562,569.9165649414062,0.9994697570800781,604.4453125,572.2662963867188,0.029987484216690063,254.53160095214844,579.9105224609375,0.01765429973602295,631.3216552734375,549.8411254882812,0.6557042002677917,556.9935302734375,556.0814819335938,0.0066894590854644775
995,289.684814453125,478.78179931640625,0.9999704360961914,1004.0220947265625,52.32325744628906,0.043877243995666504,793.046630859375,557.3245239257812,0.9995197653770447,555.2345581054688,565.28759765625,0.9984960556030273,509.4361267089844,589.879638671875,0.9986476898193359,557.5518188476562,566.6099853515625,0.034666240215301514,550.3353881835938,588.6907958984375,0.0604386031627655,604.5443725585938,570.18505859375,0.999336838722229,603.9490356445312,572.348388671875,0.032744407653808594,254.39511108398438,579.9555053710938,0.01565900444984436,631.1742553710938,549.9105834960938,0.6304895877838135,557.028076171875,556.1153564453125,0.007013589143753052
996,289.6763610839844,478.9385070800781,0.9999655485153198,556.28125,555.118408203125,0.031748563051223755,792.7052001953125,557.4367065429688,0.9991753101348877,553.5089111328125,565.0396728515625,0.9975905418395996,509.0662536621094,589.9379272460938,0.9987732172012329,556.467041015625,566.87158203125,0.03956076502799988,553.9647216796875,587.5169067382812,0.07621681690216064,604.4384765625,570.074951171875,0.9993047714233398,601.7911376953125,571.0366821289062,0.028538763523101807,254.62844848632812,580.0867309570312,0.012316226959228516,630.552001953125,550.459228515625,0.5315881371498108,556.8135375976562,556.1058349609375,0.00676417350769043
997,289.69952392578125,478.8580322265625,0.9999728202819824,555.9007568359375,554.7880249023438,0.0287054181098938,793.6221923828125,558.4398193359375,0.9994916915893555,554.915283203125,565.2213134765625,0.9981390237808228,509.3624267578125,590.4727172851562,0.9985655546188354,556.6324462890625,566.924560546875,0.040885597467422485,550.5491333007812,588.7734985351562,0.08660206198692322,604.3828125,570.2691040039062,0.9993378520011902,603.6953125,572.3051147460938,0.0270768404006958,254.39967346191406,579.8121948242188,0.01704344153404236,630.9751586914062,550.2706298828125,0.5434811115264893,556.8787841796875,556.1414794921875,0.005790978670120239
998,289.3948974609375,478.67071533203125,0.9999737739562988,1004.3164672851562,52.550872802734375,0.04973986744880676,261.5819396972656,585.5347900390625,0.9992519021034241,555.381103515625,564.7408447265625,0.9974663853645325,508.9879150390625,590.2434692382812,0.9990055561065674,557.1661376953125,566.2865600585938,0.039490193128585815,551.0643310546875,588.4368286132812,0.07960590720176697,605.2288208007812,569.8246459960938,0.9992715716362,604.392822265625,572.0481567382812,0.0335044264793396,254.059326171875,579.7990112304688,0.019440770149230957,630.5997314453125,550.2938232421875,0.5230653882026672,556.8417358398438,555.93115234375,0.00673288106918335
999,289.5515441894531,478.8800354003906,0.9999752044677734,1004.2877807617188,52.60807800292969,0.05667424201965332,793.5108032226562,558.9925537109375,0.999528169631958,555.0449829101562,565.12451171875,0.9981168508529663,508.8913879394531,590.7459106445312,0.9990730285644531,557.1964111328125,566.6290283203125,0.03149038553237915,550.7478637695312,588.6015625,0.06493628025054932,604.8856201171875,570.2620849609375,0.9993634223937988,604.10400390625,572.3541870117188,0.03195065259933472,253.71566772460938,579.6076049804688,0.026962637901306152,631.2559204101562,550.0635986328125,0.6184139251708984,556.8993530273438,556.0760498046875,0.006228595972061157
1000,289.5291442871094,479.0105895996094,0.9999748468399048,1004.2653198242188,52.19758224487305,0.06616762280464172,793.9268798828125,558.8863525390625,0.9992895126342773,553.7650146484375,564.8187866210938,0.9976382255554199,508.9076232910156,590.960693359375,0.9989522695541382,556.827392578125,566.640625,0.036945730447769165,551.0433959960938,588.72021484375,0.09459805488586426,604.7296752929688,570.0105590820312,0.9994057416915894,603.87255859375,572.27294921875,0.03139263391494751,253.61602783203125,579.6088256835938,0.023382246494293213,631.0694580078125,549.582763671875,0.70058274269104,556.979248046875,556.0123901367188,0.006480216979980469
1001,289.4358825683594,478.9515686035156,0.9999731779098511,1004.154541015625,52.279762268066406,0.04426932334899902,793.413330078125,558.979736328125,0.9995201826095581,555.3428955078125,565.4359130859375,0.9981215000152588,508.87811279296875,590.5551147460938,0.9987603425979614,557.8185424804688,566.4717407226562,0.029214173555374146,550.8717651367188,588.32177734375,0.07404360175132751,604.8453979492188,570.107666015625,0.9993655681610107,604.1923828125,572.2537841796875,0.024899840354919434,253.1083221435547,579.1581420898438,0.022556781768798828,631.33154296875,550.1258544921875,0.5025896430015564,557.1422729492188,556.130615234375,0.007218062877655029
1002,289.4125671386719,479.2235412597656,0.9999778270721436,555.7432250976562,554.8707275390625,0.029491156339645386,259.4689636230469,584.8917236328125,0.9993829131126404,555.0309448242188,565.2540283203125,0.998600959777832,508.9450988769531,590.7730102539062,0.9991968274116516,557.44482421875,566.688720703125,0.03299868106842041,550.383544921875,588.791748046875,0.08224684000015259,604.5302734375,570.5698852539062,0.9993776082992554,603.6644287109375,572.3372192382812,0.026415348052978516,252.97119140625,579.2490234375,0.03287264704704285,631.1808471679688,550.3388061523438,0.5584370493888855,556.9959716796875,556.0806274414062,0.006216466426849365
1003,289.3533020019531,479.2072448730469,0.9999693632125854,1004.404052734375,52.843727111816406,0.06670540571212769,793.0922241210938,559.1131591796875,0.999351441860199,555.2959594726562,565.1832885742188,0.9982787370681763,508.8939208984375,590.9130859375,0.9990602135658264,557.5603637695312,566.6492309570312,0.036632418632507324,550.697021484375,588.7554321289062,0.09537246823310852,604.4639892578125,570.443359375,0.9993241429328918,603.5242309570312,572.3410034179688,0.02628791332244873,252.86062622070312,579.220458984375,0.03858160972595215,631.6891479492188,550.10205078125,0.7120100259780884,557.0242309570312,556.1950073242188,0.006334513425827026
1004,289.260986328125,479.2753601074219,0.9999761581420898,1004.0036010742188,51.94590759277344,0.03715020418167114,792.9855346679688,558.56396484375,0.999160647392273,554.83056640625,564.9121704101562,0.9975078105926514,509.12109375,590.432373046875,0.9988831281661987,556.6869506835938,566.5650024414062,0.04342445731163025,553.5624389648438,587.4805908203125,0.1004469096660614,604.8843383789062,570.4107666015625,0.9992567300796509,601.7064819335938,571.2223510742188,0.026856929063796997,251.99154663085938,576.3026123046875,0.04068249464035034,631.5991821289062,549.7973022460938,0.40198570489883423,556.9552001953125,556.0584716796875,0.0058900415897369385
1005,288.96966552734375,479.2151794433594,0.9999731779098511,1004.1590576171875,52.17134094238281,0.054023146629333496,793.1436767578125,559.2472534179688,0.999264121055603,555.521728515625,564.9417724609375,0.9979010820388794,509.33868408203125,590.888671875,0.9989264011383057,557.406005859375,566.611083984375,0.04214540123939514,550.87255859375,588.6842041015625,0.09348750114440918,605.142333984375,570.2388305664062,0.999380350112915,604.2391967773438,572.45751953125,0.029910355806350708,252.50331115722656,578.7721557617188,0.05052369832992554,631.2036743164062,549.95751953125,0.376628577709198,556.9822998046875,556.04248046875,0.006495952606201172
1006,289.0660400390625,479.2887878417969,0.9999775290489197,1004.1388549804688,51.60584259033203,0.040660083293914795,793.3958129882812,558.2138671875,0.9992585182189941,555.170654296875,564.9683837890625,0.9985021352767944,509.0747375488281,590.1385498046875,0.9987891912460327,557.2744750976562,566.5069580078125,0.041415005922317505,553.5728759765625,587.6344604492188,0.08389702439308167,604.8596801757812,570.3279418945312,0.999297022819519,603.8565063476562,572.4489135742188,0.029058068990707397,252.28797912597656,579.0140380859375,0.03551572561264038,631.7381591796875,550.1093139648438,0.4483790397644043,557.064208984375,556.0848388671875,0.005770564079284668
1007,288.94671630859375,479.07415771484375,0.9999731779098511,555.8065185546875,554.9120483398438,0.03104373812675476,793.5390625,559.037353515625,0.9992955923080444,555.11865234375,565.0492553710938,0.9977275133132935,508.94677734375,590.3084716796875,0.9991251230239868,556.9702758789062,566.6821899414062,0.039594560861587524,553.490234375,587.4329223632812,0.07115477323532104,605.3226318359375,570.2215576171875,0.9993458986282349,604.2542114257812,572.406982421875,0.031222164630889893,252.30624389648438,579.1775512695312,0.045183420181274414,631.0726318359375,550.3258056640625,0.43329936265945435,557.0786743164062,556.144287109375,0.006297945976257324
1008,288.926513671875,479.2838439941406,0.9999653100967407,1004.1910400390625,52.51837158203125,0.04606813192367554,257.8587646484375,585.2152709960938,0.9991497993469238,555.32568359375,565.3246459960938,0.9981820583343506,509.19659423828125,590.6334228515625,0.9990357160568237,557.3977661132812,566.6861572265625,0.0358482301235199,551.149658203125,588.7014770507812,0.06656929850578308,604.5327758789062,570.4259643554688,0.9993922710418701,601.5355834960938,571.14013671875,0.02946949005126953,252.1048583984375,579.2831420898438,0.03855973482131958,631.8146362304688,549.691162109375,0.5001020431518555,557.0426025390625,556.1594848632812,0.007404685020446777
1009,288.9900817871094,479.2612609863281,0.9999714493751526,1004.4924926757812,52.76405334472656,0.03617909550666809,258.0169982910156,585.24169921875,0.9991476535797119,555.919189453125,564.888916015625,0.9978793859481812,508.87548828125,590.282958984375,0.9990013241767883,557.6083374023438,566.5049438476562,0.03939107060432434,551.314208984375,588.5018310546875,0.10298207402229309,604.6041870117188,570.3419189453125,0.9993389844894409,603.748779296875,572.2674560546875,0.03013789653778076,251.90342712402344,579.4850463867188,0.03313326835632324,631.870361328125,549.7540283203125,0.467261403799057,557.1928100585938,556.1441650390625,0.006532847881317139
1010,288.8050842285156,479.4060363769531,0.9999699592590332,1004.1171264648438,52.20315933227539,0.07611691951751709,258.25390625,584.9877319335938,0.9994006156921387,555.3287353515625,565.1558227539062,0.9979087114334106,508.9395751953125,590.368408203125,0.9988387227058411,556.8377685546875,566.7642822265625,0.04450693726539612,553.6124267578125,587.5279541015625,0.08616939187049866,604.055419921875,570.485107421875,0.9991127252578735,603.161865234375,572.4305419921875,0.03393179178237915,252.01795959472656,579.4690551757812,0.03297990560531616,631.4480590820312,549.561767578125,0.5684651732444763,557.0648193359375,556.2080078125,0.00565609335899353
1011,288.72760009765625,479.3890686035156,0.9999724626541138,1004.2664794921875,52.2375373840332,0.03761565685272217,257.732177734375,585.0386352539062,0.9992220997810364,555.16796875,565.2858276367188,0.9981702566146851,508.83135986328125,590.7401733398438,0.999069094657898,557.4703979492188,566.3682861328125,0.040542006492614746,553.5234985351562,587.6810302734375,0.08501216769218445,604.4627075195312,570.3899536132812,0.9993120431900024,603.5030517578125,572.3501586914062,0.030654579401016235,251.95571899414062,579.378173828125,0.034480273723602295,631.5377807617188,550.1697998046875,0.5558440089225769,556.9229736328125,556.0140991210938,0.0073265135288238525
1012,288.9053955078125,479.4818115234375,0.9999709725379944,555.9481201171875,554.4939575195312,0.030985027551651,257.40576171875,585.3659057617188,0.9993884563446045,555.3384399414062,564.9244384765625,0.9974077939987183,508.52984619140625,590.5296630859375,0.9992450475692749,556.6585693359375,566.5288696289062,0.053187400102615356,551.3392333984375,588.6272583007812,0.07486245036125183,603.9846801757812,570.5716552734375,0.9991204738616943,601.1644897460938,571.318603515625,0.03848767280578613,251.67242431640625,579.6836547851562,0.03385785222053528,631.2832641601562,550.1754760742188,0.5548754930496216,556.9744873046875,556.0782470703125,0.005235344171524048
1013,288.6379089355469,479.3609924316406,0.9999725222587585,1004.596435546875,52.68946838378906,0.03139913082122803,793.460205078125,559.0714721679688,0.9992383718490601,555.083984375,565.1689453125,0.9980171918869019,508.7013244628906,590.5173950195312,0.9990478754043579,556.9149780273438,566.647705078125,0.04609164595603943,551.1046142578125,588.7742309570312,0.08148151636123657,604.8433227539062,570.2462158203125,0.9992585778236389,601.7705078125,571.2425537109375,0.03147116303443909,251.73451232910156,579.388916015625,0.04198557138442993,631.18603515625,550.1920166015625,0.46117693185806274,557.0060424804688,556.1404418945312,0.006131947040557861
1014,288.6601867675781,479.17724609375,0.9999719858169556,555.6802978515625,555.006103515625,0.03543579578399658,257.3079528808594,584.7651977539062,0.9993675351142883,555.2269897460938,565.0961303710938,0.9976680278778076,508.7612609863281,590.3377685546875,0.9988741874694824,557.0859985351562,566.48388671875,0.040627241134643555,550.9191284179688,588.4974365234375,0.07846230268478394,605.1484375,569.9913940429688,0.9993634223937988,603.8511352539062,572.5057983398438,0.030362188816070557,251.5187530517578,579.4357299804688,0.03121846914291382,632.0545654296875,549.8370971679688,0.43228933215141296,556.9308471679688,555.9682006835938,0.00632140040397644
1015,288.4977722167969,479.15960693359375,0.999975860118866,1004.7154541015625,52.6857795715332,0.035997629165649414,256.9346008300781,585.1697998046875,0.999255895614624,555.2429809570312,565.354248046875,0.9984043836593628,509.39337158203125,590.3081665039062,0.9987375736236572,557.4780883789062,566.5137939453125,0.037083446979522705,550.804443359375,588.5009155273438,0.06283879280090332,605.451904296875,570.364013671875,0.9991732835769653,604.211181640625,572.614501953125,0.03424495458602905,250.9671173095703,579.6082153320312,0.027580738067626953,631.9471435546875,549.9783935546875,0.540639340877533,556.9567260742188,556.1543579101562,0.006680399179458618
1016,288.67572021484375,479.067626953125,0.9999690055847168,1004.3311157226562,52.66286087036133,0.03346320986747742,258.9891357421875,586.447021484375,0.9995425939559937,555.1575317382812,565.1272583007812,0.9981124401092529,509.30902099609375,590.0699462890625,0.9985935688018799,556.7044067382812,566.6550903320312,0.05090069770812988,553.7821044921875,587.5294189453125,0.08211711049079895,604.8175659179688,570.6746215820312,0.9990590810775757,601.5505981445312,571.3425903320312,0.03515267372131348,251.31602478027344,579.5786743164062,0.02155432105064392,631.769287109375,550.1644897460938,0.555202066898346,556.8427734375,556.140869140625,0.005912750959396362
1017,288.5834045410156,479.02569580078125,0.9999749660491943,555.8571166992188,555.1718139648438,0.03665420413017273,257.8183288574219,586.3701782226562,0.99945068359375,553.3919677734375,564.7777709960938,0.9972513914108276,508.68634033203125,590.2412109375,0.9989347457885742,556.6165161132812,566.4072875976562,0.042656123638153076,551.238037109375,588.454345703125,0.09737345576286316,605.4989013671875,570.4359130859375,0.9991296529769897,604.1453247070312,572.8158569335938,0.029096394777297974,251.3954315185547,579.4940185546875,0.028479546308517456,632.408203125,549.7816162109375,0.4054252505302429,556.8370361328125,556.0533447265625,0.007287204265594482
1018,288.66259765625,478.93670654296875,0.9999718070030212,1004.1984252929688,52.735626220703125,0.034224241971969604,257.6922302246094,586.3536376953125,0.9992496967315674,553.797119140625,564.8910522460938,0.9972997903823853,508.8890686035156,590.3479614257812,0.9985129833221436,556.0980834960938,566.6336669921875,0.06582015752792358,551.4964599609375,588.46923828125,0.095223069190979,605.2378540039062,570.0635986328125,0.9992207288742065,601.9100341796875,571.110595703125,0.04029524326324463,251.3140869140625,579.6217041015625,0.032713234424591064,631.24169921875,549.9976196289062,0.3225020170211792,556.738037109375,555.9944458007812,0.006208568811416626
1019,288.5169372558594,479.13372802734375,0.999976634979248,1003.7583618164062,52.695335388183594,0.06532686948776245,257.93121337890625,586.1192626953125,0.9992964267730713,555.046142578125,565.1719970703125,0.9983208179473877,508.88006591796875,590.2305297851562,0.9989196062088013,556.792236328125,566.5399780273438,0.048089027404785156,550.8458251953125,588.576416015625,0.07251518964767456,604.8613891601562,570.1445922851562,0.9992885589599609,601.8206787109375,571.4049072265625,0.0392301082611084,251.40965270996094,579.2520141601562,0.027879774570465088,631.8035888671875,549.7650756835938,0.35382896661758423,556.9119262695312,556.0385131835938,0.005966216325759888
1020,288.4989318847656,478.8623962402344,0.9999775886535645,556.0144653320312,554.8787841796875,0.03360253572463989,257.33160400390625,585.3386840820312,0.9992532730102539,554.7957763671875,565.3410034179688,0.997816264629364,508.8641662597656,590.3897094726562,0.9988501071929932,556.9193725585938,566.5122680664062,0.041635334491729736,551.1790161132812,588.536865234375,0.08021149039268494,605.3102416992188,570.428466796875,0.9990890622138977,601.8250732421875,571.367919921875,0.03171384334564209,250.894287109375,576.576416015625,0.025597840547561646,632.1565551757812,550.5369873046875,0.3824862837791443,556.8795166015625,556.1015014648438,0.006683379411697388
1021,288.502197265625,478.7956848144531,0.9999732375144958,555.8997802734375,554.6061401367188,0.03239858150482178,257.8632507324219,585.490234375,0.9994032979011536,555.5465698242188,564.9100341796875,0.9981715679168701,509.298095703125,590.2290649414062,0.9986143112182617,557.5430908203125,566.3353271484375,0.04457256197929382,551.361083984375,588.5933837890625,0.08070966601371765,604.7819213867188,570.532958984375,0.9991707801818848,601.6376953125,571.5731811523438,0.03349733352661133,251.59861755371094,578.9957275390625,0.03197270631790161,631.160400390625,550.3750610351562,0.4494950771331787,557.0263061523438,556.085693359375,0.006403833627700806
1022,288.48876953125,478.7054138183594,0.9999639987945557,555.9358520507812,554.720703125,0.03024408221244812,258.462646484375,585.7329711914062,0.9994137287139893,555.479736328125,565.2656860351562,0.9988590478897095,509.31134033203125,590.1314697265625,0.9991112351417542,557.72314453125,566.3690185546875,0.042365849018096924,550.5841674804688,588.6873779296875,0.06669574975967407,604.5845336914062,570.712890625,0.9990950226783752,601.3380126953125,571.6323852539062,0.031320661306381226,251.7987518310547,579.3564453125,0.030803531408309937,632.1044311523438,550.0481567382812,0.7073768973350525,557.0606079101562,556.1968994140625,0.006548941135406494
1023,288.4942626953125,478.9102783203125,0.999964714050293,556.0721435546875,554.6826171875,0.03145116567611694,257.44854736328125,585.414794921875,0.9991945624351501,555.0775756835938,565.4793701171875,0.9983230829238892,509.2218322753906,590.3648681640625,0.9989038705825806,557.0542602539062,566.7849731445312,0.05080428719520569,551.239501953125,588.8406372070312,0.0834297239780426,604.7276611328125,570.8259887695312,0.9989551305770874,601.4752807617188,571.741943359375,0.03118392825126648,251.22848510742188,579.1016845703125,0.026506364345550537,632.07763671875,550.5653686523438,0.6515399813652039,556.9976196289062,556.151123046875,0.006810277700424194
1024,288.4490051269531,478.7900085449219,0.9999665021896362,254.9918670654297,580.4869384765625,0.033410102128982544,257.5672302246094,585.5707397460938,0.9994469285011292,554.5682983398438,565.3658447265625,0.997667670249939,509.05078125,590.6595458984375,0.9989616870880127,556.407470703125,566.9368286132812,0.0535065233707428,550.8806762695312,588.8352661132812,0.086529940366745,604.7431640625,570.8097534179688,0.9987251162528992,601.4223022460938,571.6875,0.031288981437683105,251.4212188720703,579.0479125976562,0.033202528953552246,631.3567504882812,550.2907104492188,0.5571621060371399,556.8934936523438,556.1618041992188,0.006177276372909546
1025,288.6049499511719,478.9263916015625,0.9999625086784363,555.9481201171875,554.6964721679688,0.03405791521072388,257.1396179199219,585.3724365234375,0.9993060827255249,555.1968383789062,565.507080078125,0.9986894130706787,508.6040344238281,591.1307983398438,0.9990639686584473,557.678466796875,566.75830078125,0.03991398215293884,550.7088623046875,588.97412109375,0.07253086566925049,604.9683837890625,570.7317504882812,0.9991798400878906,603.6063232421875,572.9503784179688,0.027222096920013428,251.1024169921875,579.0389404296875,0.027743667364120483,632.0353393554688,549.8572998046875,0.5556680560112,557.0418090820312,556.0938110351562,0.006697565317153931
1026,288.4888610839844,478.7501525878906,0.9999611377716064,1004.2235717773438,52.3331298828125,0.033516138792037964,256.0599365234375,584.5758056640625,0.999255895614624,554.4539184570312,565.3885498046875,0.9980579614639282,508.73291015625,590.71728515625,0.9991024732589722,556.7147827148438,566.867431640625,0.051211535930633545,550.77490234375,588.982421875,0.09086975455284119,604.664306640625,570.696044921875,0.9991607666015625,601.096435546875,571.6740112304688,0.029203951358795166,250.21734619140625,576.0225219726562,0.028669506311416626,631.9918823242188,550.1746215820312,0.595201849937439,556.9656982421875,556.1893920898438,0.006295830011367798
1027,288.34283447265625,478.8502502441406,0.9999548196792603,254.81338500976562,579.9085083007812,0.04061576724052429,257.2743225097656,584.956298828125,0.9995222687721252,554.6854248046875,565.331298828125,0.9974048137664795,508.73638916015625,590.9407958984375,0.9985677003860474,556.649169921875,566.685302734375,0.06261134147644043,550.9893798828125,588.7942504882812,0.12749141454696655,604.935302734375,570.6443481445312,0.9989826083183289,601.492431640625,571.5445556640625,0.036926597356796265,251.1930694580078,578.69775390625,0.031846433877944946,631.9528198242188,550.1720581054688,0.3280344605445862,556.8027954101562,556.1448364257812,0.007292658090591431
1028,288.113037109375,478.8955078125,0.9999626874923706,1004.4136352539062,52.5069465637207,0.05191534757614136,257.061279296875,585.1806030273438,0.9992067813873291,555.0869140625,565.2908935546875,0.998552680015564,508.9989013671875,590.2681274414062,0.9987088441848755,557.4569702148438,566.4652099609375,0.040665388107299805,551.19677734375,588.9813842773438,0.0710163414478302,604.4468994140625,570.7581787109375,0.9990432262420654,601.241455078125,571.4692993164062,0.02783447504043579,251.28256225585938,579.0834350585938,0.02937653660774231,631.2241821289062,550.64599609375,0.6652681827545166,557.0072631835938,556.142333984375,0.006715297698974609
1029,288.26312255859375,479.1080627441406,0.9999622106552124,1003.8531494140625,51.78292465209961,0.059993088245391846,256.759033203125,584.695556640625,0.999559223651886,555.5249633789062,565.1516723632812,0.9987293481826782,509.14056396484375,590.227783203125,0.9987122416496277,557.7172241210938,566.3970947265625,0.03661912679672241,550.59765625,588.7182006835938,0.05947205424308777,604.7657470703125,570.956787109375,0.9990379810333252,601.3511962890625,571.9113159179688,0.026430398225784302,250.71957397460938,578.637451171875,0.01575484871864319,632.2567138671875,550.312255859375,0.660967230796814,557.033447265625,556.0610961914062,0.005975663661956787
1030,288.15960693359375,478.9375305175781,0.9999657869338989,1004.3043823242188,52.52812957763672,0.03109261393547058,257.1023864746094,584.5922241210938,0.9996471405029297,554.8717041015625,565.4595336914062,0.9982770085334778,509.56292724609375,590.4326782226562,0.9986255764961243,557.0463256835938,566.89306640625,0.04505115747451782,551.1239624023438,588.876220703125,0.062137752771377563,603.977783203125,570.9594116210938,0.9990938901901245,600.7216796875,571.7838134765625,0.029329687356948853,251.12228393554688,578.7200927734375,0.021154135465621948,631.8927001953125,550.1723022460938,0.6929302215576172,556.9674682617188,556.172607421875,0.006186485290527344
1031,288.1656188964844,478.9323425292969,0.999958336353302,1003.9794311523438,52.34425735473633,0.07607412338256836,256.0001220703125,584.5348510742188,0.999294638633728,555.4879760742188,565.3422241210938,0.9983745217323303,509.8124084472656,590.3466186523438,0.9984973073005676,557.5252685546875,566.786376953125,0.043982118368148804,550.6845703125,588.9478759765625,0.08576792478561401,604.9874267578125,570.757568359375,0.999103307723999,603.5634765625,572.7720336914062,0.029610276222229004,250.8062744140625,578.7852783203125,0.021578222513198853,632.367431640625,550.1480712890625,0.7074376344680786,557.1689453125,556.2665405273438,0.005981564521789551
1032,288.0929260253906,478.7196350097656,0.9999545812606812,1004.4017944335938,52.0216064453125,0.06087818741798401,253.20240783691406,583.837158203125,0.9992619156837463,555.0253295898438,565.130126953125,0.9970827698707581,509.347900390625,590.3854370117188,0.9988692998886108,556.4522705078125,566.6504516601562,0.04888653755187988,551.4104614257812,588.5508422851562,0.07449802756309509,604.5658569335938,570.9849243164062,0.998691737651825,601.1607666015625,571.6016845703125,0.034598469734191895,249.6007843017578,576.5180053710938,0.023015856742858887,632.2523193359375,550.3089599609375,0.785605788230896,556.8811645507812,556.1576538085938,0.00636330246925354
1033,288.30426025390625,478.8329162597656,0.9999542236328125,254.45864868164062,579.6784057617188,0.037445276975631714,256.39300537109375,584.935791015625,0.9995038509368896,554.6168212890625,565.2303466796875,0.9977751970291138,509.47186279296875,590.0330810546875,0.9981898069381714,556.625,566.7631225585938,0.06237199902534485,553.4999389648438,587.7677001953125,0.11308562755584717,604.6171264648438,570.7789916992188,0.9988986253738403,601.383544921875,571.4661254882812,0.030103623867034912,250.25979614257812,576.624755859375,0.021810382604599,632.1959228515625,550.3129272460938,0.7330443263053894,556.9222412109375,556.1686401367188,0.006963133811950684
1034,288.0888977050781,478.6816101074219,0.9999443292617798,556.2218627929688,554.7349853515625,0.031894415616989136,256.27886962890625,584.6486206054688,0.9994400143623352,554.7766723632812,565.5099487304688,0.997435450553894,509.2569885253906,590.623046875,0.9982285499572754,556.6766967773438,567.041748046875,0.053741782903671265,551.0736083984375,588.5572509765625,0.10544177889823914,604.826171875,570.7291870117188,0.9987187385559082,601.5985717773438,571.490478515625,0.031130492687225342,250.6757049560547,578.4640502929688,0.018118470907211304,632.4383544921875,550.1575317382812,0.7332007884979248,556.8486938476562,556.1866455078125,0.006565511226654053
1035,287.88824462890625,478.5984802246094,0.9999511241912842,1003.9168701171875,52.75867462158203,0.06986761093139648,253.82626342773438,583.7279052734375,0.9992168545722961,554.8710327148438,565.1290893554688,0.9975965023040771,509.3613586425781,590.5582275390625,0.9987953305244446,556.9262084960938,566.602783203125,0.04799041152000427,551.3724975585938,588.5769653320312,0.09538915753364563,605.2689208984375,570.7758178710938,0.9987431168556213,601.9281616210938,571.4031372070312,0.029167234897613525,250.05886840820312,576.39501953125,0.017859846353530884,632.29150390625,550.1983642578125,0.8001750707626343,556.9263916015625,556.126953125,0.006340235471725464
1036,287.7649841308594,478.3959655761719,0.9999415874481201,1003.9054565429688,53.205078125,0.05886727571487427,253.21180725097656,583.22119140625,0.9993627667427063,555.2399291992188,565.69189453125,0.9982137680053711,509.02435302734375,591.6829223632812,0.9992177486419678,557.3322143554688,567.10107421875,0.05025076866149902,553.3526000976562,587.9706420898438,0.09014785289764404,605.1483154296875,570.8870849609375,0.998600959777832,604.0115966796875,572.9810180664062,0.02835029363632202,250.05789184570312,578.0267944335938,0.013822376728057861,631.6754150390625,551.354248046875,0.7544128894805908,556.9047241210938,556.2952270507812,0.006909430027008057
1037,287.3320617675781,477.38397216796875,0.9999341368675232,556.0521850585938,554.7481689453125,0.033161669969558716,793.3380737304688,558.8768920898438,0.9992908239364624,555.2433471679688,565.5217895507812,0.998238205909729,509.2940673828125,590.6055297851562,0.9985933303833008,557.1929931640625,566.9155883789062,0.04587942361831665,551.02099609375,588.575927734375,0.08825722336769104,605.0040283203125,571.0767211914062,0.998726487159729,601.2640380859375,572.03759765625,0.0296381413936615,249.30702209472656,576.2139892578125,0.015337258577346802,632.7550659179688,550.2274169921875,0.6763399839401245,556.7546997070312,556.2496948242188,0.00669136643409729
1038,287.54547119140625,478.339599609375,0.9999357461929321,1003.8768310546875,53.08055114746094,0.055963099002838135,253.4425048828125,583.3990478515625,0.9993082284927368,554.865234375,565.6249389648438,0.9981541633605957,508.9727783203125,591.6026000976562,0.9987425208091736,556.8916625976562,567.0496215820312,0.0519464910030365,553.3832397460938,587.854248046875,0.10211214423179626,604.7883911132812,570.8998413085938,0.9986785054206848,601.3987426757812,571.6132202148438,0.027594298124313354,249.4204864501953,576.0800170898438,0.022151947021484375,631.85009765625,550.548095703125,0.7113237380981445,556.8948364257812,556.2978515625,0.005542755126953125
1039,287.2275695800781,477.47314453125,0.9999295473098755,1004.0635986328125,52.39304733276367,0.042149513959884644,252.91946411132812,582.49951171875,0.9992599487304688,555.0518798828125,565.2055053710938,0.9981839060783386,509.094970703125,590.8914794921875,0.9988480806350708,556.8265991210938,566.6775512695312,0.06145671010017395,551.1102905273438,588.7322387695312,0.11314544081687927,604.873291015625,570.7372436523438,0.9986692667007446,601.3934936523438,571.6769409179688,0.03020656108856201,249.690673828125,575.4945678710938,0.021952807903289795,631.8128662109375,550.7822265625,0.6815017461776733,556.8809204101562,556.178466796875,0.006137639284133911
1040,287.1648254394531,477.3415832519531,0.9999343156814575,1004.2176513671875,52.5700798034668,0.04829764366149902,252.5453643798828,582.8167114257812,0.9992552995681763,555.0526123046875,565.3534545898438,0.9981838464736938,509.2267761230469,590.4424438476562,0.9987450838088989,556.895751953125,566.867431640625,0.04579108953475952,551.6426391601562,588.8011474609375,0.09216290712356567,604.421875,570.7831420898438,0.9985141158103943,601.1734008789062,571.701416015625,0.025785118341445923,249.41552734375,575.9520263671875,0.021726548671722412,632.2496337890625,551.1736450195312,0.7132275104522705,556.85107421875,556.2030029296875,0.005621135234832764
1041,287.1156311035156,477.5431823730469,0.99993896484375,442.4837646484375,570.4388427734375,0.1378249228000641,252.66030883789062,582.7008666992188,0.9994645714759827,554.9840087890625,565.2670288085938,0.9971361756324768,509.2151794433594,590.3326416015625,0.9985401630401611,556.9991455078125,566.7733764648438,0.04670703411102295,551.4232788085938,588.5900268554688,0.0884198248386383,604.6012573242188,571.0985717773438,0.9985992908477783,601.13818359375,571.8707275390625,0.028050601482391357,248.96070861816406,575.7520141601562,0.017994791269302368,631.9859619140625,550.7918090820312,0.7798487544059753,556.81396484375,556.1438598632812,0.0063057541847229
1042,286.9934997558594,477.4394836425781,0.999945342540741,443.0533752441406,570.3726806640625,0.05566278100013733,251.1002960205078,582.1533813476562,0.9994896650314331,554.8609008789062,565.6670532226562,0.9979432821273804,508.79180908203125,591.0003662109375,0.9991844892501831,556.6476440429688,567.0540771484375,0.051994889974594116,551.1573486328125,588.7590942382812,0.09474515914916992,604.282470703125,571.1574096679688,0.998188853263855,601.1514282226562,571.7058715820312,0.037873685359954834,248.45513916015625,575.2274169921875,0.012150377035140991,631.9147338867188,551.1414184570312,0.8521990776062012,556.8954467773438,556.165283203125,0.00541272759437561
1043,287.15008544921875,477.2542724609375,0.9999428987503052,1003.8819580078125,52.16153335571289,0.10827338695526123,794.0098876953125,558.8580932617188,0.999187707901001,554.9453125,565.5890502929688,0.9979212284088135,509.1554260253906,590.6542358398438,0.9987491369247437,557.20556640625,566.8430786132812,0.04374498128890991,551.1240844726562,588.5259399414062,0.11213651299476624,605.1387939453125,570.9267578125,0.9981686472892761,603.7963256835938,572.934326171875,0.029616862535476685,249.09996032714844,575.9064331054688,0.01303553581237793,631.9559326171875,550.8526611328125,0.6191323399543762,556.732421875,556.1408081054688,0.005789637565612793
1044,287.11383056640625,477.15521240234375,0.9999334812164307,556.2456665039062,554.8277587890625,0.03271070122718811,251.02659606933594,582.2724609375,0.99934983253479,553.4857788085938,564.8402099609375,0.9955940246582031,508.927490234375,590.39111328125,0.9988306760787964,555.765869140625,566.7517700195312,0.06948345899581909,554.081787109375,587.6134033203125,0.09019336104393005,605.3313598632812,570.3187255859375,0.9988614320755005,601.6820678710938,571.1798706054688,0.03257793188095093,248.8031768798828,575.7122802734375,0.01355677843093872,631.5989379882812,551.0917358398438,0.6417171359062195,556.6220703125,556.2097778320312,0.005758613348007202
1045,287.0856628417969,477.090576171875,0.9999280571937561,556.2264404296875,554.8539428710938,0.03498956561088562,250.92689514160156,581.7664794921875,0.9992480278015137,553.1517944335938,565.0040283203125,0.9962013363838196,509.38519287109375,590.6736450195312,0.9985231757164001,556.196533203125,566.879638671875,0.058190733194351196,553.6231079101562,587.694091796875,0.12491127848625183,604.4921264648438,570.7306518554688,0.9985718131065369,600.9848022460938,571.568115234375,0.0270213782787323,248.63265991210938,575.4371948242188,0.011797100305557251,631.6142578125,550.261474609375,0.7628859281539917,556.5563354492188,556.1692504882812,0.00669628381729126
1046,287.0284423828125,477.3077392578125,0.9999284744262695,1004.0953369140625,52.42375946044922,0.043758541345596313,250.11521911621094,581.6712036132812,0.9993420243263245,553.29150390625,565.1158447265625,0.9963961839675903,509.4599304199219,590.548828125,0.9983453750610352,556.6210327148438,566.7512817382812,0.057594090700149536,551.5628662109375,588.7091064453125,0.10996156930923462,604.9332275390625,570.738037109375,0.9988566637039185,601.37939453125,571.44677734375,0.031037896871566772,551.2999267578125,559.6478271484375,0.01213124394416809,631.5949096679688,550.27734375,0.6625921130180359,556.5859375,556.1409912109375,0.0070878565311431885
1047,287.0549621582031,477.3206787109375,0.9999170303344727,556.05224609375,554.7254638671875,0.0301954448223114,251.31130981445312,581.6941528320312,0.9993364810943604,554.598876953125,565.226318359375,0.9974697828292847,509.8385925292969,589.8386840820312,0.9984768629074097,556.6805419921875,566.8126831054688,0.04749941825866699,551.2787475585938,588.6181030273438,0.09077480435371399,604.9974365234375,570.8204956054688,0.999123215675354,601.2799682617188,571.7159423828125,0.02304208278656006,551.3972778320312,559.4625854492188,0.010125279426574707,631.8548583984375,549.957275390625,0.5593641996383667,556.7594604492188,556.152099609375,0.006286025047302246
1048,287.0155334472656,477.0443420410156,0.9999202489852905,227.8668670654297,545.7024536132812,0.05624154210090637,251.3356475830078,581.4451904296875,0.999344527721405,553.34033203125,565.02001953125,0.997638463973999,509.3858337402344,590.5969848632812,0.9986929893493652,556.184326171875,566.8236083984375,0.0611153244972229,553.3638305664062,587.8139038085938,0.14382994174957275,604.3687744140625,571.250732421875,0.9986659288406372,601.0396728515625,571.7311401367188,0.031636059284210205,576.1463623046875,566.7513427734375,0.010383754968643188,632.286865234375,550.8572998046875,0.7282627820968628,556.8347778320312,556.0333862304688,0.006172269582748413
1049,286.96923828125,476.8717041015625,0.9999076128005981,1004.2594604492188,52.83445739746094,0.04457244277000427,251.80386352539062,581.4869384765625,0.999315619468689,553.4237670898438,565.3356323242188,0.9977223873138428,508.5997009277344,590.765625,0.9991620779037476,556.2321166992188,566.9547119140625,0.05173876881599426,553.35595703125,587.8546142578125,0.11408960819244385,604.5233764648438,571.1940307617188,0.9989248514175415,601.1770629882812,571.7921752929688,0.03054484724998474,551.69775390625,559.46875,0.009681642055511475,632.6080322265625,550.2212524414062,0.850622296333313,556.7730712890625,556.073974609375,0.0063356757164001465
1050,286.8368225097656,477.0680236816406,0.9998933672904968,1003.8040161132812,52.774776458740234,0.056090712547302246,250.08705139160156,580.9251708984375,0.9994828701019287,553.3164672851562,565.2101440429688,0.9959902763366699,509.3467102050781,590.3572998046875,0.9984237551689148,556.0443725585938,566.9271240234375,0.061338722705841064,551.9461669921875,588.8052368164062,0.1012851893901825,604.6123657226562,570.6332397460938,0.9989771842956543,601.2919311523438,571.5281372070312,0.03156542778015137,551.55859375,559.8336791992188,0.011671483516693115,632.29833984375,550.4885864257812,0.7995173931121826,556.590087890625,556.0881958007812,0.006320089101791382
1051,286.8470764160156,476.96826171875,0.9999176263809204,556.5186767578125,554.8359375,0.034030407667160034,249.2509765625,580.7423095703125,0.9994834661483765,553.4845581054688,565.059814453125,0.997262716293335,509.3316650390625,590.5069580078125,0.9990132451057434,556.457763671875,566.6168823242188,0.04792621731758118,553.2069702148438,587.7329711914062,0.11056587100028992,604.163818359375,570.9822387695312,0.9988242983818054,600.97607421875,571.6246948242188,0.031713008880615234,551.7020263671875,559.4811401367188,0.011712908744812012,631.83349609375,550.8961181640625,0.6821838617324829,556.74755859375,556.1630249023438,0.006678968667984009
1052,286.7995300292969,476.87255859375,0.9998732209205627,556.2769165039062,554.5313720703125,0.03168386220932007,249.62237548828125,580.795654296875,0.9995983839035034,553.311279296875,565.0377197265625,0.9972643852233887,508.6607971191406,590.99462890625,0.9992493391036987,555.8801879882812,566.7744750976562,0.05802386999130249,553.2567138671875,587.8229370117188,0.11135351657867432,604.7048950195312,570.770263671875,0.9989126324653625,601.4486694335938,571.3474731445312,0.03610563278198242,551.5914916992188,559.4765014648438,0.009503036737442017,632.104248046875,550.35888671875,0.6215559244155884,556.7777099609375,555.96484375,0.005927026271820068
1053,286.68115234375,476.5437927246094,0.9998763799667358,1003.9535522460938,52.9443473815918,0.03031197190284729,249.3354949951172,580.8016357421875,0.9996553659439087,554.8858642578125,564.9276123046875,0.9959554672241211,508.69500732421875,591.3458251953125,0.9990944862365723,556.4705810546875,566.4659423828125,0.054165154695510864,553.5853881835938,587.7189331054688,0.1215035617351532,604.8883056640625,570.7999877929688,0.9985321164131165,601.2756958007812,571.4168701171875,0.031037241220474243,551.5280151367188,559.5655517578125,0.009120762348175049,631.9042358398438,550.6567993164062,0.5215317010879517,556.7410888671875,556.2196044921875,0.005856961011886597
1054,286.7275695800781,476.424560546875,0.9998978972434998,555.9263305664062,554.7926025390625,0.02967393398284912,249.52133178710938,580.4088134765625,0.9996377229690552,553.6807250976562,564.8352661132812,0.9965804815292358,509.6380615234375,590.2553100585938,0.9984630346298218,556.1671142578125,566.7422485351562,0.057761430740356445,553.494140625,587.5626831054688,0.11958706378936768,605.0104370117188,570.6778564453125,0.9986908435821533,601.8793334960938,571.3734130859375,0.0329994261264801,551.4890747070312,559.4882202148438,0.010234147310256958,632.0281372070312,550.4179077148438,0.5671091079711914,556.7987060546875,556.2500610351562,0.0064595043659210205
1055,286.9161682128906,476.2988586425781,0.9998738169670105,556.352294921875,554.7943115234375,0.03161811828613281,248.75999450683594,580.443359375,0.9996523857116699,553.1739501953125,564.9623413085938,0.9966435432434082,509.15081787109375,590.6166381835938,0.9985784292221069,555.54296875,566.6586303710938,0.06608787178993225,554.2886962890625,587.7896728515625,0.13729944825172424,605.5964965820312,570.4232177734375,0.9988464117050171,601.95458984375,571.1787109375,0.03434380888938904,552.1259155273438,559.420166015625,0.010375887155532837,632.2552490234375,549.9199829101562,0.6273127794265747,556.6917114257812,556.16845703125,0.006043851375579834
1056,286.3228454589844,476.3809814453125,0.9998507499694824,1004.557861328125,52.22698211669922,0.04695391654968262,248.4180145263672,580.3243408203125,0.9997279644012451,553.08349609375,565.0466918945312,0.9962563514709473,509.30462646484375,590.6648559570312,0.9990431666374207,555.7650146484375,566.841064453125,0.054602473974227905,553.5997924804688,587.59521484375,0.10265681147575378,604.658935546875,570.4505004882812,0.9989001750946045,601.3440551757812,571.3824462890625,0.034082889556884766,552.0882568359375,559.6510620117188,0.00937393307685852,632.58056640625,550.617431640625,0.6327963471412659,556.6012573242188,556.1610107421875,0.005593091249465942
1057,286.392578125,476.1691589355469,0.9998864531517029,556.2613525390625,555.2672119140625,0.02824324369430542,248.6476593017578,580.61083984375,0.999626874923706,553.5152587890625,565.057373046875,0.9959729909896851,510.0453186035156,589.7333984375,0.9981799125671387,556.2718505859375,567.0859375,0.04558911919593811,553.3340454101562,587.4578247070312,0.1140688955783844,605.2213134765625,570.5255737304688,0.9988254904747009,604.2744750976562,572.6366577148438,0.02539113163948059,552.0502319335938,559.6210327148438,0.009918302297592163,632.3038940429688,550.6005249023438,0.6297014355659485,556.7473754882812,556.2532348632812,0.0056105852127075195
1058,286.212890625,475.9991760253906,0.9998517036437988,1004.0052490234375,53.08560562133789,0.044855356216430664,248.89059448242188,580.0867919921875,0.999656081199646,554.93994140625,564.819580078125,0.996796727180481,509.5841369628906,590.843994140625,0.9987825751304626,556.7978515625,566.569091796875,0.048658668994903564,553.3057861328125,587.4441528320312,0.10462859272956848,604.9403686523438,570.7877807617188,0.9989000558853149,601.265625,571.7090454101562,0.02577093243598938,551.7108154296875,559.2217407226562,0.009479731321334839,632.8143920898438,550.2182006835938,0.6484173536300659,556.9063720703125,556.180419921875,0.0057585835456848145
1059,286.2674865722656,476.11883544921875,0.9998663663864136,1003.9907836914062,52.98171615600586,0.06206697225570679,248.67201232910156,579.6016845703125,0.9997889995574951,555.1295776367188,564.6922607421875,0.9959398508071899,509.4648132324219,590.9613037109375,0.9983218908309937,556.7605590820312,566.4367065429688,0.04784911870956421,552.12744140625,588.5730590820312,0.09780758619308472,605.0012817382812,570.6102294921875,0.9985518455505371,601.2734985351562,571.293212890625,0.02941557765007019,551.7527465820312,559.5504150390625,0.010801970958709717,632.6939086914062,550.4529418945312,0.5936580896377563,556.8212280273438,556.3026733398438,0.0062566399574279785
1060,286.20770263671875,476.0624084472656,0.9998536109924316,1004.380126953125,53.14015197753906,0.04289314150810242,248.35841369628906,579.0867309570312,0.9997352361679077,555.1301879882812,565.0518798828125,0.9970173239707947,509.5597229003906,590.5060424804688,0.9982516765594482,556.9089965820312,566.6797485351562,0.0404667854309082,552.1106567382812,588.72314453125,0.08928316831588745,605.0674438476562,570.3817138671875,0.9991815090179443,604.1307983398438,572.7023315429688,0.021852701902389526,244.93846130371094,571.2373046875,0.012076914310455322,633.142822265625,550.5799560546875,0.5972868204116821,556.9618530273438,556.2250366210938,0.005500108003616333
1061,286.0702209472656,475.7774963378906,0.9998195171356201,1004.3497314453125,52.38557434082031,0.04661989212036133,248.1748504638672,579.3114013671875,0.9996622800827026,555.385498046875,564.976318359375,0.9969131946563721,510.0890197753906,590.016357421875,0.9975141286849976,557.1682739257812,566.7692260742188,0.04512596130371094,551.8804321289062,588.5986328125,0.08184036612510681,604.8524780273438,570.5540771484375,0.9991258978843689,603.9953002929688,572.5278930664062,0.02598482370376587,551.2861938476562,559.6425170898438,0.01201370358467102,632.3974609375,550.9155883789062,0.4457303583621979,556.8001098632812,556.2718505859375,0.0067303478717803955
1062,285.7935485839844,475.4900817871094,0.9998238682746887,555.9205322265625,555.092529296875,0.03288471698760986,249.1172637939453,578.9984130859375,0.9996954202651978,555.0142211914062,564.8948364257812,0.9958024024963379,509.4617919921875,590.3494873046875,0.998295783996582,556.6195678710938,566.5379638671875,0.050780802965164185,552.0791015625,588.5867919921875,0.11383447051048279,605.3983764648438,570.4901733398438,0.9988040924072266,601.5550537109375,571.34228515625,0.03080272674560547,551.5007934570312,559.8104858398438,0.011227428913116455,632.9356689453125,550.5216674804688,0.6190677285194397,556.7919921875,556.2291870117188,0.006369590759277344
1063,285.910400390625,475.236328125,0.9998205304145813,555.932373046875,554.9564819335938,0.03624701499938965,248.25900268554688,578.9447021484375,0.9996721148490906,555.3219604492188,565.0180053710938,0.9969474673271179,509.6889953613281,590.4304809570312,0.9981555938720703,557.071044921875,566.6301879882812,0.05016827583312988,551.2647094726562,588.6943969726562,0.12448427081108093,604.9522094726562,570.3489990234375,0.9991130828857422,601.065185546875,571.4674072265625,0.02973276376724243,551.25634765625,559.7804565429688,0.010701984167098999,631.703125,550.5155639648438,0.458092600107193,556.8750610351562,556.1672973632812,0.006591111421585083
1064,285.63665771484375,475.0849304199219,0.9997891187667847,177.83758544921875,11.603665351867676,0.03466081619262695,248.14227294921875,578.3754272460938,0.9996830224990845,553.0580444335938,565.3173828125,0.9957703351974487,509.3780517578125,590.2844848632812,0.9986991882324219,555.8133544921875,567.0980224609375,0.048010408878326416,553.58935546875,587.7566528320312,0.08247721195220947,603.9572143554688,570.9315795898438,0.998646080493927,600.5399780273438,571.7257080078125,0.03150418400764465,244.6624298095703,570.92822265625,0.010489851236343384,632.7291870117188,550.5701904296875,0.6828891038894653,556.75244140625,556.3099365234375,0.004938602447509766
1065,285.4891357421875,474.9925842285156,0.9997913837432861,555.9571533203125,555.096435546875,0.02580365538597107,248.29727172851562,578.4401245117188,0.9997387528419495,555.2511596679688,564.8500366210938,0.99665367603302,509.59674072265625,590.4511108398438,0.998589277267456,556.7805786132812,566.5238647460938,0.044620245695114136,553.5059814453125,587.5857543945312,0.09351533651351929,604.735595703125,570.5358276367188,0.9991846084594727,601.0155639648438,571.563232421875,0.025440186262130737,244.9017791748047,570.9069213867188,0.010897040367126465,633.0809326171875,550.4140625,0.4904221296310425,556.7867431640625,556.22119140625,0.0059469640254974365
1066,285.84014892578125,474.9974060058594,0.9997563362121582,556.431640625,555.0641479492188,0.03016224503517151,248.5669708251953,578.5972290039062,0.9997525215148926,554.58837890625,565.1207885742188,0.9963289499282837,509.11859130859375,591.1136474609375,0.9988797903060913,556.3050537109375,566.7815551757812,0.05341559648513794,553.2461547851562,587.8041381835938,0.10785090923309326,604.6264038085938,570.5966186523438,0.9989787340164185,600.9640502929688,571.7438354492188,0.028954029083251953,551.6193237304688,559.8145751953125,0.009771257638931274,632.8307495117188,550.6275634765625,0.6477259397506714,556.7282104492188,556.1529541015625,0.005977928638458252
1067,285.4295959472656,474.6241760253906,0.9997490048408508,179.25502014160156,13.069246292114258,0.03119218349456787,248.63241577148438,578.3656616210938,0.9997302293777466,553.4888916015625,564.5608520507812,0.9952434301376343,509.71185302734375,590.3998413085938,0.9984264373779297,556.1542358398438,566.630615234375,0.05211031436920166,553.4795532226562,587.7388916015625,0.12039560079574585,605.52587890625,570.4683227539062,0.9985982179641724,601.5576782226562,571.4375,0.026425987482070923,551.3009033203125,559.8010864257812,0.009357988834381104,631.9252319335938,550.6353759765625,0.39696913957595825,556.6707153320312,556.1531372070312,0.005806237459182739
1068,285.67608642578125,474.7441711425781,0.9997788667678833,556.071533203125,554.885498046875,0.025169551372528076,248.82806396484375,578.166015625,0.9997352361679077,554.5703125,564.7889404296875,0.996977686882019,510.03436279296875,589.8204956054688,0.9977158308029175,556.4846801757812,566.6609497070312,0.04456654191017151,553.4182739257812,587.775390625,0.11617285013198853,604.915771484375,570.2905883789062,0.9989627599716187,603.8189697265625,572.5006713867188,0.030377060174942017,575.7850341796875,567.3746948242188,0.010074436664581299,632.6695556640625,550.5419311523438,0.6060001254081726,556.8809814453125,556.0873413085938,0.005175471305847168
1069,285.46636962890625,474.5082092285156,0.9996633529663086,556.6193237304688,554.8795776367188,0.0283261239528656,247.9047088623047,577.912109375,0.999753475189209,552.8275756835938,564.6651611328125,0.9971741437911987,509.9582824707031,590.1292724609375,0.9973515868186951,555.4296264648438,566.7642822265625,0.06319239735603333,553.2178344726562,587.8444213867188,0.11224594712257385,604.341796875,570.4672241210938,0.9989863634109497,600.8980102539062,571.5921630859375,0.035401105880737305,551.7925415039062,559.4783325195312,0.01017153263092041,631.9349365234375,550.893310546875,0.788192868232727,556.6199340820312,556.173583984375,0.006324082612991333
1070,285.3109130859375,474.6213073730469,0.999666690826416,1004.1427001953125,52.25905990600586,0.03797522187232971,247.98098754882812,577.3880615234375,0.9995728731155396,553.4930419921875,564.8109130859375,0.996977686882019,510.0190124511719,589.897216796875,0.9980629682540894,555.9528198242188,566.6880493164062,0.052683860063552856,553.6295776367188,587.9949340820312,0.1110612154006958,605.0839233398438,570.3285522460938,0.9989206790924072,601.5399780273438,571.3219604492188,0.03028133511543274,575.968505859375,567.3073120117188,0.00997963547706604,632.2671508789062,550.8009643554688,0.6740496158599854,556.9265747070312,556.1245727539062,0.005744338035583496
1071,285.318115234375,474.6564636230469,0.9997643828392029,1003.7772216796875,52.72604751586914,0.05530795454978943,247.4338836669922,577.3469848632812,0.999693751335144,553.2393798828125,564.701416015625,0.9976388812065125,510.1423645019531,590.1214599609375,0.9982503652572632,556.6194458007812,566.3636474609375,0.0499042272567749,553.0716552734375,587.7407836914062,0.1368362009525299,605.8095092773438,569.8780517578125,0.9991775751113892,607.4406127929688,571.005126953125,0.02593892812728882,551.5563354492188,559.1070556640625,0.011849701404571533,632.841552734375,549.9404296875,0.7360413074493408,556.8440551757812,556.1275024414062,0.007572531700134277
1072,285.2061462402344,474.7231140136719,0.9997590184211731,1004.3609619140625,52.593902587890625,0.04581373929977417,247.98101806640625,577.6419677734375,0.9996175765991211,553.1793823242188,564.362060546875,0.9968119859695435,510.2557067871094,590.310302734375,0.9981191754341125,556.0987548828125,566.3670654296875,0.04978382587432861,553.140380859375,587.6259155273438,0.1091688871383667,606.7654418945312,570.0223388671875,0.9988750219345093,607.9019165039062,571.07421875,0.028768062591552734,551.5010375976562,559.4597778320312,0.0104580819606781,632.840576171875,549.9365234375,0.47002142667770386,556.6402587890625,556.119384765625,0.006443321704864502
1073,285.08880615234375,474.5013122558594,0.999789834022522,1004.0057983398438,52.63273239135742,0.06589370965957642,247.736572265625,577.831787109375,0.9996604323387146,553.511474609375,564.7762451171875,0.9964467883110046,510.4206237792969,589.8946533203125,0.9977006316184998,556.5027465820312,566.5093994140625,0.0508655309677124,553.3048706054688,587.9122314453125,0.1295338273048401,606.2869873046875,570.0961303710938,0.9990108013153076,607.635498046875,571.4072265625,0.022104710340499878,551.4445190429688,559.5098266601562,0.0128307044506073,632.741943359375,549.9463500976562,0.6423346996307373,556.6882934570312,556.1820068359375,0.007337599992752075
1074,285.0198974609375,474.707763671875,0.9997493624687195,556.157470703125,554.8274536132812,0.03280121088027954,247.308837890625,577.3275756835938,0.9996368288993835,553.4976196289062,564.3080444335938,0.996027946472168,510.31243896484375,589.7761840820312,0.9975379705429077,556.4475708007812,566.1209106445312,0.05522274971008301,553.382080078125,587.5970458984375,0.13580527901649475,606.7518310546875,569.8384399414062,0.9991693496704102,607.7496948242188,571.0794677734375,0.025513559579849243,551.5862426757812,559.4190063476562,0.011253952980041504,632.6947631835938,550.2060546875,0.5905991196632385,556.8462524414062,556.1776123046875,0.006843626499176025
1075,285.04571533203125,474.5126647949219,0.9998239278793335,556.277099609375,554.9514770507812,0.03249797224998474,247.7090606689453,576.9640502929688,0.9996296763420105,553.2450561523438,564.8837890625,0.9960296154022217,510.205810546875,590.208740234375,0.9982669353485107,556.281005859375,566.7994384765625,0.056197524070739746,553.193115234375,587.6475830078125,0.09817352890968323,605.7097778320312,570.2698974609375,0.9990514516830444,601.6446533203125,571.4462280273438,0.022719770669937134,551.809326171875,559.5364379882812,0.010933905839920044,632.7694091796875,550.8408813476562,0.8080418109893799,556.66845703125,556.3546142578125,0.006621569395065308
1076,284.997314453125,474.356201171875,0.9998123645782471,556.1900024414062,555.0927734375,0.03386446833610535,248.4432373046875,577.1951904296875,0.999526858329773,552.963623046875,564.6743774414062,0.9964631795883179,510.3019104003906,589.65576171875,0.9975788593292236,556.2678833007812,566.3943481445312,0.049973875284194946,553.225341796875,587.4901733398438,0.0952557921409607,606.005126953125,570.1099853515625,0.999330461025238,607.0641479492188,571.3971557617188,0.025162965059280396,551.803466796875,559.4017944335938,0.012346774339675903,633.1557006835938,550.0484008789062,0.6714178323745728,556.7313232421875,556.1615600585938,0.007352888584136963
1077,284.88128662109375,474.30352783203125,0.9998334646224976,1004.1443481445312,52.63832473754883,0.03492903709411621,247.1729736328125,577.3467407226562,0.9994428157806396,552.9857177734375,564.66162109375,0.9969955682754517,509.5260314941406,590.3621826171875,0.9984755516052246,556.0451049804688,566.4765014648438,0.04880926012992859,553.618896484375,587.6036987304688,0.12015694379806519,605.5097045898438,569.8404541015625,0.9993215799331665,601.8572998046875,570.9862670898438,0.02372756600379944,551.7498779296875,559.5775756835938,0.010935097932815552,632.29541015625,550.4896240234375,0.46687281131744385,556.73193359375,556.1162719726562,0.006166815757751465
1078,284.8519592285156,474.5067443847656,0.9997535347938538,556.051025390625,554.9154663085938,0.029131680727005005,247.0361328125,576.8436889648438,0.9994744062423706,553.3173217773438,564.8983154296875,0.9972488880157471,510.3826599121094,589.51318359375,0.9976713061332703,556.605712890625,566.6016845703125,0.03965011239051819,553.0634765625,587.4207763671875,0.1165856122970581,606.4241333007812,569.5988159179688,0.9993720054626465,607.9698486328125,571.05712890625,0.02283570170402527,551.5706787109375,559.2189331054688,0.010081857442855835,633.0748291015625,550.2738037109375,0.44469767808914185,556.8494873046875,556.2069702148438,0.006408035755157471
1079,284.8829040527344,474.49578857421875,0.9997420310974121,556.0377197265625,555.276123046875,0.03150340914726257,247.16018676757812,576.3477172851562,0.9991553425788879,553.5390625,564.3828125,0.995661199092865,510.4297790527344,589.87158203125,0.9981306791305542,556.6206665039062,566.0409545898438,0.04788169264793396,553.376708984375,587.579833984375,0.08366253972053528,605.8287353515625,569.5344848632812,0.9994562268257141,607.4094848632812,570.9979248046875,0.022851109504699707,551.668701171875,559.4613647460938,0.012035220861434937,632.2496948242188,550.1052856445312,0.44386518001556396,556.6375122070312,556.1879272460938,0.0072886645793914795
1080,284.6243591308594,474.5301513671875,0.9997179508209229,1004.4126586914062,52.076290130615234,0.04883411526679993,246.90863037109375,576.6851806640625,0.9993813633918762,553.6758422851562,564.4217529296875,0.9972255229949951,509.92626953125,590.2944946289062,0.9984151124954224,556.6783447265625,566.1798706054688,0.048667848110198975,553.4584350585938,587.7597045898438,0.0989779531955719,605.474365234375,569.8516235351562,0.9993807077407837,601.708251953125,571.062744140625,0.026174098253250122,551.3017578125,559.0599975585938,0.010349959135055542,632.8580932617188,550.015869140625,0.5728386044502258,556.9138793945312,556.2163696289062,0.006989836692810059
1081,284.3939514160156,474.3819885253906,0.9998190402984619,228.4060821533203,547.12939453125,0.06568464636802673,794.240478515625,558.96240234375,0.9993072748184204,553.0899047851562,565.0269165039062,0.996362566947937,509.8325500488281,590.6253662109375,0.9986647367477417,556.3058471679688,566.8045654296875,0.06652289628982544,553.2548828125,587.6944580078125,0.17237010598182678,605.2238159179688,570.0076904296875,0.99936443567276,601.554443359375,571.04833984375,0.029766589403152466,551.4564819335938,559.3699340820312,0.011074811220169067,632.1670532226562,549.955078125,0.48416492342948914,556.7794799804688,556.203369140625,0.007202565670013428
1082,284.3681335449219,474.3558044433594,0.9996832609176636,556.1653442382812,555.1258544921875,0.03104954957962036,794.4978637695312,559.0142822265625,0.9993396997451782,553.5862426757812,564.7071533203125,0.9963425397872925,510.4886474609375,589.7239379882812,0.9979742169380188,556.56005859375,566.42822265625,0.04737970232963562,553.4173583984375,587.5205078125,0.10959678888320923,604.9693603515625,569.7872924804688,0.9993194937705994,601.3828125,571.0853881835938,0.024163097143173218,551.4977416992188,559.6082153320312,0.010884851217269897,632.4337158203125,550.0806274414062,0.5200704336166382,556.6947631835938,556.19921875,0.006418138742446899
1083,284.2690734863281,474.2140808105469,0.999732255935669,1004.5003662109375,52.03447341918945,0.06050753593444824,794.0390014648438,558.91943359375,0.9993385076522827,552.9736938476562,564.7781982421875,0.995795726776123,509.67486572265625,590.6953735351562,0.9987320899963379,556.0880737304688,566.5582275390625,0.0627351701259613,553.1434326171875,587.8441772460938,0.151830792427063,604.7736206054688,570.2061157226562,0.9991937875747681,601.0983276367188,571.0215454101562,0.02537199854850769,551.7392578125,559.7611694335938,0.011750370264053345,632.9164428710938,549.9271240234375,0.6129778623580933,556.7611694335938,556.27490234375,0.007353752851486206
1084,284.3182678222656,473.9705505371094,0.9997619390487671,556.2638549804688,554.885009765625,0.028368324041366577,247.7191925048828,577.3934326171875,0.9994291067123413,553.4821166992188,564.4972534179688,0.9965516924858093,509.9117431640625,589.9484252929688,0.9985871315002441,556.5164794921875,566.2597045898438,0.054854631423950195,553.2476196289062,587.7769775390625,0.1321980357170105,605.0521850585938,570.07470703125,0.9992586970329285,601.3585815429688,570.9512329101562,0.030524343252182007,551.4920654296875,559.2178344726562,0.010216116905212402,633.219970703125,549.3632202148438,0.5199664235115051,556.8307495117188,556.1045532226562,0.006714552640914917
1085,284.05963134765625,473.88067626953125,0.9998131394386292,1004.23486328125,51.87466812133789,0.049923092126846313,248.01416015625,577.076416015625,0.999362051486969,554.8740844726562,564.7655639648438,0.9966174364089966,509.9613342285156,590.4801635742188,0.9987528920173645,556.72314453125,566.4600219726562,0.051484525203704834,553.2095947265625,587.984130859375,0.15661072731018066,606.2504272460938,569.6530151367188,0.9993280172348022,607.7378540039062,570.8255004882812,0.03164076805114746,237.47750854492188,568.6031494140625,0.010607033967971802,633.3401489257812,549.9224243164062,0.48484212160110474,556.8076782226562,556.158447265625,0.00648123025894165
1086,283.9742126464844,473.6651916503906,0.9998185038566589,1004.26806640625,51.585819244384766,0.03635239601135254,247.97035217285156,577.1096801757812,0.9993100166320801,554.7343139648438,565.3020629882812,0.9967941045761108,510.06536865234375,590.4114990234375,0.9981908798217773,556.59716796875,566.6112670898438,0.0618303120136261,553.2230224609375,587.8363037109375,0.18256941437721252,605.35400390625,569.8522338867188,0.9990789890289307,601.4170532226562,571.0592041015625,0.031065821647644043,551.6314086914062,559.6635131835938,0.01088792085647583,633.1863403320312,549.7486572265625,0.6484096646308899,556.7752685546875,556.2501220703125,0.007713139057159424
1087,284.11883544921875,473.5036926269531,0.9998141527175903,556.474365234375,555.0775146484375,0.034516841173172,247.5882110595703,577.4078979492188,0.9995009303092957,553.2960815429688,564.6447143554688,0.9955296516418457,509.7662353515625,590.4482421875,0.9986237287521362,556.38427734375,566.390380859375,0.05805295705795288,553.2063598632812,587.7744750976562,0.12330913543701172,605.6156616210938,569.8071899414062,0.9993139505386353,601.4833984375,570.9296875,0.026387542486190796,551.7861328125,559.56298828125,0.01205909252166748,633.2642822265625,549.433837890625,0.6182754635810852,556.731689453125,556.281982421875,0.0076420605182647705
1088,283.9866638183594,473.4548645019531,0.9998480081558228,1004.4752197265625,52.3957633972168,0.04776158928871155,246.58920288085938,576.790771484375,0.9996728897094727,553.1976928710938,564.42919921875,0.9960953593254089,509.8971252441406,590.4580688476562,0.9986250400543213,556.2202758789062,566.4522705078125,0.06810653209686279,553.3425903320312,587.8313598632812,0.18642756342887878,605.961669921875,569.7335205078125,0.9992192387580872,607.3828125,571.0239868164062,0.03194159269332886,236.91015625,568.6317138671875,0.014626920223236084,632.4340209960938,551.1095581054688,0.8031074404716492,556.8347778320312,556.1987915039062,0.007339805364608765
1089,283.88134765625,473.63787841796875,0.9998511075973511,1004.629150390625,51.75176239013672,0.03492745757102966,245.4510498046875,576.329345703125,0.999729573726654,553.07177734375,564.813232421875,0.9969855546951294,510.4493408203125,589.7788696289062,0.9985495209693909,556.4176635742188,566.7776489257812,0.05066102743148804,553.0090942382812,587.7570190429688,0.13386720418930054,606.0364990234375,569.76416015625,0.9993643760681152,607.4574584960938,571.15185546875,0.025935500860214233,236.82843017578125,568.5901489257812,0.01965487003326416,633.4737548828125,550.3294677734375,0.7302197813987732,556.84912109375,556.242919921875,0.006631702184677124
1090,283.8681335449219,473.6048278808594,0.999862790107727,1004.3467407226562,52.52428436279297,0.035718947649002075,245.3070526123047,576.4606323242188,0.9996621608734131,554.999755859375,564.6693725585938,0.9960393309593201,510.2652587890625,589.9991455078125,0.9983593225479126,556.6631469726562,566.2557373046875,0.0635136067867279,553.376708984375,587.6710815429688,0.12469956278800964,605.7612915039062,569.4994506835938,0.999386191368103,607.263427734375,571.0003051757812,0.026192456483840942,236.92689514160156,568.9251098632812,0.016035139560699463,632.8471069335938,551.01708984375,0.7318671941757202,556.7733154296875,556.1900634765625,0.007789939641952515
1091,283.799072265625,473.53167724609375,0.9998600482940674,556.1539306640625,555.1753540039062,0.031219691038131714,245.07986450195312,576.1995239257812,0.9996046423912048,553.5325927734375,564.3616943359375,0.9958974123001099,510.75628662109375,589.845703125,0.9980752468109131,556.746826171875,566.3280029296875,0.05408516526222229,553.513671875,587.7996215820312,0.0821441113948822,605.6692504882812,569.8274536132812,0.9993404150009155,607.2686767578125,571.141845703125,0.023602813482284546,236.40911865234375,568.6986083984375,0.020892322063446045,633.21044921875,550.5570068359375,0.732306718826294,556.6896362304688,556.2858276367188,0.007174104452133179
1092,283.8447570800781,473.5467834472656,0.9999066591262817,1003.7317504882812,51.92005920410156,0.08573785424232483,244.0363311767578,575.5390014648438,0.9997303485870361,552.837646484375,564.71240234375,0.996812105178833,510.707275390625,590.0521240234375,0.9981204271316528,556.206787109375,566.4506225585938,0.061517298221588135,553.067626953125,587.67724609375,0.14538100361824036,606.05322265625,569.6983642578125,0.9994460940361023,607.486083984375,571.0557861328125,0.02551087737083435,236.6519775390625,566.2022705078125,0.027610599994659424,633.0316772460938,549.2322387695312,0.5166164636611938,556.9838256835938,556.245849609375,0.0070272088050842285
1093,283.5760803222656,473.37939453125,0.9999079704284668,556.3475952148438,554.893798828125,0.031043708324432373,244.46575927734375,575.6494140625,0.999711275100708,553.7210083007812,564.3804321289062,0.9963346123695374,510.2448425292969,589.6226806640625,0.9982378482818604,556.7185668945312,566.1680908203125,0.0563603937625885,553.6663818359375,587.4557495117188,0.12727424502372742,606.110595703125,569.6575317382812,0.9993396997451782,607.6443481445312,570.750732421875,0.03018096089363098,236.13148498535156,566.5665893554688,0.02379336953163147,634.0723876953125,550.2166748046875,0.5119776725769043,556.8321533203125,556.1492309570312,0.006982237100601196
1094,283.3028564453125,473.32574462890625,0.9999330043792725,1004.1771850585938,52.34331512451172,0.05351153016090393,243.81251525878906,575.185546875,0.9996936321258545,553.4892578125,564.3878173828125,0.9955222606658936,510.1914367675781,590.4628295898438,0.9979660511016846,556.3564453125,566.4913940429688,0.06398990750312805,553.185302734375,587.7462768554688,0.116252601146698,606.2708129882812,569.7548828125,0.9992496967315674,607.6061401367188,570.820556640625,0.02786940336227417,235.85916137695312,568.1302490234375,0.018200278282165527,634.41748046875,550.2351684570312,0.4858292043209076,556.7069091796875,556.1288452148438,0.006556034088134766
1095,282.93927001953125,473.5843811035156,0.9999082088470459,1004.4581298828125,52.82987594604492,0.04510807991027832,243.73162841796875,575.2604370117188,0.9997618794441223,552.6650390625,564.478515625,0.9956325888633728,512.0045166015625,588.27294921875,0.9977129101753235,556.06103515625,566.4088134765625,0.05258733034133911,553.5660400390625,587.8726196289062,0.12451565265655518,606.3925170898438,569.280029296875,0.9993254542350769,608.0568237304688,570.6889038085938,0.02858150005340576,236.3458251953125,566.2423706054688,0.02628690004348755,634.4749145507812,550.406982421875,0.5129085779190063,556.669921875,556.0587158203125,0.006872355937957764
1096,283.0118713378906,473.49530029296875,0.9999068975448608,1004.2803344726562,52.35127639770508,0.03659430146217346,242.56478881835938,574.74462890625,0.9997270107269287,552.9287109375,564.4896850585938,0.9956097602844238,510.37628173828125,590.107421875,0.997684121131897,556.1259155273438,566.3112182617188,0.066974937915802,553.4107666015625,587.714599609375,0.12385240197181702,606.2479858398438,569.5176391601562,0.9992393255233765,607.9238891601562,570.7284545898438,0.02987205982208252,235.8472442626953,566.1388549804688,0.026601195335388184,633.358642578125,549.2255249023438,0.4794957935810089,556.623046875,556.2202758789062,0.007470935583114624
1097,282.7320251464844,473.4459533691406,0.9999210834503174,556.556640625,556.0680541992188,0.0344502329826355,242.42759704589844,574.9798583984375,0.9997600317001343,552.377197265625,564.4057006835938,0.9954568147659302,510.3353271484375,589.8212890625,0.9979088306427002,555.4208984375,566.3576049804688,0.06415674090385437,553.25830078125,587.7597045898438,0.11787861585617065,606.4920654296875,569.4396362304688,0.9993594288825989,607.940673828125,570.9404296875,0.02648821473121643,235.67652893066406,566.2169189453125,0.025096803903579712,633.98486328125,550.6437377929688,0.7251459360122681,556.4577026367188,556.2863159179688,0.008035093545913696
1098,282.7139892578125,473.6291198730469,0.9999062418937683,556.4998168945312,555.5404052734375,0.03072187304496765,243.09814453125,574.7923583984375,0.9997381567955017,552.577392578125,564.5263671875,0.9962541460990906,510.69256591796875,589.7880249023438,0.9978959560394287,556.0249633789062,566.4551391601562,0.05732029676437378,553.2249755859375,587.6043090820312,0.13240134716033936,606.7171630859375,569.5460815429688,0.9991503953933716,608.0619506835938,570.551513671875,0.030683785676956177,236.0695037841797,566.1519165039062,0.019247710704803467,634.232666015625,550.4786987304688,0.6983423829078674,556.6788940429688,556.1680908203125,0.006982147693634033
1099,282.54705810546875,473.42413330078125,0.9998805522918701,1004.6505126953125,52.50862503051758,0.052449047565460205,244.96351623535156,575.3888549804688,0.999756932258606,553.3795166015625,564.49365234375,0.995614230632782,510.7099304199219,590.0598754882812,0.9982365369796753,556.8863525390625,566.3202514648438,0.0449182391166687,552.9735107421875,587.5084838867188,0.11168733239173889,606.5853881835938,569.7286376953125,0.9990255832672119,608.0420532226562,570.750244140625,0.02616262435913086,235.83206176757812,567.8545532226562,0.01696193218231201,634.5963745117188,550.848876953125,0.4094008207321167,556.724365234375,556.30126953125,0.0071340203285217285
1100,282.4604187011719,473.6119079589844,0.9998505115509033,556.5882568359375,555.5757446289062,0.0341624915599823,244.4330596923828,575.2179565429688,0.9997951984405518,552.2012939453125,564.819580078125,0.9961357116699219,509.8891906738281,590.0513305664062,0.9985643625259399,556.0546264648438,566.8426513671875,0.06268003582954407,553.1480102539062,587.719970703125,0.10668304562568665,606.4273681640625,569.9043579101562,0.9990099668502808,602.0303344726562,570.8546752929688,0.02679881453514099,235.67933654785156,567.5807495117188,0.01893410086631775,634.859375,550.3563842773438,0.7689745426177979,556.5206909179688,556.35009765625,0.0076767802238464355
1101,282.3819274902344,473.4403991699219,0.9998953938484192,1004.662353515625,52.651248931884766,0.05070272088050842,243.41622924804688,574.4571533203125,0.9997182488441467,554.8955078125,564.297119140625,0.9960803985595703,509.8656005859375,590.3197631835938,0.9987215995788574,556.9312744140625,565.9908447265625,0.06150472164154053,553.08984375,587.5830688476562,0.108284592628479,607.8633422851562,568.5341796875,0.9994282722473145,608.4334716796875,570.8043212890625,0.02634766697883606,235.53012084960938,567.5135498046875,0.014210283756256104,635.1005249023438,550.2744140625,0.6535196304321289,556.7030639648438,556.1653442382812,0.0074776411056518555
1102,282.405029296875,473.3901672363281,0.9999035596847534,1004.3360595703125,52.5065803527832,0.08777052164077759,242.5469512939453,574.2802124023438,0.9997905492782593,552.5830688476562,564.3849487304688,0.9963201284408569,509.76397705078125,590.1776123046875,0.9982675313949585,556.155517578125,566.5083618164062,0.07257166504859924,552.9957275390625,587.4757690429688,0.1003623902797699,606.8446655273438,569.16845703125,0.9993830919265747,607.9200439453125,570.8843383789062,0.02392721176147461,235.14083862304688,565.7562255859375,0.020699411630630493,634.6651000976562,550.2590942382812,0.5964570641517639,556.5286254882812,556.275634765625,0.008229225873947144
1103,282.12872314453125,473.1263122558594,0.9999071359634399,1004.8101806640625,52.143898010253906,0.041434913873672485,244.27464294433594,574.8720092773438,0.9997581839561462,552.3211059570312,564.3270263671875,0.9964574575424194,510.05975341796875,589.9613037109375,0.998374342918396,555.9495849609375,566.4976196289062,0.05645760893821716,552.8529663085938,587.4150390625,0.10927915573120117,606.7181396484375,569.2965087890625,0.9993910193443298,607.9462280273438,570.7909545898438,0.02637377381324768,235.91075134277344,567.5923461914062,0.014649510383605957,634.0759887695312,550.8311767578125,0.6313972473144531,556.4915771484375,556.332275390625,0.008104652166366577
1104,282.20330810546875,473.1941223144531,0.999920129776001,1004.5525512695312,52.15561294555664,0.04383361339569092,244.39064025878906,574.7149047851562,0.9997700452804565,554.9297485351562,564.4338989257812,0.9954022169113159,512.233642578125,587.9901123046875,0.9972012042999268,557.0590209960938,566.272705078125,0.058305591344833374,552.7117919921875,587.4122314453125,0.14991414546966553,606.3568725585938,569.5050659179688,0.9994029998779297,607.5497436523438,570.840087890625,0.024055451154708862,235.86448669433594,567.497802734375,0.013705223798751831,634.60546875,550.614501953125,0.7515568733215332,556.7364501953125,556.2946166992188,0.007749199867248535
1105,282.0942687988281,473.0636291503906,0.9999203681945801,1004.7018432617188,52.63314437866211,0.041533201932907104,243.2038116455078,574.0773315429688,0.9997648000717163,555.2369995117188,564.2190551757812,0.995028018951416,509.83575439453125,590.3602294921875,0.998671293258667,556.90869140625,566.0111694335938,0.05037626624107361,553.2568359375,587.5062255859375,0.09234732389450073,606.5817260742188,569.3199462890625,0.9995321035385132,607.669921875,570.794677734375,0.025912374258041382,235.15423583984375,565.5438842773438,0.017222613096237183,635.6018676757812,549.9395751953125,0.4711436629295349,556.675048828125,556.2813720703125,0.007218867540359497
1106,282.02801513671875,473.14111328125,0.999911904335022,1004.0655517578125,52.410404205322266,0.08986079692840576,242.81321716308594,573.4496459960938,0.9996880888938904,552.297607421875,564.3934326171875,0.9956563711166382,510.7496032714844,589.70947265625,0.9980192184448242,555.99853515625,566.3718872070312,0.056515276432037354,553.3754272460938,587.203369140625,0.13879895210266113,607.76416015625,568.2574462890625,0.9994737505912781,608.546875,570.53759765625,0.030102312564849854,551.8775024414062,559.8018188476562,0.01857239007949829,634.5240478515625,550.1888427734375,0.7159093022346497,556.5115966796875,556.2581176757812,0.00889962911605835
1107,281.99444580078125,473.0301818847656,0.999908447265625,556.1658935546875,555.9192504882812,0.03032052516937256,242.31964111328125,573.3533325195312,0.9996808767318726,552.5870971679688,564.3641357421875,0.9963182210922241,510.2726745605469,589.749267578125,0.9981281757354736,556.507568359375,566.144775390625,0.04493507742881775,553.0848388671875,587.158447265625,0.07041263580322266,606.545654296875,569.2778930664062,0.9993546605110168,608.1552124023438,570.6080322265625,0.022621870040893555,236.15199279785156,565.024658203125,0.01773640513420105,635.1689453125,550.0982666015625,0.7074065208435059,556.5260620117188,556.3185424804688,0.007438033819198608
1108,281.898681640625,473.12847900390625,0.9999098777770996,556.2827758789062,555.5119018554688,0.03637632727622986,242.80564880371094,573.5944213867188,0.9997639656066895,552.7345581054688,564.4629516601562,0.9959148168563843,510.23529052734375,589.9352416992188,0.9983352422714233,556.4273071289062,566.302490234375,0.054204970598220825,553.1167602539062,587.2318115234375,0.0939379334449768,607.438720703125,568.4969482421875,0.9992030262947083,608.2450561523438,570.5692138671875,0.0254763662815094,235.87704467773438,565.253662109375,0.017702758312225342,634.4320068359375,550.7312622070312,0.5413296818733215,556.6102905273438,556.2855224609375,0.007915586233139038
1109,281.9993591308594,473.0463562011719,0.9999104738235474,555.8936767578125,555.8238525390625,0.03378325700759888,242.38424682617188,573.4138793945312,0.999728262424469,554.9942016601562,564.4612426757812,0.9966261386871338,510.7190856933594,590.4298706054688,0.9987298250198364,557.1396484375,566.3742065429688,0.04893678426742554,552.877685546875,587.2039184570312,0.09055531024932861,607.7745361328125,568.3023071289062,0.9994531869888306,608.4766845703125,570.607177734375,0.03209105134010315,235.35556030273438,565.1911010742188,0.020868748426437378,635.494873046875,550.0697021484375,0.4929603338241577,556.501953125,556.2909545898438,0.007746398448944092
1110,281.91607666015625,473.0716247558594,0.9999182820320129,556.1820068359375,555.9338989257812,0.03429841995239258,242.29330444335938,573.50830078125,0.9997131824493408,552.479248046875,564.4019775390625,0.996246337890625,510.7024841308594,589.8818359375,0.9986529350280762,556.1669311523438,566.2374877929688,0.05391278862953186,553.004150390625,587.5325927734375,0.11209103465080261,607.9104614257812,568.132080078125,0.9994066953659058,608.5113525390625,570.3008422851562,0.03357350826263428,235.6882781982422,565.504150390625,0.021613508462905884,635.1280517578125,549.7337646484375,0.4641145169734955,556.3623657226562,556.2127685546875,0.008206933736801147
1111,281.7643127441406,473.12811279296875,0.9998809099197388,555.8137817382812,555.5965576171875,0.03387516736984253,242.99542236328125,573.7731323242188,0.9997494220733643,555.1563110351562,564.2173461914062,0.9967566728591919,510.9685974121094,590.0972900390625,0.998455286026001,557.42431640625,565.9774780273438,0.039567917585372925,551.8453979492188,588.0022583007812,0.08109208941459656,607.7470703125,568.490234375,0.9994717836380005,608.5300903320312,570.7626342773438,0.028239816427230835,235.55496215820312,565.5896606445312,0.01735168695449829,635.0467529296875,549.782470703125,0.5016282796859741,556.662841796875,556.1941528320312,0.007332921028137207
1112,281.85809326171875,473.05902099609375,0.999893069267273,1004.79833984375,52.81887435913086,0.03332206606864929,242.3859405517578,573.9562377929688,0.9997665286064148,553.2357788085938,564.0092163085938,0.996697187423706,511.3765869140625,585.6522827148438,0.9979017972946167,556.9122924804688,566.0530395507812,0.045762717723846436,552.8570556640625,587.3124389648438,0.10317590832710266,607.9005126953125,568.1124267578125,0.9996084570884705,608.607421875,570.602294921875,0.03127765655517578,235.3783721923828,565.6064453125,0.018991798162460327,634.5942993164062,550.5007934570312,0.544568657875061,556.5056762695312,556.2417602539062,0.007264286279678345
1113,281.60626220703125,472.86102294921875,0.9999080896377563,1004.4302368164062,51.827571868896484,0.03410634398460388,242.40655517578125,573.6182861328125,0.999765157699585,551.9337768554688,563.8407592773438,0.9954280853271484,510.84375,589.913818359375,0.9980456829071045,555.820068359375,566.1759033203125,0.06280520558357239,552.644287109375,587.2694091796875,0.1314372718334198,607.6953735351562,568.0103149414062,0.9994913339614868,608.631591796875,570.1314697265625,0.028736531734466553,235.31585693359375,565.4276733398438,0.02136722207069397,635.2181396484375,549.995849609375,0.42127901315689087,556.4203491210938,556.1972045898438,0.008004546165466309
1114,281.60443115234375,472.8084716796875,0.9999104142189026,556.0918579101562,555.9798583984375,0.03222835063934326,242.49276733398438,573.0897827148438,0.9997946619987488,551.86474609375,564.2278442382812,0.996883749961853,510.0592956542969,589.9426879882812,0.9980504512786865,555.671142578125,566.1326904296875,0.04998672008514404,552.9172973632812,587.4734497070312,0.11354890465736389,607.5503540039062,568.0343017578125,0.9995603561401367,608.6549682617188,570.490234375,0.03229242563247681,234.8126678466797,565.1760864257812,0.016913115978240967,634.6165771484375,550.5126342773438,0.6264281272888184,556.4608764648438,556.2565307617188,0.007828235626220703
1115,281.5653381347656,473.57965087890625,0.999870777130127,556.546142578125,555.4859619140625,0.03545135259628296,242.43218994140625,573.8668212890625,0.9997943639755249,552.0552978515625,564.406982421875,0.9967751502990723,510.65576171875,589.3870849609375,0.9977666139602661,556.0943603515625,566.266357421875,0.05300149321556091,553.2661743164062,587.4610595703125,0.10953480005264282,607.8905639648438,568.1234741210938,0.9995417594909668,608.5709838867188,570.3748779296875,0.03290688991546631,235.19129943847656,565.474609375,0.0163649320602417,634.2088623046875,550.5520629882812,0.5878810286521912,556.6325073242188,556.1773681640625,0.007351547479629517
1116,281.7937316894531,472.66363525390625,0.9998986721038818,556.2944946289062,556.0635375976562,0.032383233308792114,242.37107849121094,573.0806884765625,0.9997377395629883,551.7666015625,564.2883911132812,0.9967256784439087,510.72283935546875,590.0175170898438,0.99773108959198,555.9461669921875,566.0383911132812,0.041640788316726685,553.1840209960938,587.5953369140625,0.13295969367027283,608.0868530273438,568.1119995117188,0.9995877742767334,608.80908203125,570.50048828125,0.031137138605117798,234.82675170898438,565.1810302734375,0.01653122901916504,634.6272583007812,549.6689453125,0.6596815586090088,556.5232543945312,556.2774047851562,0.007993847131729126
1117,281.5855712890625,472.4394836425781,0.9999111890792847,556.0645141601562,555.8607788085938,0.037461817264556885,240.75946044921875,572.4376220703125,0.9995838403701782,553.1173095703125,563.7740478515625,0.9958707094192505,510.7499694824219,589.696044921875,0.9977196455001831,556.9664916992188,565.610107421875,0.0520474910736084,552.984619140625,587.1298828125,0.11013048887252808,607.6278686523438,568.0172119140625,0.9996607303619385,608.4854736328125,570.5804443359375,0.029512375593185425,235.18869018554688,564.5737915039062,0.01780855655670166,635.2186889648438,549.3406372070312,0.5671451687812805,556.5615844726562,556.083251953125,0.009117066860198975
1118,281.6756591796875,472.4075012207031,0.9999027252197266,1004.5093994140625,53.08256149291992,0.03295847773551941,241.75433349609375,573.0983276367188,0.9997693300247192,552.9379272460938,563.8198852539062,0.9958266615867615,511.2912902832031,589.6639404296875,0.9981750249862671,556.7517700195312,565.6923217773438,0.04426112771034241,553.1669921875,587.3558349609375,0.1087888777256012,608.0634155273438,567.6129150390625,0.9996438026428223,608.8682861328125,570.4409790039062,0.028124570846557617,235.18283081054688,565.2498779296875,0.018853217363357544,635.1318359375,549.7007446289062,0.637183427810669,556.6533813476562,556.2442626953125,0.008197695016860962
1119,281.8059997558594,472.6278076171875,0.999870240688324,556.17236328125,555.9942016601562,0.03681665658950806,242.06930541992188,573.0067138671875,0.9997742176055908,552.193115234375,564.1180419921875,0.9963022470474243,510.4122619628906,590.1484375,0.9983835220336914,556.3441772460938,565.794189453125,0.040659964084625244,553.046875,587.1319580078125,0.0944279134273529,607.0993041992188,568.6986694335938,0.9995999336242676,608.2184448242188,570.5977172851562,0.026861846446990967,234.991455078125,565.2867431640625,0.01942506432533264,635.008056640625,549.6593627929688,0.5649645924568176,556.5266723632812,556.1258544921875,0.007579535245895386
1120,281.3046569824219,473.7461242675781,0.9998769760131836,1004.4550170898438,51.74658966064453,0.04428368806838989,241.7527313232422,572.6166381835938,0.9997866153717041,552.22314453125,564.1832275390625,0.996312141418457,510.4627380371094,589.8482055664062,0.9985600709915161,556.427001953125,565.65625,0.04509428143501282,553.4014892578125,587.350341796875,0.12054365873336792,608.1279296875,567.69921875,0.9996663331985474,608.7598266601562,570.287109375,0.029378145933151245,234.5654754638672,564.9623413085938,0.02292761206626892,635.030029296875,549.4796752929688,0.6174624562263489,556.4168701171875,556.0626220703125,0.00797492265701294
1121,281.32080078125,473.62799072265625,0.9998921751976013,555.8408203125,556.1082153320312,0.03337186574935913,241.89630126953125,572.7683715820312,0.9997702836990356,551.9521484375,564.1080932617188,0.996849000453949,510.99493408203125,589.4751586914062,0.9980229139328003,556.2771606445312,565.8865356445312,0.04082730412483215,553.2291259765625,587.0967407226562,0.12913194298744202,608.1719360351562,567.7051391601562,0.9997152090072632,608.8196411132812,570.5601806640625,0.03227218985557556,552.3554077148438,559.6083984375,0.017090439796447754,635.0914916992188,550.0335083007812,0.5704395771026611,556.4702758789062,556.3152465820312,0.007813781499862671
1122,281.1494445800781,473.55364990234375,0.9999145865440369,1004.2734985351562,52.466800689697266,0.0642947256565094,242.40530395507812,572.9882202148438,0.9998117685317993,552.1417846679688,563.6937255859375,0.9962069392204285,511.34539794921875,585.6861572265625,0.9982603788375854,556.5387573242188,565.3653564453125,0.04388749599456787,553.38427734375,586.9959716796875,0.10563862323760986,607.6663208007812,567.7732543945312,0.9996697902679443,608.576904296875,570.3558959960938,0.02651330828666687,552.2911376953125,559.6632080078125,0.01722884178161621,635.5484619140625,549.8670043945312,0.5968672633171082,556.541015625,556.1810302734375,0.008080005645751953
1123,281.5711975097656,472.5562744140625,0.9999127388000488,555.7420043945312,555.6695556640625,0.03474825620651245,241.57363891601562,572.6838989257812,0.9998029470443726,552.4653930664062,563.9049682617188,0.996847927570343,510.67950439453125,590.054443359375,0.9983916282653809,556.454833984375,565.7826538085938,0.045407891273498535,553.5177001953125,587.3485717773438,0.09151574969291687,607.537841796875,567.7779541015625,0.9997549057006836,608.6055297851562,570.6085205078125,0.023379981517791748,234.48594665527344,564.972412109375,0.014561176300048828,634.8716430664062,549.8609619140625,0.4637570083141327,556.5868530273438,556.0859375,0.007118523120880127
1124,281.15966796875,473.7626647949219,0.9999105930328369,556.2076416015625,555.9111938476562,0.03483489155769348,240.76124572753906,572.2821044921875,0.9997586011886597,551.72900390625,564.3248291015625,0.9969435930252075,510.9241027832031,590.0655517578125,0.9984585046768188,556.3102416992188,565.9081420898438,0.04855567216873169,553.2191772460938,587.3197631835938,0.14280614256858826,607.8228149414062,567.4432373046875,0.999724268913269,608.7360229492188,570.1441650390625,0.032065004110336304,552.3250732421875,559.602783203125,0.015024393796920776,635.15234375,549.7499389648438,0.33754223585128784,556.7263793945312,556.13330078125,0.007684260606765747
1125,281.6159362792969,472.8692626953125,0.9999052286148071,555.8890991210938,556.0835571289062,0.037626951932907104,242.12718200683594,573.0243530273438,0.9998105764389038,552.2408447265625,563.8811645507812,0.995707631111145,510.4920959472656,590.3837890625,0.9987281560897827,556.34521484375,565.7147827148438,0.051908910274505615,553.3294067382812,587.411376953125,0.13855206966400146,607.7304077148438,567.4668579101562,0.9997758865356445,612.31884765625,568.6202392578125,0.027231723070144653,552.185546875,559.5904541015625,0.016077250242233276,635.6744384765625,549.8113403320312,0.575944721698761,556.530517578125,556.1876831054688,0.007488161325454712
1126,281.1625671386719,473.64971923828125,0.9998956918716431,1004.5792846679688,52.9085578918457,0.0351165235042572,241.46421813964844,572.36279296875,0.9997695684432983,551.8549194335938,564.1157836914062,0.9959647059440613,510.48907470703125,590.6598510742188,0.9987032413482666,555.71533203125,565.9580688476562,0.0428767204284668,553.5897827148438,587.3915405273438,0.14214357733726501,608.0199584960938,567.6168212890625,0.9997513890266418,608.7225952148438,570.4183959960938,0.022716164588928223,234.5794219970703,564.79541015625,0.017733126878738403,635.6859741210938,549.615478515625,0.5103413462638855,556.5580444335938,556.2485961914062,0.0071871280670166016
1127,281.26666259765625,473.75177001953125,0.9998893141746521,1004.501953125,52.400787353515625,0.04695427417755127,241.27540588378906,572.811279296875,0.9997504949569702,551.4227294921875,563.9907836914062,0.9955521821975708,510.8039855957031,590.2891235351562,0.9988276958465576,555.2086791992188,565.79296875,0.047057777643203735,553.6690673828125,587.3424682617188,0.11537259817123413,608.0222778320312,567.5949096679688,0.9996771812438965,608.847412109375,570.1000366210938,0.027239173650741577,234.05828857421875,564.6397705078125,0.018610447645187378,635.4857177734375,549.096435546875,0.44091853499412537,556.359375,556.297607421875,0.008368432521820068
1128,281.2174987792969,473.6029968261719,0.9998914003372192,556.1199340820312,555.7766723632812,0.029177933931350708,240.97915649414062,572.5440673828125,0.9997814893722534,551.7706909179688,563.825439453125,0.9969230890274048,510.68548583984375,589.8093872070312,0.9985027313232422,555.7461547851562,565.818115234375,0.0555119514465332,553.4707641601562,587.4326782226562,0.11912107467651367,608.2509155273438,567.623046875,0.9997352957725525,608.8884887695312,570.272705078125,0.027132481336593628,233.97805786132812,564.5130615234375,0.01592913269996643,635.3965454101562,548.894287109375,0.7156726121902466,556.5180053710938,556.230224609375,0.007360398769378662
1129,281.080810546875,473.66009521484375,0.9999169111251831,1004.5855712890625,52.81545639038086,0.04224315285682678,240.9657745361328,572.1558837890625,0.9997068643569946,551.8657836914062,564.0331420898438,0.9967759847640991,510.7391662597656,590.222900390625,0.998786985874176,555.9688720703125,565.6419677734375,0.05127456784248352,553.7091674804688,587.447509765625,0.09339484572410583,608.3043823242188,567.2989501953125,0.9998093843460083,612.5692138671875,568.2669067382812,0.03317970037460327,234.49871826171875,564.354736328125,0.017139017581939697,635.1368408203125,549.558349609375,0.29422545433044434,556.4889526367188,556.0736083984375,0.007965534925460815
1130,280.9978332519531,473.688232421875,0.999900758266449,556.368408203125,555.949951171875,0.03438812494277954,240.45318603515625,572.3404541015625,0.9997262358665466,551.3944091796875,563.8622436523438,0.996748149394989,511.08447265625,590.2432250976562,0.9986592531204224,555.4027709960938,565.8827514648438,0.05426982045173645,553.5145263671875,587.7659301757812,0.10900363326072693,608.203369140625,567.537353515625,0.9997962117195129,612.4548950195312,568.2833862304688,0.03244394063949585,552.8356323242188,559.5418701171875,0.01601049304008484,635.0516967773438,549.519287109375,0.5035672187805176,556.4954833984375,556.0888061523438,0.0075154900550842285
1131,280.95660400390625,473.7497863769531,0.9999041557312012,1004.290283203125,52.94404983520508,0.0726153552532196,240.4268798828125,572.2540893554688,0.9997071027755737,551.0670166015625,564.0105590820312,0.9965413808822632,510.5832824707031,590.3512573242188,0.9987872838973999,554.7385864257812,565.964599609375,0.05794715881347656,553.746337890625,587.6676635742188,0.11669927835464478,607.6154174804688,567.85400390625,0.9997308254241943,608.562255859375,570.4291381835938,0.02855384349822998,233.5579071044922,564.1143188476562,0.0160408616065979,634.7998657226562,550.027587890625,0.29460281133651733,556.4193115234375,556.0015258789062,0.007228940725326538
1132,281.07537841796875,473.87664794921875,0.9999188780784607,556.4736328125,555.8340454101562,0.039409637451171875,239.67457580566406,571.652099609375,0.9996291399002075,551.510498046875,564.0188598632812,0.996415376663208,510.7890319824219,589.9208374023438,0.9985618591308594,555.4554443359375,566.12744140625,0.06978195905685425,553.0394897460938,587.6002197265625,0.12952032685279846,607.7673950195312,567.846923828125,0.9996670484542847,608.5890502929688,570.287353515625,0.030520319938659668,552.6542358398438,559.4358520507812,0.01698264479637146,634.7252807617188,549.8200073242188,0.28695639967918396,556.4555053710938,556.093994140625,0.00812917947769165
1133,281.0743103027344,473.3720703125,0.9999189376831055,555.9432373046875,555.7823486328125,0.03004363179206848,240.08172607421875,571.7145385742188,0.9997164011001587,552.1762084960938,563.79052734375,0.9954729080200195,510.968994140625,589.7839965820312,0.9985471963882446,555.7932739257812,565.8117065429688,0.050560951232910156,553.5458984375,587.5593872070312,0.11421328783035278,607.8101196289062,567.5556640625,0.9997477531433105,608.6436157226562,570.3408203125,0.03188857436180115,233.614501953125,564.1881103515625,0.023070544004440308,634.77587890625,549.997802734375,0.3325284719467163,556.4972534179688,555.9971313476562,0.006178945302963257
1134,281.0621643066406,473.9048156738281,0.9999025464057922,179.7848358154297,12.77125358581543,0.03595077991485596,239.26156616210938,571.07373046875,0.9996268153190613,551.0538940429688,564.2289428710938,0.9970663785934448,510.9966735839844,589.4750366210938,0.9981201887130737,555.0059204101562,566.4507446289062,0.06986266374588013,553.271240234375,587.5293579101562,0.12119153141975403,607.5253295898438,568.0232543945312,0.9996031522750854,608.6311645507812,570.4090576171875,0.02752581238746643,233.12049865722656,563.7984619140625,0.03051796555519104,635.3451538085938,549.5701904296875,0.38632434606552124,556.41943359375,556.1442260742188,0.007354438304901123
1135,280.989013671875,473.7169189453125,0.9999150037765503,1004.5996704101562,52.133209228515625,0.04959985613822937,239.44839477539062,571.2385864257812,0.9995989799499512,551.458251953125,564.1307983398438,0.9953343272209167,511.2744140625,590.0355834960938,0.9981247782707214,555.4728393554688,566.2305908203125,0.06636223196983337,553.3311157226562,587.387939453125,0.16006344556808472,607.4907836914062,567.8960571289062,0.9995829463005066,608.453369140625,570.4224853515625,0.02592441439628601,233.0906524658203,563.7068481445312,0.020640283823013306,635.9274291992188,550.0131225585938,0.22433346509933472,556.4397583007812,556.2167358398438,0.007609754800796509
1136,280.8982238769531,473.59814453125,0.9999208450317383,556.35498046875,556.21142578125,0.03315386176109314,239.96755981445312,570.9391479492188,0.9996542930603027,551.7739868164062,564.008056640625,0.9961332082748413,511.58984375,585.7810668945312,0.9980370402336121,555.976318359375,565.8016357421875,0.0456814169883728,553.27490234375,587.1302490234375,0.12637737393379211,607.8549194335938,567.7271728515625,0.9996458888053894,608.7323608398438,570.2579345703125,0.024928659200668335,233.42816162109375,563.7290649414062,0.027463406324386597,635.6549682617188,549.5975952148438,0.37082359194755554,556.3797607421875,556.1480712890625,0.00853702425956726
1137,281.1000671386719,473.6485900878906,0.9999418258666992,1004.38525390625,52.080108642578125,0.12256377935409546,239.84970092773438,571.461669921875,0.9996094703674316,551.8843383789062,563.8314208984375,0.9949037432670593,511.1321716308594,590.0012817382812,0.9976187944412231,555.5360107421875,565.864501953125,0.07401970028877258,553.5455932617188,587.6154174804688,0.1611488163471222,608.426513671875,567.6714477539062,0.9997518062591553,608.9765625,570.2200317382812,0.03347742557525635,233.05056762695312,563.8345336914062,0.022902995347976685,636.0492553710938,549.3946533203125,0.3426780104637146,556.4260864257812,556.0523071289062,0.008363962173461914
1138,280.94598388671875,473.5686340332031,0.9999105930328369,1004.4880981445312,52.66168975830078,0.036336153745651245,239.97772216796875,571.501708984375,0.9996377825737,552.5333251953125,563.7923583984375,0.9956218600273132,511.9505310058594,585.79443359375,0.9978252649307251,556.26318359375,565.916259765625,0.04439529776573181,553.3446655273438,587.3531494140625,0.13535454869270325,608.7675170898438,567.5550537109375,0.9997496604919434,608.9954833984375,570.2908325195312,0.03238299489021301,233.6017608642578,564.0215454101562,0.018366724252700806,635.9744873046875,549.6431884765625,0.30372071266174316,556.5745239257812,556.1007690429688,0.007268965244293213
1139,280.86834716796875,473.7733154296875,0.9999152421951294,556.4443969726562,555.8704223632812,0.03666236996650696,238.97525024414062,570.9092407226562,0.9994432926177979,551.6087646484375,563.5076293945312,0.9962007999420166,511.8297424316406,585.7513427734375,0.9983161091804504,555.4901733398438,565.7285766601562,0.06557083129882812,553.4134521484375,587.4378662109375,0.1691695749759674,608.2071533203125,567.6575317382812,0.9997885227203369,609.128173828125,570.2584838867188,0.034314870834350586,233.02505493164062,563.7220458984375,0.023176074028015137,636.5591430664062,549.4241333007812,0.17627763748168945,556.4960327148438,556.1207885742188,0.008449554443359375
1140,280.9246520996094,473.5260009765625,0.9999293088912964,555.7117309570312,555.8047485351562,0.029665857553482056,240.1908721923828,571.6824340820312,0.9996587634086609,552.8416137695312,562.9381103515625,0.9962732791900635,511.06756591796875,590.3353271484375,0.998186469078064,557.1904907226562,565.1978149414062,0.043334245681762695,553.1502685546875,587.2254028320312,0.12335985898971558,608.486083984375,567.4088745117188,0.9998213052749634,609.02392578125,570.2849731445312,0.029765337705612183,233.51095581054688,564.216064453125,0.023008018732070923,635.977294921875,549.9736328125,0.1414252519607544,556.7089233398438,556.0780639648438,0.008558958768844604
1141,280.9678039550781,473.4772033691406,0.9999091029167175,556.035400390625,555.7462768554688,0.033406853675842285,795.3035278320312,558.427978515625,0.9992852210998535,552.6376953125,563.2103271484375,0.9960793256759644,511.56146240234375,585.518798828125,0.9979425668716431,556.3422241210938,565.3796997070312,0.04685220122337341,553.5221557617188,587.647216796875,0.0744185745716095,608.2139282226562,567.6289672851562,0.9997861385345459,608.8417358398438,570.218017578125,0.027728617191314697,233.06329345703125,563.5910034179688,0.020673364400863647,636.1198120117188,550.3675537109375,0.11757442355155945,556.4351196289062,555.9906616210938,0.008122682571411133
1142,280.95703125,473.4768371582031,0.9999077916145325,555.8596801757812,555.4578857421875,0.0286903977394104,794.7274780273438,558.5215454101562,0.9993863105773926,552.57421875,563.2437133789062,0.9974900484085083,511.30218505859375,585.42626953125,0.998490571975708,556.2267456054688,565.4208984375,0.04792937636375427,553.678466796875,587.7355346679688,0.10087788105010986,608.751953125,567.39404296875,0.9997951984405518,609.2826538085938,569.9708862304688,0.03378841280937195,233.1120147705078,563.7214965820312,0.018116235733032227,636.2657470703125,550.2586669921875,0.11966204643249512,556.5716552734375,555.9661254882812,0.008116841316223145
1143,281.02508544921875,473.6254577636719,0.9998754858970642,556.0765380859375,555.7718505859375,0.03141885995864868,239.40164184570312,570.342041015625,0.9994720220565796,552.3052978515625,563.4308471679688,0.9962936639785767,511.1127624511719,590.0202026367188,0.9984941482543945,556.3457641601562,565.4557495117188,0.041612982749938965,553.6575927734375,587.538818359375,0.08724495768547058,608.8158569335938,567.51513671875,0.9998232126235962,609.2363891601562,570.260009765625,0.029793888330459595,233.2150115966797,563.6343994140625,0.026060819625854492,636.5323486328125,550.0048217773438,0.18513968586921692,556.5698852539062,556.1365966796875,0.007483631372451782
1144,280.8998107910156,473.6030578613281,0.9999117851257324,556.1198120117188,555.6610107421875,0.03101027011871338,794.7735595703125,558.192138671875,0.9993069171905518,551.317138671875,563.6974487304688,0.9961966276168823,510.9738464355469,590.0250244140625,0.9982520341873169,555.8002319335938,565.6646118164062,0.06566646695137024,553.26171875,587.8026123046875,0.1580454409122467,608.5071411132812,567.469482421875,0.9997899532318115,608.95361328125,570.1220092773438,0.03361797332763672,233.09173583984375,563.9840087890625,0.018671303987503052,803.0471801757812,552.257568359375,0.08217495679855347,556.4110717773438,555.9317016601562,0.008120208978652954
1145,281.0852355957031,473.4645690917969,0.99991774559021,555.78515625,555.8163452148438,0.029105931520462036,795.3576049804688,558.4185791015625,0.9993868470191956,552.300048828125,563.5730590820312,0.9967902898788452,510.7491455078125,590.0946655273438,0.998580813407898,556.65087890625,565.2125854492188,0.037635356187820435,553.59326171875,587.6718139648438,0.13663777709007263,609.1546630859375,567.3397216796875,0.9998356699943542,609.2590942382812,570.2142333984375,0.03133144974708557,232.7506103515625,563.709716796875,0.017781883478164673,637.2760009765625,549.6895751953125,0.22020891308784485,556.61328125,555.9918823242188,0.007878810167312622
1146,281.0611877441406,473.5605773925781,0.9999303817749023,556.2518310546875,556.0670776367188,0.031935274600982666,239.4080047607422,570.6197509765625,0.9994271397590637,552.1148071289062,563.8212280273438,0.9963070154190063,511.13580322265625,590.3720703125,0.9982319474220276,556.3677978515625,565.4838256835938,0.05023959279060364,553.2564086914062,587.6436157226562,0.0955386757850647,608.23291015625,567.8209228515625,0.999780535697937,608.9413452148438,570.2443237304688,0.03327140212059021,233.28619384765625,563.834228515625,0.02322852611541748,636.7946166992188,550.166015625,0.17481407523155212,556.5753173828125,556.0509033203125,0.008209645748138428
1147,280.8283996582031,473.56927490234375,0.9999381303787231,556.17919921875,555.3743896484375,0.03064972162246704,795.3028564453125,558.669921875,0.9994474649429321,552.36083984375,563.7598876953125,0.9973282814025879,510.95440673828125,589.7086181640625,0.9979380369186401,556.515869140625,565.6275634765625,0.05331042408943176,552.8925170898438,587.6778564453125,0.10193836688995361,608.6766357421875,567.8605346679688,0.9998044967651367,609.1851806640625,570.3299560546875,0.03376010060310364,233.02464294433594,563.4764404296875,0.022558003664016724,636.8072509765625,549.9918823242188,0.18192622065544128,556.6076049804688,555.9735107421875,0.008270561695098877
1148,280.9582214355469,473.50018310546875,0.9999293684959412,1004.4374389648438,51.907386779785156,0.03194156289100647,794.7535400390625,558.8766479492188,0.9994552731513977,552.09033203125,563.66845703125,0.996142566204071,510.7068786621094,590.1331176757812,0.998236358165741,556.368408203125,565.5991821289062,0.046782881021499634,552.824462890625,587.440673828125,0.12389540672302246,608.0449829101562,568.0917358398438,0.9997483491897583,608.7528076171875,570.494140625,0.038650572299957275,233.05581665039062,563.90283203125,0.02120959758758545,636.836181640625,550.0899658203125,0.15377771854400635,556.5172119140625,556.0371704101562,0.008221089839935303
1149,280.91693115234375,473.4549255371094,0.9999262094497681,556.3392333984375,556.0169067382812,0.03183898329734802,794.8811645507812,558.94921875,0.999480128288269,552.1715087890625,563.5642700195312,0.9963291883468628,510.6291198730469,590.5444946289062,0.9988653659820557,556.1311645507812,565.7720947265625,0.05722424387931824,553.1105346679688,587.4696655273438,0.11184746026992798,608.331787109375,567.8009033203125,0.999798595905304,608.781982421875,570.3287353515625,0.04227203130722046,552.3275756835938,559.251220703125,0.016768723726272583,636.6137084960938,550.0535278320312,0.1619763970375061,556.4678344726562,556.0830078125,0.008657842874526978
1150,280.9360046386719,473.54461669921875,0.9999204874038696,556.3067626953125,555.8896484375,0.033463120460510254,795.2236328125,559.0677490234375,0.999470591545105,551.9302978515625,563.5780029296875,0.996863842010498,510.7836608886719,589.743896484375,0.9983999729156494,556.2205200195312,565.4363403320312,0.05041986703872681,553.2777709960938,587.7462768554688,0.14500027894973755,608.78466796875,567.6906127929688,0.9998147487640381,609.218994140625,570.2095336914062,0.04069209098815918,232.97357177734375,563.9221801757812,0.01665198802947998,802.3980102539062,551.5807495117188,0.10516873002052307,556.5408935546875,556.0013427734375,0.008328229188919067
1151,280.8155822753906,473.63446044921875,0.9999154806137085,1004.46484375,52.22733688354492,0.03986614942550659,239.69053649902344,571.2288208007812,0.9994956254959106,552.4144897460938,563.5289916992188,0.9976694583892822,511.1512756347656,586.0115966796875,0.9984973669052124,556.5623779296875,565.6594848632812,0.05031421780586243,552.8452758789062,587.831787109375,0.1053953766822815,608.5192260742188,567.6581420898438,0.9998133778572083,609.0960083007812,570.3014526367188,0.03376293182373047,233.03672790527344,563.863037109375,0.018829554319381714,636.9629516601562,549.6740112304688,0.15634703636169434,556.6310424804688,555.9244384765625,0.007107645273208618
1152,280.89984130859375,473.5865783691406,0.9999293088912964,556.1580810546875,555.792724609375,0.031211405992507935,795.1937255859375,558.7523193359375,0.9994269609451294,551.8139038085938,563.7285766601562,0.9973227977752686,510.7844543457031,590.2509155273438,0.9981352090835571,555.9957275390625,565.6820068359375,0.04622375965118408,553.461181640625,587.7246704101562,0.10574838519096375,608.8377685546875,567.9025268554688,0.9997870922088623,609.3463134765625,570.40576171875,0.03127491474151611,233.22767639160156,563.8626708984375,0.018209099769592285,636.4627075195312,550.0736083984375,0.13385170698165894,556.4105224609375,555.9832763671875,0.007891744375228882
1153,280.9518737792969,473.4355773925781,0.9999221563339233,556.0401000976562,555.8756103515625,0.03373384475708008,795.045654296875,558.6898193359375,0.9993724822998047,552.6748657226562,563.3788452148438,0.9957549571990967,510.6965026855469,590.461669921875,0.9986867904663086,556.9583740234375,565.2636108398438,0.04784777760505676,553.3896484375,587.8250122070312,0.12380728125572205,609.0833740234375,567.8648681640625,0.9998156428337097,609.4095458984375,570.2855834960938,0.03924757242202759,233.30520629882812,563.9714965820312,0.016045093536376953,636.67236328125,550.233154296875,0.09930402040481567,556.6470336914062,556.0518188476562,0.0075844526290893555
1154,281.06365966796875,473.45172119140625,0.9999107718467712,556.3721923828125,555.6538696289062,0.03029090166091919,795.2313842773438,558.7474365234375,0.9995737075805664,551.9745483398438,563.5787353515625,0.9976452589035034,510.55712890625,590.5416870117188,0.9991108179092407,555.9885864257812,565.4746704101562,0.04940587282180786,553.4343872070312,587.7351684570312,0.13341984152793884,609.326416015625,567.9271240234375,0.9997484683990479,609.5328979492188,570.1143798828125,0.03450655937194824,233.4510498046875,563.8164672851562,0.020128190517425537,637.3104248046875,549.3447265625,0.21998432278633118,556.520751953125,555.9022216796875,0.007618337869644165
1155,280.6884765625,473.5340576171875,0.9999131560325623,555.7179565429688,556.2454833984375,0.030490219593048096,240.89915466308594,571.6361083984375,0.9995566606521606,551.9249877929688,563.716796875,0.997266948223114,511.5675354003906,589.7901611328125,0.9977405071258545,556.3165283203125,565.4105224609375,0.0344807505607605,552.9463500976562,587.5305786132812,0.08623626828193665,609.0037231445312,567.9776611328125,0.9997453689575195,609.478271484375,570.3812866210938,0.036604493856430054,552.3172607421875,559.4421997070312,0.016062557697296143,636.945556640625,549.8868408203125,0.21349048614501953,556.3845825195312,556.0408935546875,0.007892310619354248
1156,280.87109375,473.2816467285156,0.9999219179153442,555.98779296875,555.7390747070312,0.029200315475463867,795.2366333007812,559.022705078125,0.9996309280395508,552.24169921875,563.500244140625,0.9971354603767395,510.5143127441406,590.0460815429688,0.9985073804855347,556.4181518554688,565.3860473632812,0.04246225953102112,553.4667358398438,587.5325927734375,0.11512258648872375,609.1278686523438,567.9462280273438,0.9997586011886597,609.583984375,570.272216796875,0.04186698794364929,233.94297790527344,564.0179443359375,0.021021783351898193,636.61279296875,549.9949951171875,0.1727486550807953,556.587646484375,555.9868774414062,0.007925540208816528
1157,280.8721923828125,473.40887451171875,0.9999297857284546,1004.7210693359375,52.02952575683594,0.05889037251472473,240.98524475097656,571.4789428710938,0.9996422529220581,552.4271240234375,563.6148071289062,0.996562659740448,511.489990234375,590.3011474609375,0.9983546733856201,556.1828002929688,565.330078125,0.045535922050476074,553.8220825195312,587.5698852539062,0.12480044364929199,609.7999267578125,567.6976928710938,0.9998143911361694,609.7247314453125,570.0816040039062,0.03767421841621399,234.0269012451172,564.2598266601562,0.0184248685836792,637.904541015625,549.2089233398438,0.25816231966018677,556.5140380859375,556.045166015625,0.007974088191986084
1158,280.9465026855469,473.3901062011719,0.9999354481697083,1004.923095703125,51.69227981567383,0.04167112708091736,239.93316650390625,570.4887084960938,0.9994671940803528,552.5944213867188,563.39794921875,0.9973648190498352,511.0281677246094,590.0853881835938,0.9981985092163086,556.5310668945312,565.2048950195312,0.043003618717193604,553.9928588867188,587.7718505859375,0.08418512344360352,609.5418701171875,567.8748168945312,0.9997756481170654,609.5532836914062,569.9756469726562,0.040453583002090454,233.6846160888672,563.6126708984375,0.02250167727470398,637.6246948242188,548.9752197265625,0.12107354402542114,556.5289306640625,555.9900512695312,0.008074969053268433
1159,281.07684326171875,473.186279296875,0.9999406337738037,556.056884765625,555.6746826171875,0.029946088790893555,240.8065185546875,570.6810913085938,0.9995339512825012,552.3162841796875,563.5609741210938,0.9977008104324341,510.93701171875,590.1306762695312,0.9981592893600464,556.2998046875,565.3529052734375,0.043440043926239014,553.6420288085938,587.9849853515625,0.10253295302391052,609.393798828125,567.7523193359375,0.9997941255569458,609.6336059570312,570.100341796875,0.03288045525550842,234.11862182617188,564.0711059570312,0.018735259771347046,637.8257446289062,548.9054565429688,0.08825218677520752,556.5122680664062,555.8638305664062,0.00765681266784668
1160,280.951904296875,473.42779541015625,0.999929666519165,1004.7400512695312,52.14189147949219,0.035958945751190186,241.0249786376953,571.2213134765625,0.9994980692863464,552.3132934570312,563.5760498046875,0.9977952241897583,510.8307800292969,590.4935302734375,0.998593807220459,556.2285766601562,565.6948852539062,0.04511091113090515,553.2472534179688,587.9143676757812,0.10460647940635681,608.9727172851562,568.1598510742188,0.9997270703315735,609.1903686523438,570.2972412109375,0.03453916311264038,233.9653778076172,564.2432250976562,0.019807875156402588,637.7741088867188,549.313720703125,0.15963628888130188,556.5698852539062,555.9330444335938,0.007603675127029419
1161,280.9216003417969,473.4678955078125,0.999914824962616,1004.57958984375,52.411376953125,0.04274827241897583,241.24710083007812,571.4461059570312,0.9995975494384766,552.4542846679688,563.5291748046875,0.9978429079055786,511.16082763671875,589.9405517578125,0.9983925819396973,556.6027221679688,565.3065185546875,0.03643682599067688,553.3783569335938,587.9369506835938,0.10494890809059143,609.3738403320312,567.8824462890625,0.999854326248169,609.5502319335938,570.2733154296875,0.03461906313896179,552.1832275390625,558.6423950195312,0.015430539846420288,637.0669555664062,549.7998657226562,0.0959998071193695,556.512451171875,555.8948974609375,0.008062541484832764
1162,280.85638427734375,473.1722717285156,0.9999303817749023,556.1536254882812,555.8048095703125,0.03221255540847778,241.8898162841797,571.5571899414062,0.9996371269226074,552.4883422851562,563.8330078125,0.9975388050079346,511.0046081542969,590.4926147460938,0.9987472295761108,556.4541625976562,565.804931640625,0.049218446016311646,552.8648681640625,587.6903686523438,0.09545338153839111,608.08251953125,568.437255859375,0.9996932148933411,608.6123046875,570.6040649414062,0.030510008335113525,552.3131713867188,559.0188598632812,0.016022175550460815,637.13671875,549.5284423828125,0.12580019235610962,556.5665283203125,556.0084228515625,0.008411377668380737
1163,280.8705139160156,473.27655029296875,0.9999378323554993,1004.1154174804688,52.05121994018555,0.0630856454372406,240.65530395507812,570.5398559570312,0.9994702339172363,552.6433715820312,563.424560546875,0.9964358806610107,511.3460998535156,590.1502075195312,0.997760534286499,556.6040649414062,565.3722534179688,0.050459474325180054,553.1716918945312,587.700439453125,0.11911776661872864,609.3963012695312,567.7313232421875,0.9998244047164917,609.51416015625,570.1058349609375,0.03763848543167114,552.1641845703125,559.1878051757812,0.01834571361541748,637.2198486328125,549.6787719726562,0.1192035973072052,556.45751953125,555.9989624023438,0.008709430694580078
1164,280.7875671386719,473.2843017578125,0.9999237060546875,556.3572998046875,555.79248046875,0.034969717264175415,241.2532196044922,571.1940307617188,0.9995732307434082,551.8711547851562,563.411865234375,0.9973330497741699,511.2325134277344,589.956787109375,0.9982942342758179,556.0687866210938,565.4364013671875,0.04947766661643982,553.1094970703125,587.812255859375,0.13936352729797363,609.0430297851562,568.01806640625,0.9997780919075012,609.3438720703125,570.3743896484375,0.03652510046958923,234.21652221679688,564.0809326171875,0.01853698492050171,637.12158203125,550.2144775390625,0.14050227403640747,556.4995727539062,555.9664306640625,0.008594542741775513
1165,280.7204284667969,473.28021240234375,0.9999369382858276,555.986572265625,555.6053466796875,0.03026944398880005,795.477783203125,558.5580444335938,0.999390721321106,552.2243041992188,563.8580322265625,0.9979313015937805,510.74664306640625,589.7424926757812,0.9975917339324951,556.2109375,565.8973388671875,0.04227063059806824,553.0438232421875,588.0302124023438,0.11369255185127258,609.531005859375,567.8310546875,0.9998195171356201,609.5010986328125,570.4826049804688,0.03476285934448242,234.04490661621094,563.710205078125,0.021172791719436646,637.3091430664062,550.351318359375,0.13065305352210999,556.5131225585938,555.866455078125,0.0074796974658966064
1166,280.83367919921875,473.04461669921875,0.9999390840530396,556.6968994140625,555.6984252929688,0.03406268358230591,241.8495330810547,571.0701293945312,0.999531626701355,551.6072998046875,563.8126220703125,0.997475266456604,510.8337097167969,589.6422729492188,0.9974675178527832,555.4974975585938,565.7434692382812,0.05263936519622803,553.86181640625,587.8058471679688,0.13048240542411804,609.4859008789062,568.0448608398438,0.9997681379318237,609.5784301757812,570.1787109375,0.032882362604141235,235.1546630859375,564.491455078125,0.01648545265197754,637.7432250976562,550.122802734375,0.18158331513404846,556.4966430664062,555.9754028320312,0.007652938365936279
1167,280.77935791015625,473.369140625,0.9999350309371948,555.8338012695312,555.6538696289062,0.03347623348236084,241.10281372070312,570.5092163085938,0.9994489550590515,552.4510498046875,563.5055541992188,0.9975488781929016,511.11920166015625,589.6060180664062,0.9981510639190674,556.6853637695312,565.2171630859375,0.04579347372055054,553.6434936523438,587.8057250976562,0.10988196730613708,609.7702026367188,567.6966552734375,0.9998499155044556,609.742919921875,570.1214599609375,0.03356102108955383,234.14346313476562,563.8955688476562,0.02152872085571289,638.3374633789062,549.9644165039062,0.09464240074157715,556.448974609375,555.8380126953125,0.007567346096038818
1168,280.857421875,473.1051330566406,0.9999299645423889,179.8251190185547,12.768643379211426,0.05055460333824158,240.34454345703125,570.9284057617188,0.9995220899581909,552.0278930664062,563.8760986328125,0.9977534413337708,510.6003112792969,589.9404907226562,0.9980487823486328,556.2957763671875,565.6640014648438,0.04427561163902283,553.3878784179688,587.8525390625,0.13322967290878296,609.613037109375,568.0791625976562,0.9998167753219604,609.6902465820312,570.4295654296875,0.038958728313446045,234.22731018066406,564.15087890625,0.026165127754211426,637.7928466796875,550.1136474609375,0.10045447945594788,556.5458984375,555.9387817382812,0.007761478424072266
1169,280.9730224609375,473.26519775390625,0.9999103546142578,555.6903686523438,555.85693359375,0.0317307710647583,242.72451782226562,571.5435791015625,0.999544084072113,552.7299194335938,563.4391479492188,0.9975650906562805,511.34173583984375,590.2579956054688,0.9985793232917786,556.7356567382812,565.354248046875,0.041111916303634644,553.7196655273438,587.6331787109375,0.09091395139694214,609.3941650390625,568.1033325195312,0.9998555183410645,609.6631469726562,570.2857055664062,0.03399181365966797,552.0626220703125,558.9593505859375,0.015413612127304077,638.67529296875,549.3772583007812,0.22193142771720886,556.4527587890625,555.8890380859375,0.007782191038131714
1170,280.8307800292969,473.2086486816406,0.9999282956123352,556.13671875,555.622802734375,0.037295401096343994,242.3893280029297,571.5257568359375,0.9995367527008057,552.0166015625,563.6219482421875,0.9973036050796509,511.0575256347656,590.0896606445312,0.9981410503387451,556.0623779296875,565.5237426757812,0.060804903507232666,553.6464233398438,587.5660400390625,0.10158476233482361,609.0496215820312,568.3645629882812,0.9996950030326843,609.252685546875,570.2594604492188,0.03175267577171326,552.6753540039062,558.9105834960938,0.017613381147384644,638.3319702148438,549.8702392578125,0.18876951932907104,556.48779296875,555.8468627929688,0.008865594863891602
1171,280.9245300292969,473.2420349121094,0.9999247789382935,555.7190551757812,555.62109375,0.03678882122039795,795.2682495117188,559.1762084960938,0.9995032548904419,552.984375,563.3007202148438,0.996385931968689,511.9638977050781,585.8786010742188,0.9985132813453674,556.441162109375,565.6361083984375,0.056748807430267334,553.845703125,587.8785400390625,0.10607713460922241,609.12451171875,568.1845703125,0.9998127222061157,609.15966796875,570.4462890625,0.028332620859146118,235.42877197265625,564.378662109375,0.017664074897766113,638.224853515625,550.1236572265625,0.13548174500465393,556.4464111328125,555.94189453125,0.008659332990646362
1172,280.84307861328125,473.154052734375,0.9999352693557739,555.840087890625,555.4268188476562,0.03169134259223938,241.66156005859375,570.9308471679688,0.9994500875473022,552.6041259765625,563.4900512695312,0.9973686337471008,511.5565490722656,585.5661010742188,0.9980959892272949,556.5219116210938,565.4254760742188,0.051737040281295776,553.7831420898438,587.7930908203125,0.09108668565750122,609.3363647460938,568.4227905273438,0.9997785091400146,609.2588500976562,570.5093994140625,0.029337555170059204,235.22276306152344,564.3034057617188,0.018992841243743896,638.0470581054688,550.13037109375,0.14751076698303223,556.5187377929688,555.828857421875,0.008078694343566895
1173,281.0628967285156,473.0818176269531,0.9999330043792725,555.6289672851562,555.7382202148438,0.03490361571311951,242.0595703125,571.2050170898438,0.9995094537734985,552.7910766601562,563.4571533203125,0.9967725276947021,511.6377258300781,585.7390747070312,0.998141884803772,557.095458984375,565.1265258789062,0.046732962131500244,553.7941284179688,587.3723754882812,0.07865157723426819,609.6612548828125,568.3447265625,0.9998220205307007,609.6854248046875,570.7005615234375,0.031892478466033936,551.5515747070312,559.0506591796875,0.01733165979385376,638.4150390625,550.1220703125,0.17603272199630737,556.5269165039062,555.9395141601562,0.008628219366073608
1174,280.8916931152344,473.0267028808594,0.99993497133255,555.6655883789062,555.5664672851562,0.03509494662284851,242.13323974609375,570.8818969726562,0.9994051456451416,552.8948974609375,563.2842407226562,0.9968447685241699,511.07379150390625,589.7167358398438,0.9980082511901855,556.8880615234375,565.2373657226562,0.0547785758972168,553.3592529296875,587.7180786132812,0.0958910882472992,609.0176391601562,568.4576416015625,0.999748945236206,609.35693359375,570.5517578125,0.032787054777145386,235.64285278320312,564.3596801757812,0.018254131078720093,637.8974609375,550.2850952148438,0.2655792236328125,556.5233154296875,555.8959350585938,0.009432107210159302
1175,280.7991027832031,473.0246276855469,0.9999393224716187,555.6533813476562,555.763916015625,0.03436857461929321,241.9835662841797,570.7876586914062,0.9994016885757446,552.8428344726562,563.364990234375,0.9966284036636353,511.3298645019531,589.84033203125,0.9981105327606201,556.6965942382812,565.3482666015625,0.048843175172805786,553.7615966796875,587.503173828125,0.09894481301307678,610.0380249023438,568.2738647460938,0.9997907876968384,609.7791748046875,570.2530517578125,0.03346973657608032,235.58526611328125,564.2711791992188,0.023203790187835693,638.8336181640625,549.3428955078125,0.2465268075466156,556.536865234375,555.919677734375,0.008735418319702148
1176,280.7898864746094,473.11370849609375,0.999930739402771,1004.2250366210938,52.443458557128906,0.05480435490608215,795.429931640625,558.6613159179688,0.9993631839752197,553.1666259765625,563.5590209960938,0.9979795217514038,511.2295837402344,585.4981689453125,0.9983539581298828,556.973876953125,565.43310546875,0.04646703600883484,553.2909545898438,587.784423828125,0.08318594098091125,609.7706298828125,568.2415771484375,0.9998372197151184,609.7139892578125,570.409912109375,0.03724077343940735,235.2174530029297,564.1080932617188,0.01664602756500244,638.8676147460938,549.1212158203125,0.24285238981246948,556.5485229492188,555.9432983398438,0.008364260196685791
1177,280.8763427734375,473.1246643066406,0.9999352097511292,1004.259521484375,52.40699005126953,0.05045703053474426,795.4337158203125,558.4669189453125,0.9994710683822632,552.9405517578125,563.448974609375,0.9974112510681152,511.51776123046875,590.046875,0.9980961084365845,556.8636474609375,565.4138793945312,0.04692631959915161,553.31201171875,587.8218383789062,0.08470427989959717,609.6080322265625,568.1094360351562,0.9998311996459961,609.7382202148438,570.1342163085938,0.03557208180427551,235.48573303222656,564.2230834960938,0.019554883241653442,638.8772583007812,549.1484985351562,0.3065508008003235,556.4749145507812,555.8925170898438,0.007924497127532959
1178,280.7809143066406,473.1235046386719,0.9999319314956665,556.0479125976562,555.4306640625,0.036219775676727295,795.5064086914062,558.3192138671875,0.9993607401847839,552.2025146484375,563.7037353515625,0.9974435567855835,511.69635009765625,585.6558837890625,0.9975003004074097,555.8952026367188,565.919677734375,0.0530681312084198,553.8248901367188,587.9910888671875,0.08842232823371887,609.8182373046875,568.2355346679688,0.9997813701629639,609.6251831054688,570.3438110351562,0.02796071767807007,234.93753051757812,563.8775634765625,0.01531839370727539,638.434814453125,549.6283569335938,0.25577807426452637,556.5103759765625,555.8641967773438,0.007342934608459473
1179,280.7679443359375,473.27362060546875,0.9999279379844666,556.0037231445312,555.6917114257812,0.03139805793762207,795.5599975585938,559.00732421875,0.9995667934417725,552.293701171875,563.6382446289062,0.9976368546485901,511.34954833984375,589.8580322265625,0.9981852769851685,556.3715209960938,565.60205078125,0.04615592956542969,553.5464477539062,587.8652954101562,0.08526143431663513,609.8040771484375,568.1552124023438,0.9997936487197876,609.7268676757812,570.2501220703125,0.037382662296295166,235.7123565673828,563.986572265625,0.01704859733581543,637.972900390625,549.5859375,0.20144328474998474,556.5536499023438,555.8890991210938,0.007480144500732422
1180,280.7304992675781,473.14532470703125,0.999930202960968,1004.4622802734375,52.14730453491211,0.03359493613243103,795.431884765625,558.8731689453125,0.9994704127311707,552.465087890625,563.38623046875,0.9977883696556091,511.6770935058594,589.9327392578125,0.9979449510574341,556.8719482421875,565.3362426757812,0.04338359832763672,553.3396606445312,587.6162719726562,0.08670571446418762,609.3718872070312,567.9811401367188,0.9998104572296143,609.433349609375,570.2343139648438,0.035016924142837524,552.1378173828125,558.7734375,0.014673113822937012,638.3324584960938,549.2916870117188,0.21053698658943176,556.5909423828125,556.0853271484375,0.008503884077072144
1181,280.6839599609375,473.1792297363281,0.9999469518661499,1004.7188720703125,52.20976257324219,0.03526589274406433,241.9801025390625,571.1669311523438,0.9994934797286987,552.4121704101562,563.6194458007812,0.9978479146957397,511.5623474121094,590.1161499023438,0.9983507394790649,556.6663818359375,565.4640502929688,0.03676360845565796,553.9115600585938,587.8621215820312,0.07740429043769836,609.3982543945312,568.2015991210938,0.9998172521591187,609.6264038085938,570.3306274414062,0.0353454053401947,235.42437744140625,564.3333740234375,0.01611959934234619,637.8895874023438,549.0437622070312,0.46431225538253784,556.5940551757812,555.9790649414062,0.008397161960601807
1182,280.7509460449219,473.1053466796875,0.9999405741691589,1004.9114379882812,52.09934997558594,0.04596322774887085,795.3641357421875,558.6447143554688,0.9992430210113525,553.0943603515625,563.5179443359375,0.9975295662879944,511.4176025390625,590.1975708007812,0.998468279838562,556.8506469726562,565.791259765625,0.05099242925643921,553.3935546875,587.7938842773438,0.09076061844825745,608.904052734375,568.157470703125,0.9997862577438354,609.2069702148438,570.6820678710938,0.030403614044189453,234.95997619628906,563.9891357421875,0.02069258689880371,638.0536499023438,549.3801879882812,0.412251740694046,556.4862060546875,556.0291137695312,0.008212804794311523
1183,280.78656005859375,472.95556640625,0.9999310970306396,555.9691162109375,555.2907104492188,0.02864167094230652,240.46096801757812,570.6917114257812,0.9993255138397217,552.6128540039062,563.336181640625,0.9979393482208252,511.2713317871094,590.1621704101562,0.9983946084976196,556.4722290039062,565.4871215820312,0.05335700511932373,552.836669921875,587.7786865234375,0.12754935026168823,609.101318359375,568.2503662109375,0.9997304081916809,609.1751098632812,570.5003662109375,0.03225240111351013,234.64736938476562,563.82177734375,0.018545806407928467,638.3634033203125,549.0938110351562,0.361526221036911,556.5408325195312,555.9061279296875,0.007431536912918091
1184,280.9853210449219,473.09674072265625,0.9999280571937561,555.8748779296875,555.2482299804688,0.030854225158691406,795.4611206054688,558.692626953125,0.999456524848938,553.0379638671875,563.542724609375,0.9975563287734985,511.8702697753906,585.8880615234375,0.9987914562225342,556.7235107421875,565.7026977539062,0.055959731340408325,553.1557006835938,587.5340576171875,0.08038845658302307,608.9130249023438,568.6117553710938,0.9996711015701294,609.1541748046875,570.6337280273438,0.033252596855163574,235.06857299804688,563.5885009765625,0.022589832544326782,638.0047607421875,549.3932495117188,0.45800042152404785,556.4849243164062,555.9541015625,0.007993251085281372
1185,280.93524169921875,473.0301513671875,0.9999263286590576,556.1766357421875,555.2891845703125,0.036522626876831055,795.781005859375,558.7271118164062,0.9995303153991699,552.16259765625,563.8339233398438,0.9980924129486084,512.0523071289062,585.73046875,0.9983515739440918,556.1503295898438,565.7236328125,0.04453113675117493,553.9756469726562,587.899658203125,0.04900887608528137,608.34912109375,568.5443725585938,0.9995672106742859,608.74560546875,570.33740234375,0.027599722146987915,235.12216186523438,563.6581420898438,0.02121928334236145,637.566162109375,549.7077026367188,0.2919584810733795,556.482421875,555.85595703125,0.008611291646957397
1186,280.9697570800781,473.4040832519531,0.9999480247497559,556.15234375,555.3433227539062,0.03137099742889404,795.5770263671875,558.6404418945312,0.9994692206382751,552.4132080078125,563.2319946289062,0.9978260397911072,511.7532958984375,585.8671264648438,0.9985731840133667,556.4003295898438,565.14599609375,0.045686304569244385,553.8056030273438,587.77685546875,0.07849052548408508,609.420166015625,568.2550048828125,0.9997467994689941,609.399658203125,570.419189453125,0.03689447045326233,235.35211181640625,563.7587280273438,0.016366809606552124,637.9451293945312,549.2310180664062,0.38650453090667725,556.5187377929688,555.832763671875,0.007747262716293335
1187,281.1272888183594,473.0342102050781,0.9999365210533142,555.9857788085938,555.0003051757812,0.0298478901386261,795.8038330078125,558.9236450195312,0.9994518756866455,552.2709350585938,563.3989868164062,0.9980617761611938,512.0032348632812,585.6448974609375,0.9986135959625244,556.1612548828125,565.52734375,0.04910069704055786,553.844482421875,587.80029296875,0.06882545351982117,608.98046875,568.3541259765625,0.9997807145118713,609.1396484375,570.573486328125,0.03112250566482544,235.4820556640625,564.2797241210938,0.014932453632354736,638.3329467773438,549.5709228515625,0.16496506333351135,556.4672241210938,555.72509765625,0.007355213165283203
1188,281.08343505859375,473.0323181152344,0.9999256134033203,556.0098266601562,555.3447265625,0.031557440757751465,796.0997924804688,558.8467407226562,0.999515175819397,552.6315307617188,563.57177734375,0.9972853660583496,511.2962646484375,590.1708984375,0.9983189105987549,556.413818359375,565.7914428710938,0.04957059025764465,553.8771362304688,587.7193603515625,0.05845656991004944,608.5443115234375,568.4404907226562,0.999674379825592,609.0364379882812,570.5375366210938,0.02861294150352478,551.7540893554688,559.0256958007812,0.01286044716835022,638.093017578125,549.7954711914062,0.3079824447631836,556.5029296875,555.9261474609375,0.007956832647323608
1189,281.080078125,473.2571716308594,0.9999411106109619,556.0970458984375,555.496337890625,0.030767887830734253,795.5785522460938,558.6480712890625,0.9995104074478149,552.6913452148438,563.706298828125,0.9972295761108398,511.614013671875,585.9998168945312,0.998304009437561,556.4779663085938,565.7379150390625,0.04409956932067871,553.8270874023438,587.787841796875,0.06287971138954163,608.6553344726562,568.5859985351562,0.9995971918106079,608.9071655273438,570.5863037109375,0.028178542852401733,235.71038818359375,563.816650390625,0.015880048274993896,638.0252075195312,549.6199340820312,0.33263105154037476,556.5643920898438,555.9617309570312,0.008013993501663208
1190,281.6615295410156,472.2459411621094,0.9999055862426758,556.1107177734375,555.0050659179688,0.03727293014526367,795.1166381835938,558.6583862304688,0.9995239973068237,552.8567504882812,564.0709838867188,0.9978340864181519,511.9621276855469,585.8980712890625,0.9975164532661438,556.2369384765625,566.2454833984375,0.06123471260070801,553.6717529296875,587.8947143554688,0.10685399174690247,609.2531127929688,568.6767578125,0.9996733665466309,609.3592529296875,570.5982055664062,0.031777024269104004,235.67784118652344,564.1934204101562,0.013967752456665039,638.3587646484375,549.3439331054688,0.36885806918144226,556.5653686523438,555.8905029296875,0.008625239133834839
1191,281.3106384277344,473.02752685546875,0.9999138116836548,556.1580200195312,555.268798828125,0.03325739502906799,795.6895141601562,558.80517578125,0.9995213747024536,552.4775390625,563.7078857421875,0.9974175095558167,511.4935607910156,590.0540771484375,0.9979778528213501,556.2041625976562,565.9685668945312,0.052899569272994995,553.6085815429688,588.0462646484375,0.09825843572616577,609.3345336914062,568.3413696289062,0.9997907280921936,609.5206909179688,570.4866333007812,0.027032047510147095,235.6606903076172,564.1542358398438,0.01248776912689209,638.483642578125,549.4292602539062,0.37620896100997925,556.5413208007812,555.9967041015625,0.008128851652145386
1192,281.284912109375,472.884765625,0.9999327659606934,1004.3533935546875,51.77688980102539,0.04142788052558899,795.18017578125,558.8313598632812,0.9995097517967224,552.1856689453125,563.7299194335938,0.9977176785469055,511.3851318359375,590.635498046875,0.998615026473999,556.4956665039062,565.7586669921875,0.0510745644569397,553.4210205078125,587.903076171875,0.08441340923309326,608.6597900390625,568.6480102539062,0.9996973276138306,609.0377807617188,570.8604736328125,0.02614772319793701,235.39797973632812,563.9287719726562,0.015135735273361206,637.8397827148438,549.8165893554688,0.38928836584091187,556.4385375976562,556.1299438476562,0.00886264443397522
1193,281.0933837890625,472.8987121582031,0.999925971031189,1004.6192626953125,51.618961334228516,0.042730510234832764,795.8366088867188,558.1673583984375,0.9992902278900146,553.1021728515625,563.8086547851562,0.9979272484779358,511.8675842285156,585.8239135742188,0.9981087446212769,556.8675537109375,565.7987060546875,0.03922721743583679,553.552734375,588.0272827148438,0.050929635763168335,608.9249877929688,568.5496215820312,0.9996973276138306,609.2351684570312,570.63037109375,0.02376234531402588,235.69508361816406,563.8878784179688,0.018002867698669434,638.23779296875,549.278076171875,0.4047624468803406,556.6494750976562,555.9584350585938,0.007517427206039429
1194,281.26055908203125,473.0711669921875,0.9999217987060547,556.1398315429688,555.1847534179688,0.03032463788986206,795.1721801757812,558.6657104492188,0.999442994594574,552.444580078125,563.7190551757812,0.9978485107421875,511.1952209472656,590.3543090820312,0.9985933303833008,556.7801513671875,565.8114624023438,0.047376424074172974,552.977294921875,588.06103515625,0.08767315745353699,609.5127563476562,568.4508666992188,0.9997797608375549,609.4740600585938,570.6473999023438,0.027784913778305054,235.81060791015625,564.02783203125,0.015745967626571655,638.6189575195312,549.1535034179688,0.4261646866798401,556.5925903320312,556.0966186523438,0.008374541997909546
1195,281.2936706542969,472.9720153808594,0.9999109506607056,556.145263671875,555.2337646484375,0.03125113248825073,795.4209594726562,558.1240234375,0.999406099319458,552.3572998046875,563.8765258789062,0.997855007648468,510.8858337402344,590.8196411132812,0.9987070560455322,556.222900390625,565.8419799804688,0.05466902256011963,553.2493896484375,587.8409423828125,0.1212489902973175,609.9053344726562,568.5612182617188,0.9997314214706421,609.8305053710938,570.4755859375,0.02618497610092163,235.90586853027344,564.0977172851562,0.01455390453338623,639.0706787109375,548.8619384765625,0.4747959077358246,556.5424194335938,556.161865234375,0.00828397274017334
1196,281.26934814453125,473.0834045410156,0.9999203681945801,555.42578125,555.224609375,0.03182274103164673,795.1219482421875,558.3126831054688,0.9995351433753967,555.1566772460938,563.5263671875,0.9971927404403687,511.3746643066406,590.1233520507812,0.9984253644943237,557.5889282226562,565.4348754882812,0.04494595527648926,553.2461547851562,587.6708984375,0.07232683897018433,609.75439453125,568.3137817382812,0.9997812509536743,609.6138916015625,570.5780029296875,0.03142574429512024,551.2305908203125,558.7085571289062,0.01365610957145691,639.078125,548.8034057617188,0.47086039185523987,556.6339721679688,556.089599609375,0.008522480726242065
1197,281.6632385253906,472.3352966308594,0.9999085664749146,555.558349609375,555.42041015625,0.031047970056533813,795.5429077148438,558.0800170898438,0.999394416809082,552.7798461914062,563.5340576171875,0.9977864027023315,511.83978271484375,585.5023803710938,0.9977809190750122,556.70556640625,565.3383178710938,0.04269903898239136,553.9286499023438,587.6709594726562,0.06573176383972168,609.9971923828125,568.0570678710938,0.9998065829277039,609.7548217773438,570.3438110351562,0.027778685092926025,551.6243896484375,558.7650756835938,0.013349950313568115,638.5521850585938,549.3102416992188,0.31852924823760986,556.5191040039062,555.9287109375,0.008164703845977783
1198,281.7449951171875,472.32586669921875,0.9999135732650757,555.859619140625,555.3065185546875,0.03077167272567749,795.0335693359375,559.1353759765625,0.9993602633476257,552.2850952148438,563.343505859375,0.9980921745300293,511.6937255859375,585.6575927734375,0.9977498054504395,556.3819580078125,565.4487915039062,0.0454254150390625,553.9146728515625,587.8504028320312,0.08583346009254456,609.5130004882812,568.1911010742188,0.9998009204864502,609.5751953125,570.4010620117188,0.026329398155212402,552.0557861328125,558.7217407226562,0.0140877366065979,638.558837890625,549.4271850585938,0.21653804183006287,556.5300903320312,555.9845581054688,0.008579492568969727
1199,281.70269775390625,472.4657897949219,0.9999169707298279,555.5280151367188,555.5689086914062,0.031649500131607056,795.727294921875,558.238037109375,0.9994770288467407,552.4930419921875,563.42919921875,0.9975000619888306,511.3667297363281,589.930419921875,0.9975756406784058,556.489501953125,565.3788452148438,0.04522249102592468,554.2364501953125,587.7884521484375,0.07670724391937256,609.55322265625,568.1716918945312,0.9998604655265808,609.9410400390625,570.2965698242188,0.03331160545349121,551.716064453125,558.6781616210938,0.015422791242599487,637.9862670898438,549.92431640625,0.3969070017337799,556.4447631835938,555.8687744140625,0.00866881012916565
1200,281.4433898925781,473.4269104003906,0.9999101161956787,1004.4990844726562,52.23554229736328,0.03493565320968628,242.8749237060547,571.207275390625,0.9992969036102295,552.514404296875,563.318603515625,0.9980618953704834,510.86260986328125,589.9706420898438,0.9984397888183594,556.54150390625,565.5743408203125,0.050600528717041016,553.8472290039062,587.6195678710938,0.09874588251113892,610.1739501953125,568.0491943359375,0.9998716115951538,610.2256469726562,570.1016235351562,0.03295797109603882,551.8195190429688,558.56689453125,0.014723747968673706,638.5292358398438,548.6376342773438,0.36225655674934387,556.55810546875,555.9359130859375,0.008880406618118286
1201,281.44134521484375,473.5162658691406,0.9999154806137085,555.7765502929688,555.311279296875,0.03308650851249695,243.37425231933594,571.6544189453125,0.9994308948516846,552.6126098632812,563.5493774414062,0.9974444508552551,510.67535400390625,590.09716796875,0.9982752799987793,556.5389404296875,565.7552490234375,0.04952344298362732,553.538330078125,587.6762084960938,0.10832998156547546,609.503173828125,568.1353759765625,0.9998341202735901,609.7379760742188,570.2997436523438,0.02774268388748169,551.9127197265625,558.8364868164062,0.012925863265991211,638.122802734375,549.2101440429688,0.2469642162322998,556.6234130859375,556.0839233398438,0.008028209209442139
1202,281.5279541015625,473.66357421875,0.9999217987060547,555.5313720703125,555.4785766601562,0.03210854530334473,244.42514038085938,571.8733520507812,0.9994691610336304,553.001220703125,563.361328125,0.9978030920028687,511.2623291015625,589.66162109375,0.997937798500061,557.1626586914062,565.442138671875,0.0395047664642334,554.0213623046875,587.5350341796875,0.06251531839370728,609.6367797851562,568.0970458984375,0.9998220205307007,609.9403076171875,570.260498046875,0.030777543783187866,551.5987548828125,558.674560546875,0.014845997095108032,637.927490234375,549.4009399414062,0.21909740567207336,556.546142578125,556.0524291992188,0.008474260568618774
1203,281.9212341308594,472.6083679199219,0.9999175667762756,555.4903564453125,555.2644653320312,0.03160908818244934,795.3897705078125,558.7215576171875,0.999430239200592,553.0169067382812,563.4946899414062,0.9978886246681213,511.1673583984375,585.4378662109375,0.9980570077896118,556.8622436523438,565.6338500976562,0.0406930148601532,553.552734375,587.532958984375,0.08850875496864319,609.880615234375,568.1083984375,0.9998594522476196,610.031982421875,570.1620483398438,0.029200643301010132,551.48046875,558.5147705078125,0.013729244470596313,638.90380859375,548.9354858398438,0.3276488482952118,556.644287109375,555.8970336914062,0.007875323295593262
1204,282.0118408203125,472.8234558105469,0.9999068975448608,555.6658935546875,555.5179443359375,0.028663545846939087,795.6657104492188,557.9138793945312,0.9993177652359009,552.7175903320312,563.8471069335938,0.9982872009277344,511.29290771484375,590.28515625,0.998916506767273,556.7674560546875,565.5069580078125,0.0341055691242218,553.9790649414062,587.9690551757812,0.0728084146976471,610.254150390625,568.1240844726562,0.9998729228973389,610.2588500976562,570.1876220703125,0.033358633518218994,551.7285766601562,558.5362548828125,0.013191193342208862,638.5916748046875,548.8847045898438,0.4238418936729431,556.5186157226562,556.0260620117188,0.0075879693031311035
1205,282.03546142578125,472.80224609375,0.999902606010437,555.6453247070312,555.3726196289062,0.030931949615478516,795.4030151367188,557.8173217773438,0.9993125200271606,553.3883666992188,563.1199951171875,0.9978916645050049,510.90399169921875,590.1288452148438,0.9987409710884094,556.9489135742188,565.129638671875,0.04361876845359802,554.290283203125,587.591796875,0.06687572598457336,610.3490600585938,568.0520629882812,0.9998446106910706,610.377197265625,570.1525268554688,0.033819377422332764,551.5711669921875,558.3175048828125,0.0157889723777771,637.7310791015625,549.330322265625,0.2648945748806,556.6102294921875,556.0875244140625,0.009015053510665894
1206,282.3710021972656,472.9034423828125,0.9999089241027832,555.7304077148438,555.4242553710938,0.028224915266036987,243.72750854492188,571.6410522460938,0.9993952512741089,552.607666015625,563.67919921875,0.9984424114227295,510.5557556152344,590.4166259765625,0.9988396167755127,556.8338012695312,565.6964721679688,0.03861135244369507,553.4921264648438,587.7813720703125,0.07108613848686218,609.1504516601562,568.1771240234375,0.9997947812080383,609.5151977539062,570.4462280273438,0.027832448482513428,551.9000244140625,558.763671875,0.013090908527374268,637.3944702148438,549.0916748046875,0.21651172637939453,556.570556640625,556.0501098632812,0.007869452238082886
1207,282.19952392578125,472.67474365234375,0.9999148845672607,555.9740600585938,555.3460083007812,0.027976959943771362,795.5641479492188,558.9226684570312,0.9993381500244141,552.1210327148438,563.5589599609375,0.9980554580688477,510.96063232421875,590.513916015625,0.998746931552887,556.0015869140625,565.6956176757812,0.03780961036682129,554.01708984375,587.9014892578125,0.07153463363647461,609.8574829101562,567.92626953125,0.9998271465301514,609.847412109375,570.4183349609375,0.028176814317703247,552.0674438476562,558.711181640625,0.012919872999191284,637.9157104492188,549.4876098632812,0.31304293870925903,556.475341796875,555.9978637695312,0.007985204458236694
1208,282.1212158203125,472.7220764160156,0.999921441078186,555.5416259765625,555.7078247070312,0.030750185251235962,245.1671600341797,572.31201171875,0.999401867389679,553.1512451171875,563.5388793945312,0.9971749186515808,511.26605224609375,590.3634643554688,0.998206377029419,557.2264404296875,565.4976806640625,0.03701627254486084,553.7959594726562,587.744384765625,0.07201746106147766,609.8629150390625,568.11474609375,0.9998387694358826,610.0069580078125,570.1647338867188,0.03026440739631653,551.5877075195312,558.7557983398438,0.015095442533493042,638.5084838867188,548.829833984375,0.4016759991645813,556.5386962890625,556.1384887695312,0.00816202163696289
1209,282.31781005859375,472.5883483886719,0.9999094605445862,555.5443115234375,555.6937255859375,0.031156808137893677,795.1046752929688,557.6235961914062,0.9993581771850586,553.3779296875,563.3536376953125,0.9973622560501099,511.3251647949219,590.147705078125,0.9984923005104065,557.3316650390625,565.3942260742188,0.04073798656463623,553.6805419921875,587.59033203125,0.07110744714736938,609.4931030273438,568.2775268554688,0.9997820258140564,609.7652587890625,570.3609619140625,0.030343234539031982,551.6300659179688,558.7164306640625,0.015764862298965454,637.79931640625,549.12890625,0.3765701353549957,556.5509033203125,556.1226806640625,0.008817106485366821
1210,282.322998046875,473.0066833496094,0.9999159574508667,555.9799194335938,555.5531005859375,0.028674423694610596,795.2985229492188,557.8416137695312,0.9993196725845337,552.4107666015625,563.486083984375,0.9976378083229065,511.3909912109375,590.1705932617188,0.9983624815940857,556.4177856445312,565.5494384765625,0.0396399199962616,554.02685546875,588.062744140625,0.07471519708633423,609.4229125976562,568.06494140625,0.9998118877410889,609.8091430664062,570.3538818359375,0.03089040517807007,552.1260375976562,559.150390625,0.013079941272735596,637.3446655273438,549.6040649414062,0.16023841500282288,556.5179443359375,555.948486328125,0.007287144660949707
1211,282.3173828125,472.7334899902344,0.9999288320541382,555.5910034179688,555.1426391601562,0.029328137636184692,246.61338806152344,572.3566284179688,0.9994450807571411,552.9117431640625,563.7618408203125,0.9984216690063477,512.0454711914062,585.7222900390625,0.9984683990478516,556.7333984375,565.7842407226562,0.04326075315475464,553.641845703125,587.9671020507812,0.05817008018493652,609.6857299804688,568.063232421875,0.9998517036437988,610.1035766601562,570.0729370117188,0.032191693782806396,551.7972412109375,558.674072265625,0.013141393661499023,638.1107177734375,548.7518310546875,0.43298837542533875,556.4522705078125,555.9735717773438,0.007954806089401245
1212,282.1291198730469,472.93524169921875,0.9999203681945801,556.3630981445312,555.3972778320312,0.029588043689727783,794.9806518554688,558.80029296875,0.999433159828186,551.5968627929688,563.7824096679688,0.9985491037368774,511.32550048828125,589.9141235351562,0.9977849721908569,555.8976440429688,565.6303100585938,0.03909194469451904,553.8707885742188,588.1605224609375,0.08017385005950928,609.6285400390625,567.8746337890625,0.9998424053192139,609.9838256835938,570.0516967773438,0.03175875544548035,552.5821533203125,558.7266235351562,0.014351636171340942,636.9967651367188,549.3290405273438,0.19405725598335266,556.5636596679688,556.0447387695312,0.008249044418334961
1213,282.1773681640625,472.9537048339844,0.9999261498451233,555.49072265625,555.4197998046875,0.030956804752349854,794.895263671875,558.92822265625,0.9994622468948364,552.843017578125,563.4688720703125,0.9983969926834106,511.6681213378906,589.885498046875,0.9976761341094971,556.8131713867188,565.55126953125,0.03347373008728027,553.4192504882812,587.8164672851562,0.05362865328788757,609.6530151367188,568.1979370117188,0.9998139142990112,610.0510864257812,570.1294555664062,0.0318140983581543,551.634033203125,558.6123657226562,0.014859020709991455,637.8528442382812,549.2301635742188,0.2315063774585724,556.4422607421875,556.0155029296875,0.008515924215316772
1214,282.0734558105469,473.01556396484375,0.9999253749847412,555.7534790039062,555.6806030273438,0.028407394886016846,795.05224609375,558.8089599609375,0.9994847774505615,551.6373291015625,563.8053588867188,0.9984060525894165,511.3523254394531,590.103271484375,0.9981663227081299,555.93212890625,565.6395263671875,0.03343629837036133,554.1250610351562,587.9158325195312,0.059093475341796875,609.635498046875,568.020263671875,0.999817967414856,610.017333984375,570.052001953125,0.02723821997642517,552.1333618164062,558.973388671875,0.01551884412765503,637.8280029296875,548.99365234375,0.1893039047718048,556.3414306640625,556.0484008789062,0.008550196886062622
1215,282.0277404785156,473.02874755859375,0.9999165534973145,555.8259887695312,555.2900390625,0.026403754949569702,795.325927734375,558.662841796875,0.9994003176689148,552.07373046875,563.80126953125,0.9986565113067627,511.7846374511719,585.446533203125,0.9981046915054321,555.8597412109375,565.98046875,0.03830617666244507,553.8958740234375,587.7802124023438,0.06646540760993958,609.98291015625,567.9830322265625,0.9998458623886108,610.1990966796875,570.1052856445312,0.02770426869392395,552.1749877929688,558.6848754882812,0.012952715158462524,637.3806762695312,549.4058837890625,0.18339934945106506,556.50927734375,555.9431762695312,0.007357001304626465
1216,281.9850769042969,473.03277587890625,0.9999133348464966,556.052978515625,555.6873168945312,0.030021071434020996,795.0551147460938,558.490234375,0.9993987083435059,552.1069946289062,563.4951782226562,0.9975084662437439,511.4524841308594,589.7347412109375,0.9980205297470093,556.145263671875,565.5078125,0.04650324583053589,553.6165161132812,587.8323364257812,0.08463141322135925,610.008056640625,568.1740112304688,0.9998012781143188,610.0956420898438,570.2867431640625,0.03043881058692932,552.2012939453125,558.9264526367188,0.01469331979751587,637.9683227539062,548.999755859375,0.23839154839515686,556.4916381835938,556.1200561523438,0.008334219455718994
1217,282.2313232421875,472.8233642578125,0.9999169111251831,555.9647216796875,555.2674560546875,0.02698206901550293,795.11572265625,558.665283203125,0.9993864297866821,552.4265747070312,563.4771728515625,0.9977715015411377,511.73455810546875,585.6076049804688,0.9978896379470825,556.2314453125,565.62939453125,0.03816130757331848,554.0818481445312,587.9263916015625,0.07135772705078125,610.3142700195312,567.9168090820312,0.9998124837875366,610.2177734375,570.064208984375,0.026653409004211426,551.9612426757812,558.5555419921875,0.012012749910354614,638.2706909179688,548.83203125,0.23972445726394653,556.574951171875,555.9430541992188,0.007578611373901367
1218,282.1127624511719,473.4398193359375,0.999901294708252,555.7760009765625,555.7192993164062,0.02967551350593567,246.75787353515625,572.0260620117188,0.9994837045669556,552.278076171875,563.8468017578125,0.9980204105377197,512.0669555664062,585.8136596679688,0.9979325532913208,556.4933471679688,565.6226806640625,0.035266727209091187,553.4290161132812,587.7310180664062,0.07543882727622986,609.844970703125,568.0328369140625,0.9998095035552979,610.1414794921875,570.2339477539062,0.028738200664520264,551.907958984375,559.0375366210938,0.013970762491226196,637.9419555664062,548.6741943359375,0.2515166997909546,556.5927124023438,556.0521240234375,0.007846653461456299
1219,282.2846374511719,473.5908203125,0.9999019503593445,1004.559814453125,52.28711700439453,0.039242714643478394,794.8180541992188,558.8330688476562,0.9994252920150757,552.8980712890625,563.6498413085938,0.9975217580795288,512.4229125976562,585.3232421875,0.9977743625640869,556.802490234375,565.73583984375,0.034313857555389404,553.3792724609375,587.6729125976562,0.06928858160972595,609.3031616210938,568.1421508789062,0.9997624158859253,609.8897094726562,570.17919921875,0.02800270915031433,551.6898193359375,559.0436401367188,0.015109747648239136,637.6946411132812,548.9495239257812,0.1751009225845337,556.5938720703125,556.085693359375,0.008606523275375366
1220,282.29766845703125,473.9295349121094,0.9998880624771118,555.6436767578125,555.1231079101562,0.027843564748764038,794.645263671875,558.3905029296875,0.9995149970054626,552.6245727539062,563.4883422851562,0.998761773109436,512.4755249023438,585.2434692382812,0.9985989332199097,556.8589477539062,565.4846801757812,0.034219890832901,553.1528930664062,587.7628173828125,0.07859328389167786,609.8153076171875,567.9644165039062,0.9998276829719543,610.0623779296875,570.2243041992188,0.028616786003112793,552.1517944335938,558.4373779296875,0.013225078582763672,638.6361083984375,548.4735107421875,0.31628361344337463,556.584228515625,556.0247802734375,0.008287012577056885
1221,282.25872802734375,473.70501708984375,0.9999059438705444,1004.6488647460938,51.8081169128418,0.03251639008522034,794.4326782226562,558.45849609375,0.9994818568229675,552.333740234375,563.4127197265625,0.9983528256416321,512.0545654296875,585.2378540039062,0.9981184005737305,556.4246826171875,565.582275390625,0.03616732358932495,553.731689453125,587.7752685546875,0.0683254599571228,609.9407348632812,567.87353515625,0.9998343586921692,609.83203125,570.2591552734375,0.025581538677215576,551.8237915039062,558.6058959960938,0.012748241424560547,638.74365234375,548.656494140625,0.16270148754119873,556.5742797851562,555.9561767578125,0.007766634225845337
1222,282.5000305175781,473.4778137207031,0.9999019503593445,1004.4896850585938,52.267295837402344,0.02555754780769348,794.5056762695312,558.7149047851562,0.9993848204612732,552.3900146484375,563.1665649414062,0.9980425834655762,512.1324462890625,585.250732421875,0.9986072778701782,556.6795043945312,565.4491577148438,0.033849895000457764,553.97265625,587.7573852539062,0.06994244456291199,610.0270385742188,568.1048583984375,0.999802827835083,610.0634765625,570.1699829101562,0.02761217951774597,551.79248046875,558.5545654296875,0.012329816818237305,638.4581298828125,548.697265625,0.3123435378074646,556.6409912109375,556.1365966796875,0.0076904296875
1223,282.667724609375,473.66033935546875,0.9998982548713684,555.7218017578125,555.005859375,0.02462056279182434,794.9415283203125,558.4795532226562,0.9995484352111816,552.2696533203125,563.2978515625,0.9987214803695679,511.4609375,585.5771484375,0.9977787733078003,556.4100341796875,565.5484619140625,0.04034781455993652,553.652099609375,587.8182373046875,0.07568672299385071,610.1588745117188,567.9481201171875,0.9998606443405151,610.1783447265625,570.17822265625,0.02872920036315918,551.9968872070312,558.1922607421875,0.0121116042137146,638.60791015625,548.1333618164062,0.32794469594955444,556.481201171875,555.9776611328125,0.008143961429595947
1224,282.5147705078125,473.6612243652344,0.9998905658721924,564.9855346679688,554.221435546875,0.025880634784698486,794.9179077148438,558.7080688476562,0.9994754791259766,552.0803833007812,563.8101196289062,0.9981015920639038,511.8523254394531,585.3565063476562,0.9979596138000488,555.7935791015625,565.85888671875,0.03798705339431763,553.8829956054688,587.6119995117188,0.07604685425758362,609.960693359375,568.3551635742188,0.9998005628585815,610.1668701171875,570.2157592773438,0.02719515562057495,552.2286376953125,558.6075439453125,0.012610912322998047,637.7164306640625,548.7857666015625,0.26222336292266846,556.6182250976562,556.0951538085938,0.008023440837860107
1225,282.7821350097656,473.8133544921875,0.9998462796211243,1004.607666015625,52.917423248291016,0.02575865387916565,247.32723999023438,572.256591796875,0.9995783567428589,552.5128784179688,563.6331176757812,0.9976840019226074,511.0314025878906,590.5617065429688,0.9987790584564209,556.1859130859375,565.9375,0.04043525457382202,553.4445190429688,587.8960571289062,0.06315377354621887,609.8488159179688,568.034423828125,0.9998078942298889,610.0297241210938,570.0792236328125,0.027736902236938477,551.9868774414062,558.6775512695312,0.012502580881118774,638.309814453125,548.8592529296875,0.30743229389190674,556.5524291992188,556.0426025390625,0.007655024528503418
1226,282.8228454589844,473.7466125488281,0.9999058246612549,556.0120849609375,555.3914184570312,0.026185303926467896,794.7586059570312,558.84375,0.9994856715202332,551.8030395507812,563.5052490234375,0.9980052709579468,511.9649963378906,585.81982421875,0.9977721571922302,555.8638916015625,565.8799438476562,0.03683459758758545,553.7171630859375,587.7836303710938,0.07425293326377869,609.6881103515625,568.2412109375,0.9997751712799072,609.8609619140625,570.2162475585938,0.027752697467803955,552.364990234375,558.5612182617188,0.013277679681777954,638.2769165039062,549.0225219726562,0.23086044192314148,556.5089721679688,556.046875,0.007734954357147217
1227,282.6484069824219,473.71527099609375,0.9999017715454102,555.8453979492188,555.4049072265625,0.029727905988693237,795.2808227539062,558.7041015625,0.9995226263999939,551.922119140625,563.6326293945312,0.9979301691055298,511.2854309082031,590.2162475585938,0.998009204864502,556.2349243164062,565.818359375,0.043756306171417236,553.6370239257812,587.8433837890625,0.09538406133651733,610.0556030273438,567.9368896484375,0.9998146295547485,610.1242065429688,570.1278686523438,0.028660207986831665,552.0422973632812,558.7511596679688,0.01368609070777893,638.450439453125,548.5587768554688,0.24773767590522766,556.5054321289062,556.0530395507812,0.008268028497695923
1228,282.8404235839844,473.5931091308594,0.9999063014984131,555.770751953125,554.9232788085938,0.024543076753616333,794.932861328125,558.8809204101562,0.9995037317276001,552.535400390625,563.470947265625,0.9985828995704651,512.0499877929688,585.5658569335938,0.9987002611160278,556.6431274414062,565.6607055664062,0.035040050745010376,553.9606323242188,587.9524536132812,0.05545660853385925,610.4560546875,567.7644653320312,0.9998595714569092,610.4808349609375,569.8746948242188,0.028331458568572998,551.980712890625,558.138427734375,0.011739343404769897,638.6448364257812,549.2445068359375,0.13294318318367004,556.5496215820312,556.0589599609375,0.007865339517593384
1229,282.6824035644531,473.76202392578125,0.9998996257781982,555.5570678710938,555.6575927734375,0.02631130814552307,794.7232055664062,558.4705810546875,0.9994828701019287,551.7188720703125,563.71142578125,0.9983531832695007,511.473876953125,590.2138061523438,0.9986577033996582,556.226806640625,565.456787109375,0.032159894704818726,554.0147705078125,587.9951782226562,0.06417211890220642,610.317138671875,567.8584594726562,0.9998487830162048,610.0913696289062,570.0490112304688,0.0245647132396698,552.1297607421875,558.4942016601562,0.01434144377708435,638.9332275390625,548.7456665039062,0.35409852862358093,556.38134765625,555.9892578125,0.008063077926635742
1230,282.7197265625,473.396728515625,0.9999245405197144,555.6356201171875,555.3326416015625,0.025333285331726074,794.5831298828125,558.8494262695312,0.9994251728057861,552.5755004882812,563.7030639648438,0.9987202882766724,511.8016662597656,585.6251220703125,0.9987545013427734,556.3478393554688,565.9172973632812,0.03753256797790527,553.9170532226562,587.923095703125,0.0709792971611023,610.3732299804688,567.9341430664062,0.9998413324356079,610.1898193359375,569.9014892578125,0.02881443500518799,552.0776977539062,558.3969116210938,0.01229509711265564,639.1213989257812,548.4739990234375,0.27257055044174194,556.4493408203125,556.033447265625,0.007893353700637817
1231,282.8491516113281,473.5851745605469,0.9998968243598938,556.067626953125,555.4052124023438,0.028076350688934326,794.29052734375,558.8134765625,0.9993669986724854,551.9790649414062,563.6905517578125,0.9983710646629333,511.6185607910156,590.3388671875,0.9984402656555176,556.2614135742188,565.7064208984375,0.03708478808403015,554.0765380859375,588.0762939453125,0.07263007760047913,610.213623046875,567.8585815429688,0.9998705387115479,610.0879516601562,570.1723022460938,0.02617090940475464,552.2697143554688,558.6749267578125,0.013876080513000488,638.510986328125,548.8317260742188,0.3389160633087158,556.5521240234375,556.0823364257812,0.007985949516296387
1232,282.9796447753906,473.5996398925781,0.999902606010437,556.0059814453125,555.614501953125,0.026491135358810425,794.4243774414062,558.4297485351562,0.9994861483573914,551.9735107421875,563.7535400390625,0.997796893119812,511.3738708496094,590.1394653320312,0.9980828166007996,556.2631225585938,565.7058715820312,0.030285120010375977,553.7450561523438,587.96337890625,0.093732088804245,610.3649291992188,567.9246215820312,0.9998369216918945,610.2560424804688,570.092529296875,0.027207553386688232,552.3218383789062,558.69873046875,0.013886839151382446,638.7592163085938,548.547119140625,0.2929340600967407,556.5540771484375,556.1475830078125,0.008237868547439575
1233,283.0099792480469,473.75592041015625,0.9999016523361206,556.0203247070312,555.4495239257812,0.027692794799804688,794.7689819335938,558.3819580078125,0.9994629621505737,552.3761596679688,563.8613891601562,0.9983718395233154,512.43798828125,585.40966796875,0.9988909959793091,556.3948974609375,565.8165283203125,0.03096666932106018,553.75048828125,587.6767578125,0.05432721972465515,609.8843383789062,568.2512817382812,0.9998308420181274,609.9981689453125,570.409423828125,0.02860817313194275,552.3589477539062,558.5079956054688,0.014144480228424072,638.7263793945312,548.3905029296875,0.3303980827331543,556.6422729492188,556.2015991210938,0.00873449444770813
1234,283.3564453125,473.73052978515625,0.999888002872467,555.635009765625,555.439697265625,0.031448036432266235,795.1672973632812,558.1771240234375,0.9995260238647461,552.6978759765625,563.71875,0.9981103539466858,511.56622314453125,590.3243408203125,0.9984307289123535,556.877197265625,565.4508056640625,0.03235343098640442,553.9212646484375,587.7312622070312,0.06988525390625,610.1514892578125,567.7559204101562,0.9998539686203003,610.2284545898438,569.9527587890625,0.026063144207000732,551.89697265625,558.5498657226562,0.015051037073135376,638.1222534179688,548.8607177734375,0.2341708242893219,556.6109008789062,556.1224365234375,0.009243667125701904
1235,283.23858642578125,473.9342956542969,0.999865710735321,555.884521484375,555.2900390625,0.027399301528930664,795.2112426757812,558.1697387695312,0.9995648860931396,552.1015014648438,563.8657836914062,0.9983206391334534,511.7845153808594,585.474365234375,0.998517632484436,556.2885131835938,565.7047119140625,0.03010907769203186,554.1236572265625,587.7457885742188,0.07314687967300415,610.4862060546875,568.073486328125,0.9998089075088501,610.3814086914062,569.9747924804688,0.026625245809555054,552.0612182617188,558.49951171875,0.012818217277526855,638.5188598632812,548.4891967773438,0.24592891335487366,556.5562744140625,556.1080932617188,0.008116930723190308
1236,283.51837158203125,473.8722229003906,0.9998370409011841,555.46923828125,555.0143432617188,0.02734893560409546,795.04443359375,558.216796875,0.9995138645172119,553.3236083984375,563.7015380859375,0.9982235431671143,512.2920532226562,585.339599609375,0.9982814788818359,557.1199951171875,565.7440795898438,0.03213852643966675,553.5723876953125,587.7777709960938,0.05409380793571472,610.051513671875,568.0796508789062,0.9998592138290405,610.1351928710938,570.2127685546875,0.02704167366027832,551.5147094726562,558.2733764648438,0.011751770973205566,638.6925048828125,548.1680297851562,0.24050173163414001,556.6605224609375,556.1019897460938,0.008356928825378418
1237,283.6282958984375,473.9296875,0.9998518228530884,555.80517578125,554.9735107421875,0.025759369134902954,794.5516967773438,557.6591186523438,0.9995900988578796,552.73583984375,563.9391479492188,0.9985978007316589,511.8602294921875,585.5617065429688,0.9985134601593018,556.8335571289062,565.6761474609375,0.02807942032814026,554.1134033203125,587.85986328125,0.05437737703323364,610.4334106445312,567.8218383789062,0.9998719692230225,610.3088989257812,569.9346313476562,0.0290796160697937,551.8121948242188,558.3355712890625,0.011454254388809204,638.228759765625,548.4780883789062,0.20991837978363037,556.6353759765625,556.1655883789062,0.007919371128082275
1238,283.656005859375,474.0858154296875,0.9998141527175903,555.9777221679688,555.4114990234375,0.028591513633728027,795.114990234375,557.6409301757812,0.9995856285095215,552.5888061523438,563.916748046875,0.9981487989425659,511.6320495605469,585.6559448242188,0.9976165294647217,556.7404174804688,565.55517578125,0.03317660093307495,554.03076171875,587.7078247070312,0.07028806209564209,610.141357421875,567.919921875,0.9998294115066528,610.0077514648438,569.9953002929688,0.03039303421974182,552.10546875,558.6874389648438,0.013146162033081055,638.3220825195312,548.1264038085938,0.24066734313964844,556.5725708007812,556.1494750976562,0.008125841617584229
1239,283.82232666015625,474.0396423339844,0.9998087882995605,555.5654296875,555.5601806640625,0.026980310678482056,795.15380859375,557.6441650390625,0.9995405077934265,552.721923828125,563.7442626953125,0.9983245730400085,511.7855224609375,585.4293823242188,0.9976759552955627,557.0831909179688,565.6456298828125,0.030436694622039795,553.6885986328125,587.6368408203125,0.05275401473045349,610.463623046875,568.0433349609375,0.9998331069946289,610.3251342773438,569.9598999023438,0.02652391791343689,551.9669189453125,558.3909301757812,0.014099150896072388,638.5980834960938,548.111083984375,0.37246355414390564,556.5054321289062,556.1702270507812,0.008516758680343628
1240,283.8446044921875,473.8816223144531,0.9998750686645508,555.7640380859375,555.335693359375,0.027458488941192627,795.3130493164062,557.4716796875,0.9996705055236816,552.4959716796875,563.6121826171875,0.9984869956970215,512.444091796875,585.5747680664062,0.9986594915390015,556.733154296875,565.5234985351562,0.0339469313621521,553.7689819335938,587.6573486328125,0.05060899257659912,610.78759765625,568.160400390625,0.9998400211334229,610.5028076171875,570.0011596679688,0.02945077419281006,552.2396240234375,558.3516235351562,0.013879626989364624,639.2247314453125,547.8634643554688,0.3859589397907257,556.4893188476562,556.0529174804688,0.008370518684387207
1241,283.7491760253906,474.17340087890625,0.999843955039978,555.1484375,555.2769775390625,0.027209937572479248,795.6447143554688,558.0910034179688,0.9995638132095337,553.45263671875,563.7628173828125,0.9981321096420288,512.0349731445312,585.5846557617188,0.9981812238693237,557.6692504882812,565.44189453125,0.02615109086036682,553.9868774414062,587.6629638671875,0.06475353240966797,609.9714965820312,567.920166015625,0.9998488426208496,610.1475219726562,570.0549926757812,0.028385192155838013,551.35693359375,558.263427734375,0.012272000312805176,806.6511840820312,549.711181640625,0.22768446803092957,556.5983276367188,556.1184692382812,0.008054345846176147
1242,284.2587585449219,474.0331726074219,0.9998189210891724,179.1326904296875,12.494613647460938,0.027556270360946655,795.1953735351562,557.5130615234375,0.9995057582855225,553.407470703125,563.6331787109375,0.9979918003082275,512.1089477539062,585.7074584960938,0.9983024597167969,557.100341796875,565.6151123046875,0.038891345262527466,553.9334716796875,587.71630859375,0.0818343460559845,610.740966796875,568.24609375,0.9998205304145813,610.5925903320312,569.920166015625,0.02635452151298523,551.6875,558.4054565429688,0.011466562747955322,639.1622924804688,547.918212890625,0.25307419896125793,556.6416625976562,556.0049438476562,0.007579207420349121
1243,284.24957275390625,474.0721130371094,0.9998302459716797,555.4977416992188,555.2147827148438,0.024134308099746704,795.54296875,557.2750244140625,0.9996636509895325,553.4295654296875,563.5527954101562,0.9980942010879517,512.2133178710938,585.5372924804688,0.9981975555419922,557.3081665039062,565.5949096679688,0.030501604080200195,553.7943115234375,587.7031860351562,0.05921366810798645,610.398193359375,568.4014892578125,0.9997920393943787,610.1483764648438,570.166748046875,0.02905336022377014,551.6409912109375,558.3377075195312,0.012014925479888916,639.0317993164062,547.6738891601562,0.4802148938179016,556.671875,556.1595458984375,0.008034080266952515
1244,284.2253723144531,473.9834899902344,0.9998366832733154,555.4607543945312,555.0819091796875,0.023767054080963135,795.4046630859375,557.5375366210938,0.9995496273040771,552.4022827148438,563.6102905273438,0.9984084367752075,511.0645751953125,589.91455078125,0.998455286026001,556.5154418945312,565.677001953125,0.031667113304138184,553.9525756835938,587.5708618164062,0.0756685733795166,610.6560668945312,568.1546020507812,0.9997876286506653,610.2588500976562,569.8260498046875,0.024100661277770996,551.844482421875,558.22705078125,0.011376619338989258,639.3213500976562,547.6521606445312,0.3813650906085968,556.56982421875,556.0167236328125,0.007339596748352051
1245,284.36083984375,474.04766845703125,0.9998444318771362,555.7892456054688,555.2001953125,0.023070424795150757,795.4949951171875,557.3128051757812,0.999576210975647,552.7935791015625,563.8056640625,0.9983845353126526,511.6773681640625,585.66845703125,0.9979962110519409,556.4017944335938,565.8630981445312,0.03947386145591736,554.0343627929688,587.8482055664062,0.08091288805007935,610.1215209960938,568.3922119140625,0.9997447729110718,610.0905151367188,570.0352172851562,0.029989272356033325,552.1260375976562,558.3033447265625,0.011282384395599365,638.4488525390625,548.1581420898438,0.3078601360321045,556.54638671875,556.0787353515625,0.007408708333969116
1246,284.5390930175781,474.1199645996094,0.9998636245727539,1004.4981689453125,52.144039154052734,0.025526195764541626,794.7396850585938,557.207763671875,0.9995757937431335,552.186279296875,563.8131713867188,0.9983628392219543,511.95025634765625,585.374267578125,0.9983870983123779,556.2386474609375,565.8069458007812,0.03449097275733948,554.1568603515625,587.5792846679688,0.07455596327781677,609.8291015625,568.3543090820312,0.999765157699585,610.1432495117188,570.2876586914062,0.024918079376220703,552.1911010742188,558.5508422851562,0.011179417371749878,638.3850708007812,547.94921875,0.6100560426712036,556.4868774414062,556.0999755859375,0.007371485233306885
1247,284.7102355957031,474.0166320800781,0.9998996257781982,1004.5399780273438,52.228275299072266,0.028398245573043823,795.3938598632812,557.015869140625,0.9996390342712402,552.357177734375,563.8181762695312,0.9983330965042114,512.0889282226562,585.7793579101562,0.9988799095153809,556.5350952148438,565.857421875,0.03556224703788757,553.8049926757812,587.656982421875,0.06175142526626587,609.7628173828125,568.2636108398438,0.9997873306274414,609.957763671875,570.20068359375,0.023661792278289795,552.0535278320312,558.3563232421875,0.01127701997756958,638.267822265625,548.0814208984375,0.4038323163986206,556.5384521484375,556.060791015625,0.007576942443847656
1248,284.5796203613281,474.03094482421875,0.9998623132705688,556.244384765625,554.94873046875,0.02915683388710022,794.79052734375,557.4091796875,0.9995369911193848,552.4170532226562,564.287109375,0.9985950589179993,511.1103210449219,590.1707763671875,0.9986990690231323,556.088134765625,566.0155029296875,0.042351603507995605,553.87255859375,587.7172241210938,0.0858227014541626,609.6469116210938,568.3784790039062,0.9997326135635376,609.821044921875,570.0977172851562,0.025009065866470337,552.2108154296875,558.4260864257812,0.012307077646255493,637.9631958007812,548.4639892578125,0.419971227645874,556.56884765625,555.993896484375,0.007852256298065186
1249,284.67449951171875,473.9529113769531,0.9998735189437866,555.8975830078125,555.2789916992188,0.02960154414176941,796.0457153320312,556.5680541992188,0.9996136426925659,552.5962524414062,563.7646484375,0.9978153109550476,512.5387573242188,585.17626953125,0.9986575841903687,556.6776733398438,565.8523559570312,0.04341265559196472,554.0537719726562,587.608642578125,0.09244784712791443,610.2761840820312,568.344482421875,0.9997748136520386,610.1785888671875,569.954345703125,0.03032088279724121,552.0763549804688,558.5380249023438,0.012667924165725708,638.7847290039062,547.4437866210938,0.5156862735748291,556.5577392578125,555.9881591796875,0.007814913988113403
1250,284.57769775390625,474.0480041503906,0.9998952746391296,565.1542358398438,553.711181640625,0.02421775460243225,795.3945922851562,557.3968505859375,0.9996109008789062,552.5081176757812,564.0427856445312,0.9985486268997192,512.1077880859375,585.2361450195312,0.9987668991088867,556.51904296875,566.1351318359375,0.02982264757156372,553.8368530273438,587.8579711914062,0.08213034272193909,609.9566040039062,568.4191284179688,0.9997962713241577,609.9512939453125,570.5737915039062,0.024947941303253174,552.5123901367188,558.34912109375,0.010960817337036133,639.43359375,547.6295166015625,0.5673066973686218,556.7017211914062,556.159912109375,0.007126420736312866
1251,284.9653625488281,473.90777587890625,0.9998694658279419,1004.6207885742188,52.49180603027344,0.028782904148101807,796.1329956054688,556.8555297851562,0.9995952248573303,552.1580200195312,564.211669921875,0.9981797933578491,511.9876403808594,585.4675903320312,0.9982582330703735,556.712158203125,565.8745727539062,0.03314244747161865,553.5602416992188,587.6204223632812,0.07490524649620056,610.6166381835938,568.1929931640625,0.9998428225517273,610.4205322265625,570.2278442382812,0.024899959564208984,552.2425537109375,558.509765625,0.012331753969192505,639.0968017578125,547.5872802734375,0.5702251195907593,556.677734375,556.0242919921875,0.007716864347457886
1252,284.7266540527344,474.033447265625,0.9998749494552612,555.84423828125,555.2070922851562,0.02320215106010437,796.1439819335938,557.4204711914062,0.9996054172515869,552.8447875976562,564.3236083984375,0.9984370470046997,512.0482177734375,585.73486328125,0.9988803863525391,556.6796875,566.0820922851562,0.02823522686958313,553.9077758789062,587.8707275390625,0.06356582045555115,610.4577026367188,568.4501953125,0.9997594356536865,610.3081665039062,570.2523803710938,0.028272628784179688,551.7362060546875,558.5427856445312,0.01068928837776184,639.450439453125,547.84716796875,0.5709701776504517,556.6400756835938,556.0122680664062,0.007211476564407349
1253,285.7477722167969,474.4937744140625,0.9998776912689209,1004.5900268554688,51.7022819519043,0.03005799651145935,795.4319458007812,557.444091796875,0.9996324777603149,552.3804931640625,564.024169921875,0.9981646537780762,511.45172119140625,590.4590454101562,0.998482882976532,556.8505249023438,565.7868041992188,0.03352263569831848,554.1085205078125,587.8349609375,0.10114899277687073,610.3565063476562,568.1799926757812,0.9998037815093994,610.330322265625,569.9990234375,0.02627548575401306,552.0447998046875,558.1854248046875,0.011663734912872314,638.8565673828125,547.9556884765625,0.5703721046447754,556.6312866210938,555.970947265625,0.008220791816711426
1254,285.0480041503906,474.0570983886719,0.9998794794082642,555.6500854492188,555.01708984375,0.028138786554336548,795.2587280273438,557.57666015625,0.9996017217636108,553.22802734375,563.9939575195312,0.9983319044113159,512.4699096679688,585.1766967773438,0.9985398650169373,556.911376953125,565.9219970703125,0.04095408320426941,553.6744384765625,587.6842041015625,0.08680617809295654,610.4159545898438,568.7410888671875,0.9997398853302002,610.2491455078125,570.238525390625,0.028336286544799805,551.6785278320312,558.1451416015625,0.01245725154876709,639.53173828125,547.3797607421875,0.6987715363502502,556.6268310546875,555.9896850585938,0.008697539567947388
1255,285.6434326171875,474.5417785644531,0.9998865127563477,1005.0541381835938,52.125301361083984,0.045664072036743164,795.4733276367188,557.3899536132812,0.999626100063324,553.2039184570312,563.952880859375,0.9976916909217834,512.1854248046875,585.5957641601562,0.9986895322799683,557.0813598632812,565.9232177734375,0.032430559396743774,554.0651245117188,587.6111450195312,0.08192330598831177,609.8191528320312,568.4512939453125,0.9997470378875732,609.9199829101562,570.4383544921875,0.024806350469589233,551.5274658203125,558.695556640625,0.011675387620925903,638.7745971679688,547.9596557617188,0.44183653593063354,556.553466796875,556.0230712890625,0.007756710052490234
1256,285.0562438964844,474.2059631347656,0.999883234500885,1005.0037231445312,52.44158935546875,0.030643969774246216,795.4998168945312,557.3955078125,0.9996747374534607,553.4719848632812,563.5935668945312,0.9978132843971252,512.2362060546875,585.3966064453125,0.998306393623352,557.3292846679688,565.8718872070312,0.03524136543273926,553.8365478515625,587.6741943359375,0.08462509512901306,610.595947265625,568.1504516601562,0.9997795820236206,610.3922729492188,570.0103759765625,0.025164514780044556,551.3523559570312,558.3286743164062,0.012426495552062988,638.665283203125,548.0402221679688,0.5458247065544128,556.6502685546875,556.0481567382812,0.00811469554901123
1257,285.5474853515625,474.7923583984375,0.9998473525047302,555.6881103515625,555.1213989257812,0.02466246485710144,795.6094970703125,557.2061767578125,0.9996412992477417,553.2652587890625,563.895263671875,0.9976731538772583,512.1207275390625,585.6629028320312,0.9985898733139038,557.2318115234375,565.95068359375,0.03815290331840515,554.067138671875,587.6637573242188,0.0928398072719574,611.3036499023438,567.8045043945312,0.9998462200164795,611.05908203125,569.6583862304688,0.030695199966430664,551.6384887695312,558.1729125976562,0.011492162942886353,638.8138427734375,547.9469604492188,0.4770404100418091,556.8109130859375,556.0853881835938,0.007983624935150146
1258,285.26300048828125,474.0523376464844,0.9998915195465088,556.0601806640625,555.0709228515625,0.023802876472473145,795.4932861328125,557.2526245117188,0.9996570348739624,552.2164916992188,563.9301147460938,0.998257040977478,510.9677429199219,590.181396484375,0.9988865256309509,556.0643920898438,565.9857177734375,0.04675242304801941,554.2907104492188,588.0564575195312,0.08988925814628601,610.8134765625,568.1687622070312,0.9998048543930054,610.5245971679688,569.9049072265625,0.025341928005218506,552.4144287109375,558.15478515625,0.010269373655319214,639.7171020507812,547.499755859375,0.484557181596756,556.5462036132812,555.9939575195312,0.006949901580810547
1259,285.708740234375,474.8282470703125,0.9998898506164551,556.0294799804688,555.4234008789062,0.026796936988830566,795.8297119140625,556.7659301757812,0.9996788501739502,552.4755859375,564.1311645507812,0.9978845715522766,510.924072265625,590.462890625,0.9983103275299072,556.767333984375,565.9053344726562,0.030356407165527344,553.9072875976562,587.823974609375,0.087747722864151,610.8028564453125,568.1327514648438,0.999828577041626,610.610107421875,570.0846557617188,0.026708483695983887,552.3267211914062,558.4844360351562,0.012003034353256226,639.52734375,547.5276489257812,0.5914060473442078,556.7662353515625,556.1203002929688,0.007341057062149048
1260,286.1294860839844,474.59356689453125,0.9998666048049927,1004.5025024414062,51.68876647949219,0.043816447257995605,795.2246704101562,556.8416748046875,0.9995709657669067,552.433349609375,563.9262084960938,0.9979879856109619,512.2177124023438,585.5369873046875,0.9987303614616394,556.6839599609375,565.4797973632812,0.030876904726028442,554.0537109375,587.9638671875,0.07225000858306885,610.9757080078125,567.9588012695312,0.9998514652252197,610.5384521484375,570.0411376953125,0.0271909236907959,551.91064453125,558.289794921875,0.013182580471038818,639.120849609375,548.234619140625,0.4866776764392853,556.590087890625,556.0289306640625,0.008337199687957764
1261,286.10137939453125,474.6716003417969,0.9998634457588196,555.8390502929688,555.0829467773438,0.026812076568603516,795.7874145507812,556.3486938476562,0.9995653629302979,552.748291015625,564.3594970703125,0.9984219074249268,511.96258544921875,585.470703125,0.9990164041519165,556.9429931640625,566.1237182617188,0.03260347247123718,553.272216796875,587.9273071289062,0.0736449658870697,609.8787841796875,568.4420166015625,0.9997991323471069,610.1720581054688,570.415283203125,0.02659258246421814,552.2158813476562,558.0917358398438,0.011422693729400635,639.5211791992188,547.6842651367188,0.706173300743103,556.7447509765625,556.0426635742188,0.008237898349761963
1262,285.98834228515625,474.385986328125,0.9998878240585327,1004.4127197265625,51.88618850708008,0.032654255628585815,795.6738891601562,556.6676635742188,0.9996167421340942,553.264404296875,563.9996337890625,0.9978972673416138,512.0736694335938,585.7196044921875,0.9987770318984985,557.6973876953125,565.7199096679688,0.027963846921920776,553.4855346679688,587.6046752929688,0.06714731454849243,610.54150390625,568.2579345703125,0.9998401403427124,610.5944213867188,570.0516357421875,0.02450832724571228,551.6038818359375,558.1893310546875,0.011682391166687012,639.1004638671875,547.6563110351562,0.6577776670455933,556.7096557617188,556.2343139648438,0.0080777108669281
1263,286.10833740234375,474.33343505859375,0.9999016523361206,555.3054809570312,555.1776123046875,0.02597847580909729,796.10888671875,556.9398193359375,0.9996448755264282,553.6137084960938,563.9813232421875,0.9973000288009644,512.1043090820312,585.6525268554688,0.9986398220062256,557.45849609375,565.9517211914062,0.0394878089427948,553.7658081054688,587.4993896484375,0.08104044198989868,610.8002319335938,568.1754760742188,0.999829888343811,610.7145385742188,569.9524536132812,0.02721703052520752,551.2415771484375,558.2484130859375,0.011171609163284302,639.561767578125,547.6832275390625,0.5476185083389282,556.7063598632812,556.0599365234375,0.00767931342124939
1264,286.0953674316406,474.4440612792969,0.9998993873596191,565.1224975585938,553.4563598632812,0.02559623122215271,796.4365234375,556.681884765625,0.9996142387390137,553.3071899414062,563.7197875976562,0.9977512359619141,512.1068725585938,585.7050170898438,0.998599112033844,557.7311401367188,565.61279296875,0.03066319227218628,553.2413330078125,587.6263427734375,0.10273662209510803,610.564208984375,568.39697265625,0.9997831583023071,610.7487182617188,570.0403442382812,0.030590057373046875,551.5262451171875,558.07763671875,0.011954635381698608,639.3690795898438,547.8900146484375,0.5762349963188171,556.7125244140625,556.038330078125,0.008115649223327637
1265,286.23834228515625,474.7655029296875,0.9998898506164551,555.12890625,555.3724975585938,0.02684667706489563,795.6994018554688,557.3804931640625,0.9996488094329834,552.5179443359375,563.8030395507812,0.9976702928543091,511.949462890625,585.6034545898438,0.9983705282211304,557.1162719726562,565.7840576171875,0.031276434659957886,553.5512084960938,587.7764892578125,0.09040814638137817,610.3025512695312,568.4791259765625,0.9998123645782471,610.4939575195312,570.1126098632812,0.031317681074142456,551.6062622070312,558.4672241210938,0.0120505690574646,639.9268798828125,547.1093139648438,0.7595545053482056,556.612548828125,556.008056640625,0.0077908337116241455
1266,286.3229675292969,474.83514404296875,0.9998727440834045,555.2779541015625,554.991455078125,0.0259229838848114,796.1383056640625,556.8643798828125,0.9996450543403625,553.2423706054688,563.8367309570312,0.9980612993240356,511.9283752441406,585.1863403320312,0.9985631704330444,557.3098754882812,565.7481689453125,0.03426894545555115,553.9507446289062,587.7542114257812,0.07993519306182861,610.6401977539062,568.5081787109375,0.9997938871383667,610.6859130859375,570.2908935546875,0.027821093797683716,551.5772094726562,558.2041015625,0.011263489723205566,638.9358520507812,547.72509765625,0.6748837232589722,556.6604614257812,556.025390625,0.008114993572235107
1267,286.8236999511719,474.7701416015625,0.9999046325683594,556.05615234375,555.08056640625,0.024021178483963013,795.4517822265625,557.2588500976562,0.9996527433395386,551.5465087890625,564.326416015625,0.998367190361023,510.9376525878906,590.1537475585938,0.9982882142066956,556.163330078125,565.9912719726562,0.03567957878112793,553.9261474609375,588.07177734375,0.07068780064582825,610.7052001953125,568.6088256835938,0.9997621774673462,610.5256958007812,569.950439453125,0.02768692374229431,249.6136932373047,568.21875,0.010919630527496338,639.923828125,547.19189453125,0.6824634671211243,556.6002807617188,556.0146484375,0.006783217191696167
1268,286.7821044921875,474.7357482910156,0.9998933672904968,555.4163208007812,555.1663208007812,0.024282008409500122,794.9860229492188,557.105712890625,0.9995498657226562,552.6376342773438,564.0401000976562,0.9981893301010132,511.600830078125,585.5789794921875,0.9984102249145508,557.268310546875,565.5914306640625,0.02879580855369568,554.2382202148438,587.7418212890625,0.07835894823074341,610.4029541015625,568.5709228515625,0.9997825622558594,610.4495849609375,570.087890625,0.026870697736740112,551.585693359375,558.28515625,0.010435253381729126,639.5442504882812,547.3152465820312,0.7549031972885132,556.6798706054688,555.881591796875,0.007266998291015625
1269,286.9793395996094,474.8150634765625,0.9998995661735535,555.5604858398438,555.3192138671875,0.02446824312210083,796.2977294921875,556.6384887695312,0.9995889663696289,552.5714111328125,564.1975708007812,0.9981616735458374,512.1287231445312,585.3939208984375,0.9981238842010498,556.9746704101562,565.7782592773438,0.024819642305374146,553.9716186523438,587.971435546875,0.05679762363433838,610.4359130859375,568.2756958007812,0.9998065233230591,610.4725952148438,569.9258422851562,0.02580675482749939,249.5212860107422,567.8748168945312,0.013060808181762695,639.2311401367188,547.6283569335938,0.6795415282249451,556.5863037109375,556.0280151367188,0.007438778877258301
1270,286.76458740234375,474.68011474609375,0.9998916387557983,1004.6934204101562,52.73680877685547,0.03817760944366455,795.47509765625,557.1395874023438,0.999557375907898,552.6563110351562,564.3402099609375,0.9983282089233398,512.1009521484375,585.6544189453125,0.9985947608947754,556.8421020507812,565.9625244140625,0.03659382462501526,554.0656127929688,587.8773193359375,0.06766089797019958,610.0684814453125,568.4248657226562,0.9997847080230713,610.3682861328125,570.0288696289062,0.0249347984790802,249.5008544921875,567.8380737304688,0.01294967532157898,639.167724609375,547.6080322265625,0.6356428861618042,556.6660766601562,556.0482788085938,0.007379025220870972
1271,286.97076416015625,474.6893615722656,0.9998884201049805,1004.7516479492188,52.18562698364258,0.029487669467926025,794.9569702148438,556.5123901367188,0.999589204788208,552.6195678710938,564.3076782226562,0.9984006881713867,512.329833984375,585.7857055664062,0.9987891912460327,556.640380859375,566.1605834960938,0.03960809111595154,554.1257934570312,587.7490844726562,0.0734509527683258,610.0648803710938,568.7550048828125,0.9997320175170898,610.2653198242188,569.9610595703125,0.027940332889556885,552.1442260742188,558.2662963867188,0.010344713926315308,639.2198486328125,547.52880859375,0.6804958581924438,556.68896484375,556.04052734375,0.00746724009513855
1272,287.2343444824219,474.8049011230469,0.9998867511749268,555.7737426757812,555.242919921875,0.023569166660308838,795.7928466796875,557.0339965820312,0.9996069669723511,552.1378784179688,564.1279296875,0.9983574748039246,512.1279296875,585.4694213867188,0.9983677864074707,556.1561889648438,566.1847534179688,0.04249575734138489,554.3859252929688,587.752685546875,0.07741260528564453,610.8489990234375,568.246337890625,0.9998174905776978,610.5581665039062,569.9654541015625,0.02754002809524536,249.75782775878906,568.0628662109375,0.012488722801208496,639.4112548828125,547.9380493164062,0.7180839776992798,556.5010375976562,556.0441284179688,0.007128775119781494
1273,287.30712890625,474.86328125,0.9998674392700195,1004.376220703125,51.89330291748047,0.02586764097213745,795.600830078125,556.7572631835938,0.9995855689048767,551.4615478515625,564.4546508789062,0.9984596967697144,512.0283813476562,585.4533081054688,0.9985707998275757,555.7557983398438,566.0087280273438,0.032655417919158936,554.0331420898438,587.7576293945312,0.06241002678871155,610.3851928710938,568.604736328125,0.9997602701187134,610.3146362304688,570.2760009765625,0.02528858184814453,636.1240844726562,547.3028564453125,0.012651920318603516,639.4496459960938,547.53173828125,0.6819179058074951,556.5167846679688,555.9970703125,0.00734865665435791
1274,287.1378479003906,474.58612060546875,0.9998805522918701,555.7794189453125,555.1294555664062,0.023207485675811768,795.351806640625,557.0632934570312,0.9996809959411621,552.8731689453125,564.0953979492188,0.9983445405960083,512.216796875,585.4859008789062,0.998744010925293,556.5667724609375,566.0042724609375,0.03295266628265381,553.9097900390625,587.9249267578125,0.06211197376251221,610.069580078125,568.606689453125,0.9998098611831665,610.1428833007812,570.5266723632812,0.027313977479934692,552.07568359375,558.4086303710938,0.009817630052566528,639.5255737304688,547.4495239257812,0.6567882299423218,556.5863037109375,555.9450073242188,0.006763845682144165
1275,287.26300048828125,474.6036376953125,0.9998988509178162,555.6575317382812,555.1393432617188,0.02773946523666382,795.9771728515625,556.4982299804688,0.9996938705444336,552.485595703125,564.1044311523438,0.9978258609771729,512.1107788085938,585.6633911132812,0.9982106685638428,556.6287841796875,565.9798583984375,0.035631150007247925,554.1854858398438,587.8916015625,0.07558289170265198,610.4739990234375,568.4989624023438,0.9997967481613159,610.42578125,570.1508178710938,0.028016507625579834,551.923828125,558.5191650390625,0.012036770582199097,639.9468383789062,547.587646484375,0.6683480143547058,556.5352172851562,555.9156494140625,0.007780551910400391
1276,287.4227294921875,474.5256042480469,0.9999028444290161,555.9096069335938,555.19921875,0.027777493000030518,794.6609497070312,557.08740234375,0.999643087387085,552.5445556640625,564.3827514648438,0.9979333281517029,512.4420776367188,585.4096069335938,0.9984203577041626,556.388916015625,566.2296142578125,0.04180440306663513,554.142578125,588.0061645507812,0.07400423288345337,610.0635986328125,568.640380859375,0.9998302459716797,610.0507202148438,570.5703735351562,0.02258145809173584,551.9497680664062,558.83642578125,0.011579155921936035,639.8482666015625,547.5426025390625,0.6910581588745117,556.581787109375,556.0171508789062,0.0078036487102508545
1277,287.25982666015625,474.5442810058594,0.9998999834060669,1004.8280639648438,51.97590637207031,0.025220662355422974,795.169677734375,557.0274658203125,0.9996254444122314,552.4950561523438,564.0508422851562,0.9981296062469482,511.93585205078125,585.4678344726562,0.9985007047653198,556.7169189453125,565.7786865234375,0.03171095252037048,554.1337280273438,587.5321044921875,0.06861725449562073,610.760009765625,568.3927001953125,0.9998335242271423,610.577392578125,570.072021484375,0.025251656770706177,250.09390258789062,568.0220947265625,0.012644201517105103,639.73681640625,547.9317016601562,0.638805627822876,556.5418090820312,555.8763427734375,0.007624298334121704
1278,287.5511474609375,474.7554626464844,0.9998773336410522,1005.037109375,52.18711471557617,0.02757123112678528,795.6686401367188,556.9127197265625,0.99969482421875,552.7171630859375,564.1771850585938,0.9981532096862793,512.4738159179688,585.6102905273438,0.9988893270492554,557.0529174804688,565.935791015625,0.03824716806411743,553.961669921875,587.7376098632812,0.06720218062400818,610.016845703125,568.6453247070312,0.9998295307159424,609.9935302734375,570.361328125,0.0277651846408844,552.025146484375,558.4236450195312,0.011166781187057495,639.46826171875,547.9999389648438,0.5974711775779724,556.74462890625,555.91455078125,0.007636666297912598
1279,287.7460021972656,474.6394348144531,0.9999207258224487,555.35009765625,555.3089599609375,0.030876189470291138,795.5917358398438,556.2288818359375,0.9996902942657471,552.4908447265625,563.9697265625,0.9977271556854248,512.162109375,585.3511962890625,0.9985257983207703,556.976318359375,565.89697265625,0.03168267011642456,554.1654052734375,587.834716796875,0.0641651451587677,610.3174438476562,568.4188232421875,0.9998176097869873,610.1011962890625,570.2055053710938,0.02319309115409851,551.7116088867188,558.7410888671875,0.012460768222808838,639.953125,547.885498046875,0.5679898858070374,556.7357177734375,556.03466796875,0.008045703172683716
1280,287.6523132324219,474.7044982910156,0.9998927712440491,1004.2615356445312,52.492828369140625,0.07395064830780029,795.5125122070312,556.5137939453125,0.9995635747909546,552.5906982421875,564.088623046875,0.9975314736366272,512.3099365234375,585.4800415039062,0.9987003803253174,556.4536743164062,566.0361938476562,0.04492279887199402,554.8450317382812,587.750244140625,0.07196614146232605,610.6633911132812,568.2577514648438,0.9998427629470825,610.4468994140625,570.1405029296875,0.024072617292404175,250.31275939941406,568.0877075195312,0.011770159006118774,639.879150390625,547.9630737304688,0.5192176699638367,556.6981201171875,556.0692138671875,0.0079365074634552
1281,287.83367919921875,474.7632141113281,0.9999154806137085,1004.7944946289062,52.55562973022461,0.04609456658363342,795.4368286132812,556.2567138671875,0.9996488690376282,552.6783447265625,564.405517578125,0.998529851436615,511.99139404296875,585.5595703125,0.9986611604690552,556.2984008789062,566.1340942382812,0.03365477919578552,554.0811767578125,587.8692626953125,0.0738140344619751,610.12255859375,568.5736694335938,0.9998354911804199,610.2033081054688,570.484130859375,0.02241140604019165,552.0449829101562,558.5848999023438,0.010647624731063843,639.5658569335938,548.1947021484375,0.668113648891449,556.46630859375,555.876953125,0.007172107696533203
1282,288.11322021484375,474.5128479003906,0.9999176263809204,555.6881103515625,555.2763061523438,0.02371692657470703,795.9293823242188,556.1981201171875,0.9996716976165771,553.1920776367188,564.3052978515625,0.9983019828796387,512.2557983398438,585.4884643554688,0.9988348484039307,557.022705078125,565.9190063476562,0.027913331985473633,553.899169921875,587.6375732421875,0.05791458487510681,609.5316162109375,568.7555541992188,0.999811053276062,609.9518432617188,570.543701171875,0.023211032152175903,551.899169921875,558.4141235351562,0.01054653525352478,639.4234619140625,547.9043579101562,0.7631509304046631,556.7123413085938,555.9271850585938,0.00723537802696228
1283,288.0794982910156,474.5597229003906,0.9999169707298279,564.7926025390625,553.7872924804688,0.029831022024154663,259.5904541015625,573.8640747070312,0.9996517896652222,552.454345703125,564.1592407226562,0.997755765914917,512.2680053710938,585.3615112304688,0.9980769157409668,556.5606689453125,565.7907104492188,0.03290534019470215,554.082275390625,587.689697265625,0.06705284118652344,609.8612670898438,568.783447265625,0.9998368620872498,610.0611572265625,570.3286743164062,0.024060547351837158,552.0465698242188,558.8880615234375,0.01368725299835205,639.7177124023438,548.2008056640625,0.6805601119995117,556.536865234375,556.102783203125,0.008327305316925049
1284,287.7281188964844,474.5760498046875,0.9999136924743652,555.8682861328125,555.1678466796875,0.027277082204818726,795.8685913085938,556.0360107421875,0.9996823072433472,552.7272338867188,564.3346557617188,0.9982369542121887,512.189697265625,585.681640625,0.9987357258796692,556.9049072265625,566.2779541015625,0.03587523102760315,553.9615478515625,587.9812622070312,0.07762554287910461,609.6757202148438,568.8269653320312,0.9997895956039429,609.78466796875,570.4402465820312,0.026313483715057373,552.0081176757812,558.7662353515625,0.010720103979110718,639.2066650390625,548.41845703125,0.5279759764671326,556.6542358398438,555.932861328125,0.007216423749923706
1285,287.72955322265625,474.3760986328125,0.9999160170555115,555.981201171875,555.3858642578125,0.02823778986930847,795.3453369140625,556.6559448242188,0.9996380805969238,552.2971801757812,564.3946533203125,0.9983252882957458,512.415283203125,585.4661254882812,0.998765766620636,556.326171875,566.2478637695312,0.03627684712409973,553.92626953125,587.7830200195312,0.050753504037857056,609.6580810546875,568.7412109375,0.9997793436050415,609.8350830078125,570.6414184570312,0.020498603582382202,552.3546752929688,558.837646484375,0.011387228965759277,639.8001708984375,548.3847045898438,0.6364303231239319,556.5299072265625,555.8717651367188,0.007473349571228027
1286,287.8101501464844,474.42523193359375,0.999912679195404,555.9326782226562,555.1537475585938,0.02715522050857544,795.5836181640625,556.643310546875,0.999640166759491,552.3165283203125,564.30419921875,0.9984555244445801,512.05859375,585.437255859375,0.9982823133468628,556.3870849609375,566.1056518554688,0.03615561127662659,554.4935913085938,587.6503295898438,0.04841703176498413,610.197265625,568.8092041015625,0.9997677803039551,610.2112426757812,570.3157348632812,0.02336442470550537,552.1149291992188,558.6465454101562,0.011202067136764526,640.3355102539062,547.8713989257812,0.6956216096878052,556.5753173828125,555.9608154296875,0.007399201393127441
1287,287.8473205566406,474.4581604003906,0.9999123811721802,556.1997680664062,555.4750366210938,0.028116375207901,795.5494995117188,556.6776123046875,0.9996347427368164,551.9844970703125,564.4691772460938,0.9979498386383057,511.78424072265625,585.7040405273438,0.998247504234314,556.380126953125,566.0855102539062,0.03618037700653076,554.2910766601562,587.8125610351562,0.05356019735336304,610.2247314453125,568.52001953125,0.9997832775115967,610.241455078125,570.2235107421875,0.023213177919387817,552.25341796875,558.9564208984375,0.011290282011032104,639.260986328125,548.67529296875,0.4746391475200653,556.70751953125,555.9674682617188,0.007366001605987549
1288,288.2087707519531,474.7951354980469,0.9999172687530518,556.1798706054688,555.3986206054688,0.030805855989456177,796.2520141601562,556.1253051757812,0.9996398687362671,552.0390625,564.6215209960938,0.9981266856193542,512.2381591796875,585.5204467773438,0.9985148310661316,556.0204467773438,566.4373168945312,0.042802125215530396,554.0604248046875,587.6397705078125,0.05180522799491882,608.8638305664062,569.2034301757812,0.9996320009231567,609.1759033203125,570.8521118164062,0.02415284514427185,552.2158813476562,559.003662109375,0.011201858520507812,639.4976196289062,548.7434692382812,0.6836578845977783,556.5083618164062,556.007568359375,0.007493764162063599
1289,288.1771545410156,474.70245361328125,0.9999135136604309,556.1394653320312,555.434814453125,0.028981000185012817,795.5526123046875,556.8178100585938,0.9995827078819275,551.613525390625,564.5718994140625,0.9980791807174683,512.4014892578125,585.6804809570312,0.9986025094985962,555.8880004882812,566.193603515625,0.03524219989776611,554.3079833984375,587.4537353515625,0.05998694896697998,609.3822631835938,568.8128662109375,0.9997649192810059,609.7266845703125,570.501708984375,0.02202245593070984,552.5796508789062,558.8103637695312,0.011888056993484497,639.923095703125,548.17041015625,0.5874468088150024,556.6094970703125,556.0008544921875,0.007559448480606079
1290,288.1847839355469,474.9587097167969,0.9999104738235474,556.2542114257812,555.47509765625,0.03222969174385071,795.280517578125,556.89208984375,0.9996079206466675,551.6273193359375,564.6559448242188,0.9981259107589722,511.97802734375,585.603515625,0.9988526105880737,555.9253540039062,566.41650390625,0.04491904377937317,554.4640502929688,587.8026123046875,0.060808807611465454,609.4205322265625,568.9337158203125,0.9996953010559082,609.486083984375,570.6436767578125,0.025995105504989624,552.51220703125,558.9464111328125,0.012696981430053711,639.253662109375,549.0054931640625,0.6899092197418213,556.484130859375,556.0281982421875,0.007929563522338867
1291,288.49169921875,474.6575012207031,0.9999237060546875,556.0785522460938,555.1571655273438,0.027926117181777954,795.2638549804688,556.7003784179688,0.9996119141578674,552.3076171875,564.6970825195312,0.9981317520141602,512.2401733398438,585.6324462890625,0.9985361099243164,556.0855712890625,566.4476318359375,0.03758546710014343,554.11474609375,587.89111328125,0.0492512583732605,609.5577392578125,568.7410888671875,0.9997658133506775,609.8998413085938,570.435302734375,0.022110193967819214,551.9674072265625,558.7879638671875,0.010810017585754395,639.3741455078125,548.5106201171875,0.5923306345939636,556.588134765625,555.9896850585938,0.007402092218399048
1292,288.48101806640625,474.6408386230469,0.9999212026596069,556.1268310546875,555.1826171875,0.029122114181518555,795.0935668945312,556.411865234375,0.9996041059494019,552.2643432617188,564.3720703125,0.998054563999176,512.198486328125,585.4022216796875,0.9987288117408752,556.0740966796875,566.4048461914062,0.03896036744117737,554.1171264648438,587.8283081054688,0.07940354943275452,609.545166015625,568.94580078125,0.999681830406189,609.6610717773438,570.5012817382812,0.023244470357894897,552.2953491210938,558.735107421875,0.010730117559432983,639.64697265625,548.7872924804688,0.6582768559455872,556.6842651367188,555.9888305664062,0.007090389728546143
1293,288.92462158203125,474.6407470703125,0.9999184608459473,1004.4666748046875,52.1766357421875,0.03725522756576538,795.869384765625,556.5166015625,0.9996498823165894,552.4322509765625,564.552734375,0.9976744651794434,512.4696655273438,585.2498168945312,0.9985097646713257,556.3035278320312,566.3523559570312,0.03409451246261597,554.0974731445312,587.5243530273438,0.04934147000312805,609.7109985351562,568.9342041015625,0.999686062335968,609.7205200195312,570.4121704101562,0.023301631212234497,551.8280029296875,559.00634765625,0.011526405811309814,638.9845581054688,548.88623046875,0.594671905040741,556.5870361328125,556.0302124023438,0.007506847381591797
1294,288.66558837890625,474.4635314941406,0.999923825263977,556.23876953125,555.1150512695312,0.02971339225769043,795.585205078125,556.6119995117188,0.9996373057365417,552.0835571289062,564.6328735351562,0.998101532459259,510.9317321777344,589.637939453125,0.9984676837921143,556.2235717773438,566.3485107421875,0.043427079916000366,554.4667358398438,587.6774291992188,0.058491021394729614,609.9444580078125,568.7404174804688,0.9997942447662354,609.8311767578125,570.6173095703125,0.023718059062957764,251.35011291503906,567.6642456054688,0.01318049430847168,638.881591796875,548.3815307617188,0.710925281047821,556.6817016601562,555.9879760742188,0.0076874494552612305
1295,288.6452941894531,474.56793212890625,0.9999153017997742,556.403564453125,555.2034912109375,0.0326707661151886,796.2933349609375,556.86181640625,0.9996641874313354,551.8314208984375,564.51953125,0.9976105093955994,512.070556640625,585.71337890625,0.9982983469963074,556.1049194335938,566.3369140625,0.04729345440864563,553.9913940429688,587.7212524414062,0.08619830012321472,609.5458374023438,569.0363159179688,0.999630331993103,609.9486694335938,570.4622192382812,0.025883972644805908,552.3291015625,558.7909545898438,0.012743264436721802,638.90576171875,548.1317138671875,0.7014518976211548,556.6160278320312,555.8272094726562,0.00800827145576477
1296,289.10638427734375,474.7076416015625,0.9999176859855652,556.142822265625,555.3753051757812,0.030628353357315063,796.0230712890625,556.4566040039062,0.9996925592422485,551.5636596679688,564.435302734375,0.9975311756134033,511.7935485839844,585.434326171875,0.9982832670211792,555.6474609375,566.468994140625,0.04351586103439331,554.4220581054688,587.7505493164062,0.06209832429885864,609.9141845703125,568.92822265625,0.999686598777771,610.1920166015625,570.428466796875,0.02571159601211548,252.16162109375,567.6309814453125,0.012372314929962158,638.5692749023438,548.3712158203125,0.6076241731643677,556.521484375,555.912841796875,0.007343798875808716
1297,288.6925354003906,474.669189453125,0.9999290704727173,556.1876220703125,555.3463745117188,0.029664456844329834,795.97021484375,556.3165283203125,0.9995852708816528,551.2697143554688,564.50244140625,0.9977796077728271,511.8918151855469,585.4769287109375,0.998214066028595,555.6009521484375,566.4616088867188,0.044716089963912964,554.1409912109375,587.7379150390625,0.07734999060630798,609.5188598632812,568.7905883789062,0.9997227191925049,609.8438110351562,570.5452270507812,0.024481266736984253,252.0956573486328,567.6751708984375,0.014904797077178955,639.0907592773438,548.4288330078125,0.790681779384613,556.5418090820312,555.9699096679688,0.0075685083866119385
1298,288.8232116699219,474.7791748046875,0.9999223947525024,555.977294921875,555.1905517578125,0.02806231379508972,795.599609375,556.7691040039062,0.999642014503479,552.2709350585938,564.3287353515625,0.9977422952651978,511.71875,585.4999389648438,0.9982248544692993,556.0623779296875,566.2754516601562,0.04256594181060791,554.1863403320312,587.7284545898438,0.06374305486679077,609.3448486328125,569.1192626953125,0.9996750950813293,609.6696166992188,570.7078857421875,0.02002006769180298,252.06497192382812,567.3316040039062,0.016818970441818237,639.2139892578125,548.8182373046875,0.7107421159744263,556.5732421875,555.96337890625,0.007181137800216675
1299,288.5689392089844,474.53424072265625,0.999900221824646,555.6422729492188,555.2496948242188,0.028508812189102173,795.4647827148438,556.5716552734375,0.9995807409286499,552.57958984375,564.2874145507812,0.9973109364509583,512.26171875,585.5155639648438,0.9983029365539551,556.6536865234375,566.1866455078125,0.04292985796928406,554.337158203125,587.5066528320312,0.05639457702636719,609.5250854492188,569.0811157226562,0.9996376633644104,609.7118530273438,570.5485229492188,0.02391466498374939,252.45159912109375,567.4723510742188,0.011284202337265015,639.1842651367188,548.7885131835938,0.7059979438781738,556.5548095703125,555.8675537109375,0.0074773430824279785
1300,288.7945861816406,474.4788513183594,0.9999120831489563,1004.2833862304688,52.315189361572266,0.047797173261642456,796.9600219726562,556.298583984375,0.9996289014816284,552.840576171875,564.57177734375,0.9979792833328247,512.0018920898438,585.426513671875,0.9988104104995728,556.6236572265625,566.4180908203125,0.04015496373176575,554.0068969726562,587.8121337890625,0.06685784459114075,609.5252685546875,569.1712646484375,0.9997305274009705,609.7752075195312,570.6945190429688,0.024150192737579346,252.49038696289062,567.272705078125,0.011850893497467041,638.8838500976562,548.5640869140625,0.7218992710113525,556.7363891601562,555.9735107421875,0.006833165884017944
1301,289.0954284667969,474.443115234375,0.9999141097068787,1004.6026611328125,52.87349319458008,0.03417229652404785,795.5689697265625,556.595947265625,0.9996238946914673,552.582275390625,564.65478515625,0.9980779886245728,512.1095581054688,585.4902954101562,0.9982318878173828,556.5554809570312,566.4959716796875,0.04690176248550415,554.0149536132812,587.8541259765625,0.06230282783508301,609.1615600585938,569.4013061523438,0.9996592402458191,609.4336547851562,570.7732543945312,0.021461397409439087,552.0543212890625,558.788330078125,0.010843336582183838,639.04345703125,548.7608642578125,0.6024680137634277,556.673095703125,555.9094848632812,0.00773891806602478
1302,289.04034423828125,474.5575866699219,0.999929666519165,1004.2865600585938,52.26436233520508,0.033050745725631714,795.1511840820312,556.9920654296875,0.9995542764663696,552.2705688476562,564.5923461914062,0.9977371692657471,511.02557373046875,590.2055053710938,0.9983261227607727,556.3358764648438,566.2537231445312,0.0386253297328949,553.9646606445312,587.6867065429688,0.0768791139125824,609.8248901367188,568.779052734375,0.9997196197509766,609.776123046875,570.3899536132812,0.0262412428855896,251.99183654785156,567.3648071289062,0.01338273286819458,639.1365966796875,548.4605712890625,0.6999993920326233,556.5150146484375,556.069091796875,0.007696002721786499
1303,289.0513610839844,474.85845947265625,0.9999270439147949,555.5800170898438,554.974609375,0.03042680025100708,795.1367797851562,556.9258422851562,0.9996222257614136,553.0405883789062,564.6116943359375,0.9981595277786255,512.0684204101562,585.4993286132812,0.9984649419784546,556.7797241210938,566.3726806640625,0.0400162935256958,553.9804077148438,587.6040649414062,0.0490146279335022,610.1578369140625,568.945556640625,0.9997299909591675,610.3811645507812,570.3422241210938,0.026512473821640015,251.7216033935547,567.64697265625,0.014878988265991211,638.9862060546875,548.084716796875,0.7565391063690186,556.5418090820312,555.85205078125,0.007778257131576538
1304,289.3148193359375,474.5217590332031,0.9999111890792847,1004.5152587890625,52.34920120239258,0.03593367338180542,795.75,556.5872802734375,0.9996662139892578,552.529541015625,564.6539916992188,0.9976731538772583,511.81024169921875,585.4992065429688,0.9986180067062378,556.585205078125,566.2135009765625,0.03308480978012085,554.3163452148438,587.8892822265625,0.057652801275253296,609.7787475585938,568.6959228515625,0.9997559785842896,609.8555908203125,570.4821166992188,0.023219436407089233,251.52938842773438,566.9385986328125,0.012769877910614014,638.7322998046875,548.5546875,0.6511303186416626,556.6170043945312,555.9147338867188,0.0076261162757873535
1305,289.2815246582031,474.6240539550781,0.9999183416366577,1004.2435913085938,53.05077362060547,0.04985359311103821,795.8536376953125,556.6570434570312,0.9996358752250671,552.4918823242188,564.7061767578125,0.9972532987594604,511.0181884765625,590.4983520507812,0.9985690116882324,556.6546630859375,566.2217407226562,0.032334208488464355,553.8927001953125,587.8313598632812,0.0768049955368042,609.6553955078125,568.9899291992188,0.9996993541717529,609.8289794921875,570.4963989257812,0.025192052125930786,252.26138305664062,567.60791015625,0.01225939393043518,638.7994995117188,548.4827270507812,0.6099307537078857,556.5170288085938,555.9959716796875,0.007925093173980713
1306,289.3907470703125,474.4600830078125,0.9999287724494934,556.5213623046875,555.3440551757812,0.03024733066558838,796.224853515625,556.4930419921875,0.9994972944259644,551.34033203125,564.7774658203125,0.9982719421386719,510.5693359375,590.0940551757812,0.998825192451477,555.5072021484375,566.5199584960938,0.045068711042404175,554.3372802734375,587.955078125,0.07050135731697083,610.0048217773438,569.0023193359375,0.9997600317001343,609.92822265625,570.5282592773438,0.024102479219436646,552.6683349609375,558.8221435546875,0.011877596378326416,639.6990356445312,548.25732421875,0.8004007339477539,556.38330078125,556.0057373046875,0.007687926292419434
1307,289.06793212890625,474.6119384765625,0.9999299049377441,556.0640869140625,555.068115234375,0.03154155611991882,795.3831176757812,556.6176147460938,0.9996595978736877,552.3857421875,564.5562133789062,0.9982203245162964,512.03857421875,585.4117431640625,0.9989657402038574,556.364013671875,566.2482299804688,0.04357311129570007,554.1395874023438,587.6092529296875,0.06309422850608826,609.2112426757812,569.11962890625,0.9996582269668579,609.5357055664062,570.634521484375,0.021219342947006226,552.0302124023438,558.5819091796875,0.012023210525512695,639.4073486328125,548.6870727539062,0.7205151915550232,556.5469360351562,555.9138793945312,0.0083543062210083
1308,289.67486572265625,474.8347473144531,0.9999394416809082,556.4296875,555.17236328125,0.031218767166137695,794.9739379882812,557.1010131835938,0.9995864033699036,552.4153442382812,564.5546264648438,0.997317910194397,512.11474609375,585.4425659179688,0.9987924098968506,556.3084106445312,566.4616088867188,0.04841795563697815,554.1471557617188,587.6244506835938,0.07578301429748535,609.5985717773438,568.970947265625,0.999714732170105,609.8176879882812,570.52392578125,0.0263860821723938,552.2229614257812,558.80908203125,0.011278778314590454,639.06982421875,548.203125,0.7919337749481201,556.6229248046875,555.93896484375,0.007582128047943115
1309,289.7942199707031,474.6666259765625,0.9999409317970276,555.974609375,555.2979125976562,0.031885355710983276,795.122802734375,556.5033569335938,0.9996141195297241,551.7282104492188,564.6478881835938,0.9976987838745117,511.04852294921875,590.2963256835938,0.9988561868667603,555.7991943359375,566.306884765625,0.044795721769332886,554.413330078125,587.8214721679688,0.08864480257034302,609.8485717773438,569.1146240234375,0.9996649026870728,609.8914184570312,570.5897216796875,0.02362087368965149,552.4408569335938,558.8267211914062,0.011916935443878174,639.173583984375,548.7333374023438,0.7535924911499023,556.5172119140625,555.9456176757812,0.007522702217102051
1310,289.43292236328125,474.59588623046875,0.99993497133255,555.8648071289062,555.0888671875,0.031146228313446045,795.2775268554688,556.62451171875,0.9996647238731384,552.98583984375,564.703125,0.9970608949661255,511.0751037597656,590.1832885742188,0.9986612200737,556.5784301757812,566.564697265625,0.03862887620925903,554.373779296875,587.624267578125,0.05732238292694092,610.3117065429688,568.623779296875,0.9997742176055908,610.2071533203125,570.326416015625,0.023685723543167114,551.8442993164062,558.8933715820312,0.010598361492156982,639.1826782226562,548.2012939453125,0.7958551645278931,556.7343139648438,555.9843139648438,0.007337212562561035
1311,289.6483154296875,474.6299133300781,0.9999406337738037,1004.4547119140625,52.00912857055664,0.03248053789138794,794.7443237304688,556.9406127929688,0.9995454549789429,552.7522583007812,564.7870483398438,0.9975886940956116,511.8299865722656,585.7374877929688,0.9983639717102051,556.5210571289062,566.55078125,0.0390285849571228,553.9782104492188,587.5924682617188,0.06125164031982422,609.6964721679688,569.2564697265625,0.9996839761734009,609.9000244140625,570.8515625,0.024963796138763428,636.0852661132812,547.620849609375,0.011366665363311768,639.349853515625,548.2877197265625,0.8096417188644409,556.6298217773438,555.9071655273438,0.00686308741569519
1312,289.650634765625,474.6419982910156,0.9999489188194275,556.1015625,554.8524169921875,0.029132932424545288,795.0136108398438,557.3425903320312,0.9995742440223694,552.38671875,564.5276489257812,0.9980334639549255,512.0096435546875,585.4459228515625,0.9984523057937622,556.1166381835938,566.5383911132812,0.05032616853713989,554.1847534179688,587.70556640625,0.06599953770637512,609.8182373046875,569.0709228515625,0.9997261762619019,609.9025268554688,570.7157592773438,0.02533450722694397,551.9880981445312,558.7550659179688,0.010099261999130249,639.2462158203125,548.382568359375,0.8219003677368164,556.586181640625,555.7264404296875,0.007092505693435669
1313,290.2396545410156,474.7005615234375,0.9999555945396423,555.976318359375,555.3275756835938,0.028360068798065186,795.00634765625,557.6307983398438,0.999582827091217,551.9006958007812,564.5774536132812,0.9978276491165161,510.68353271484375,590.1203002929688,0.9988659024238586,555.8385620117188,566.635498046875,0.042980968952178955,554.161865234375,587.6565551757812,0.06376749277114868,609.8385620117188,569.2520141601562,0.9996635913848877,610.005126953125,570.7628784179688,0.02543678879737854,552.1932983398438,558.738037109375,0.011080741882324219,639.02099609375,548.2835083007812,0.7577556371688843,556.468994140625,555.8521728515625,0.007290959358215332
1314,289.7514343261719,474.61737060546875,0.9999423027038574,555.7431030273438,555.1812133789062,0.026881933212280273,794.9403686523438,557.3490600585938,0.9995644688606262,553.0632934570312,564.4500732421875,0.9976082444190979,511.0812072753906,589.9878540039062,0.9984675645828247,556.580322265625,566.3478393554688,0.04152876138687134,554.1121215820312,587.6246337890625,0.07213491201400757,610.1046142578125,568.9020385742188,0.9997481107711792,610.2182006835938,570.4799194335938,0.02881777286529541,551.57470703125,558.8726806640625,0.010177314281463623,639.0294189453125,548.4277954101562,0.8003339767456055,556.517333984375,555.8411865234375,0.006897300481796265
1315,289.67779541015625,474.71453857421875,0.9999392032623291,1004.3158569335938,52.66864013671875,0.04115840792655945,795.09326171875,557.3684692382812,0.9995746612548828,552.5418701171875,564.8504028320312,0.9977432489395142,512.029052734375,585.5460205078125,0.9980659484863281,556.435546875,566.7050170898438,0.04325687885284424,554.0350341796875,587.7584228515625,0.06535413861274719,609.1276245117188,569.0004272460938,0.9996561408042908,609.6044311523438,570.7664184570312,0.025212883949279785,551.8357543945312,558.748779296875,0.01039266586303711,637.9677734375,548.7162475585938,0.5852173566818237,556.682861328125,555.9466552734375,0.007606565952301025
1316,290.3313903808594,474.7897644042969,0.9999467134475708,556.2810668945312,555.5629272460938,0.03219124674797058,795.3038940429688,556.3917846679688,0.9995790719985962,551.7653198242188,564.4690551757812,0.9975435733795166,511.18914794921875,589.8519897460938,0.9980303049087524,556.1206665039062,566.303955078125,0.043072640895843506,553.614990234375,587.6978759765625,0.10012325644493103,609.5253295898438,569.1119995117188,0.9996320009231567,609.887939453125,570.6776123046875,0.024962633848190308,552.4912719726562,559.0211791992188,0.012198805809020996,639.007080078125,548.5914916992188,0.7216959595680237,556.5847778320312,556.0413818359375,0.008064866065979004
1317,289.87103271484375,474.689208984375,0.9999471306800842,1004.1934814453125,52.288578033447266,0.05744054913520813,794.6712646484375,557.0863037109375,0.9996094107627869,551.8193969726562,564.4622192382812,0.9984574317932129,510.5343017578125,589.921875,0.9987394213676453,555.9043579101562,566.361328125,0.04336443543434143,553.7115478515625,587.8688354492188,0.08461371064186096,609.3339233398438,569.1704711914062,0.9996460676193237,609.4505615234375,570.716064453125,0.025158733129501343,636.0507202148438,547.6163330078125,0.013848215341567993,639.432861328125,548.1045532226562,0.8047348260879517,556.5700073242188,555.8927001953125,0.006804794073104858
1318,289.8673095703125,474.72979736328125,0.9999504089355469,1004.408203125,52.93303298950195,0.037933915853500366,795.0916748046875,556.72998046875,0.9995687007904053,552.4169311523438,564.6622314453125,0.9973376989364624,511.01324462890625,589.8928833007812,0.9984703063964844,556.5501708984375,566.6805419921875,0.057161539793014526,553.6744995117188,587.8643188476562,0.08770245313644409,609.6712646484375,569.08349609375,0.999774158000946,609.7589721679688,570.7119140625,0.024536550045013428,552.0101318359375,558.740966796875,0.010699957609176636,638.765869140625,548.6672973632812,0.7732840180397034,556.7696533203125,555.8228149414062,0.007607400417327881
1319,289.6300354003906,474.7565612792969,0.9999452233314514,1004.3145751953125,51.977264404296875,0.042512863874435425,795.168212890625,557.2283935546875,0.999557614326477,552.7937622070312,564.7197875976562,0.9978286027908325,510.5751037597656,589.6036987304688,0.9985764622688293,556.661376953125,566.455322265625,0.04282325506210327,554.001708984375,587.4601440429688,0.06541866064071655,609.3152465820312,569.0228881835938,0.999707818031311,609.7542114257812,570.6842651367188,0.024971187114715576,551.7431030273438,558.8827514648438,0.010804742574691772,638.7925415039062,548.6708374023438,0.771222710609436,556.5692138671875,555.921630859375,0.0076188743114471436
1320,289.6584777832031,474.9490966796875,0.9999494552612305,556.185791015625,554.8619995117188,0.03236779570579529,795.2783813476562,557.4114379882812,0.9995536208152771,552.3187255859375,564.6416625976562,0.9975491762161255,511.6216735839844,585.3350219726562,0.9985502362251282,556.5131225585938,566.39697265625,0.05067867040634155,554.2367553710938,587.7352294921875,0.06981685757637024,610.5328979492188,568.6861572265625,0.9997674226760864,610.2486572265625,570.2677612304688,0.02754959464073181,552.1541748046875,558.716796875,0.011337727308273315,639.4347534179688,548.2553100585938,0.7367051839828491,556.7399291992188,555.9063110351562,0.00793507695198059
1321,289.80364990234375,474.5613708496094,0.9999468326568604,556.66748046875,554.9610595703125,0.028394997119903564,795.126953125,557.1693115234375,0.9995619058609009,552.8617553710938,564.7794189453125,0.9978799819946289,511.76910400390625,585.528076171875,0.998868465423584,556.5353393554688,566.8748779296875,0.04977032542228699,553.8330688476562,588.0355834960938,0.08129885792732239,609.8678588867188,569.1739501953125,0.9996376037597656,609.8987426757812,570.5595703125,0.02543318271636963,552.3004760742188,558.6078491210938,0.009580671787261963,638.9890747070312,548.6510620117188,0.5345652103424072,556.73681640625,556.0593872070312,0.006940960884094238
1322,289.8438720703125,474.9134216308594,0.9999583959579468,1004.4215087890625,52.6395263671875,0.08142849802970886,794.8407592773438,557.14208984375,0.9995855093002319,552.571044921875,564.3408813476562,0.9978171586990356,510.56414794921875,589.7759399414062,0.9987761974334717,556.64697265625,566.1746215820312,0.04543048143386841,554.0047607421875,587.5300903320312,0.061706364154815674,610.1359252929688,568.6972045898438,0.9997591376304626,610.1405639648438,570.2546997070312,0.0250246524810791,551.9356079101562,558.7300415039062,0.011310696601867676,639.1406860351562,548.4243774414062,0.7557567358016968,556.49267578125,555.8336181640625,0.007575571537017822
1323,290.138671875,474.4766845703125,0.9999451637268066,556.1459350585938,555.1203002929688,0.027909547090530396,794.7999877929688,557.638427734375,0.999587893486023,551.97412109375,564.8826293945312,0.9976232051849365,512.1797485351562,585.762451171875,0.9984101057052612,556.131103515625,566.65380859375,0.05081450939178467,553.2590942382812,587.5825805664062,0.07917189598083496,609.5169677734375,569.314208984375,0.9995896220207214,609.652099609375,570.6333618164062,0.025590598583221436,636.0364379882812,547.5075073242188,0.011013656854629517,639.0686645507812,548.2078857421875,0.8277310132980347,556.5345458984375,555.941162109375,0.0074176788330078125
1324,290.31787109375,474.5588073730469,0.9999500513076782,1004.0993041992188,52.14651107788086,0.04320511221885681,795.2916870117188,557.4563598632812,0.9995746612548828,553.2704467773438,564.5003662109375,0.9979883432388306,511.93707275390625,585.5836181640625,0.9986332654953003,557.36328125,566.230712890625,0.04181137681007385,553.4251708984375,587.7830810546875,0.06675359606742859,609.51123046875,569.2659301757812,0.9997212290763855,609.7748413085938,571.0573120117188,0.025983482599258423,551.3679809570312,558.7853393554688,0.011599570512771606,638.9171752929688,548.1945190429688,0.7892042994499207,556.5724487304688,555.8046264648438,0.008529573678970337
1325,290.2744445800781,474.6966247558594,0.9999450445175171,1004.3548583984375,52.309532165527344,0.04296809434890747,795.24169921875,557.4700317382812,0.9996411800384521,552.4803466796875,564.6068725585938,0.9977745413780212,511.593505859375,585.568115234375,0.9988166093826294,556.8095092773438,566.4547729492188,0.037310630083084106,553.3944702148438,587.70458984375,0.076529860496521,609.6009521484375,569.0508422851562,0.9997203946113586,609.8693237304688,570.6978149414062,0.024611741304397583,552.0864868164062,559.015380859375,0.010143280029296875,638.9736328125,548.2391967773438,0.759099006652832,556.6045532226562,555.9369506835938,0.007306694984436035
1326,290.8009033203125,474.8742980957031,0.9999449849128723,555.7603149414062,555.1777954101562,0.03349962830543518,795.333251953125,557.8626098632812,0.9996708631515503,552.821044921875,564.6190795898438,0.9976892471313477,511.61541748046875,585.50537109375,0.9986461400985718,557.0299682617188,566.4468383789062,0.04310804605484009,553.4969482421875,587.7044677734375,0.05488213896751404,609.6675415039062,569.0596923828125,0.9997071027755737,609.9801635742188,570.5269165039062,0.030011922121047974,551.7188720703125,558.8672485351562,0.01271754503250122,638.8474731445312,548.2606201171875,0.8118951916694641,556.6846923828125,555.8994140625,0.009211957454681396
1327,290.8833312988281,474.8642883300781,0.9999561309814453,1004.0652465820312,52.16960906982422,0.032703787088394165,795.4092407226562,557.8475952148438,0.9995874762535095,552.929931640625,564.8174438476562,0.9980829358100891,510.7751770019531,589.960693359375,0.9988706707954407,556.8718872070312,566.5271606445312,0.043750494718551636,553.6069946289062,587.7965698242188,0.07825291156768799,609.5192260742188,569.2377319335938,0.9996614456176758,609.7740478515625,570.6978759765625,0.024400651454925537,551.8087158203125,558.4915161132812,0.009647995233535767,638.8775634765625,548.0477905273438,0.8001080751419067,556.759765625,555.8682250976562,0.007578492164611816
1328,290.97479248046875,474.878173828125,0.9999421834945679,555.8590698242188,554.9581909179688,0.028943300247192383,794.9766845703125,557.554443359375,0.9994991421699524,553.0023803710938,564.6680908203125,0.9977520704269409,510.654296875,589.7396240234375,0.9989680051803589,556.928466796875,566.300537109375,0.04458886384963989,553.9007568359375,587.8301391601562,0.07156980037689209,610.0235595703125,568.7686767578125,0.9997268319129944,610.1053466796875,570.5479736328125,0.02478092908859253,551.6427612304688,558.6488647460938,0.010537683963775635,639.4217529296875,548.188232421875,0.7771143317222595,556.6695556640625,555.8936157226562,0.008052736520767212
1329,291.2091369628906,474.795166015625,0.9999495148658752,1004.45458984375,52.56743240356445,0.03809663653373718,794.324951171875,557.8508911132812,0.9995604753494263,553.62548828125,564.6775512695312,0.9981405735015869,511.9256896972656,585.2528686523438,0.9989097714424133,557.4491577148438,566.3984985351562,0.04561781883239746,553.794189453125,587.6136474609375,0.058633625507354736,610.0490112304688,568.766357421875,0.999819278717041,610.0492553710938,570.6255493164062,0.02512189745903015,551.4475708007812,558.2969360351562,0.010481327772140503,638.9251098632812,548.447265625,0.7019907832145691,556.782958984375,555.9638061523438,0.008177578449249268
1330,290.56878662109375,474.9389343261719,0.9999434351921082,1004.0472412109375,52.77766418457031,0.036214232444763184,794.914306640625,557.4461059570312,0.9994962215423584,552.468017578125,564.6903686523438,0.9982517957687378,511.83831787109375,585.2059326171875,0.9985806345939636,556.6541748046875,566.3279418945312,0.03838378190994263,553.645263671875,587.6442260742188,0.06252965331077576,609.9846801757812,568.73828125,0.9997178316116333,609.9267578125,570.57177734375,0.027065038681030273,551.798095703125,558.804443359375,0.010659545660018921,638.9318237304688,548.456298828125,0.7885050773620605,556.5888061523438,555.814453125,0.0075311362743377686
1331,290.73638916015625,474.6335754394531,0.999943733215332,1004.2420043945312,52.2094841003418,0.03987112641334534,795.431396484375,557.7661743164062,0.9994547367095947,553.5101928710938,564.5774536132812,0.9975112080574036,510.7661437988281,589.9977416992188,0.9984273314476013,557.3842163085938,566.2442626953125,0.04062411189079285,553.8624877929688,587.296142578125,0.06332844495773315,609.9273071289062,568.8074340820312,0.9997146129608154,609.8370361328125,570.7954711914062,0.02367079257965088,551.2325439453125,558.6644287109375,0.010791867971420288,638.7592163085938,548.4796752929688,0.8435512781143188,556.7470092773438,555.8955078125,0.007675588130950928
1332,290.885498046875,474.8349914550781,0.9999518990516663,555.7462768554688,555.0087890625,0.029254615306854248,794.5474853515625,557.5015258789062,0.999535083770752,553.6104125976562,564.698486328125,0.9974358677864075,511.63409423828125,585.7684326171875,0.9985415935516357,557.218994140625,566.4479370117188,0.04569724202156067,553.6812133789062,587.6279296875,0.05991122126579285,610.30126953125,568.74658203125,0.9997619986534119,610.3133544921875,570.3576049804688,0.02815234661102295,551.4794921875,558.5814208984375,0.009910494089126587,638.978515625,548.2550048828125,0.7927088737487793,556.8245849609375,555.999267578125,0.007845461368560791
1333,291.08062744140625,474.77294921875,0.9999548196792603,555.8084106445312,554.785888671875,0.03164133429527283,794.887451171875,558.5598754882812,0.9995083808898926,555.0095825195312,564.5678100585938,0.9974666833877563,511.9748229980469,585.6511840820312,0.9988669753074646,557.5065307617188,566.69482421875,0.05093863606452942,553.0951538085938,587.7031860351562,0.06646886467933655,609.4439086914062,569.082763671875,0.9996696710586548,609.869140625,570.769775390625,0.02538159489631653,551.3308715820312,558.5585327148438,0.010047972202301025,638.633544921875,548.0267333984375,0.8626707792282104,556.7578735351562,555.9371948242188,0.007944285869598389
1334,291.7886962890625,474.9639892578125,0.9999479651451111,1004.108642578125,51.488197326660156,0.08684015274047852,794.99853515625,557.7758178710938,0.9995207786560059,552.1859741210938,564.7626342773438,0.9977745413780212,511.3930358886719,585.4558715820312,0.9987984299659729,556.0841064453125,566.7086791992188,0.06025117635726929,554.2713012695312,587.8353881835938,0.07403314113616943,609.4573974609375,568.6685791015625,0.9997266530990601,609.7174072265625,570.5331420898438,0.025159180164337158,552.1619262695312,558.634033203125,0.009438037872314453,638.4251708984375,548.9818115234375,0.6055291891098022,556.6944580078125,555.9363403320312,0.007106870412826538
1335,291.81585693359375,474.91802978515625,0.9999555349349976,1004.3781127929688,52.38794708251953,0.053039491176605225,794.982177734375,558.347900390625,0.9994988441467285,553.0856323242188,564.89794921875,0.9977655410766602,510.7119140625,590.2110595703125,0.9989957809448242,556.7479248046875,566.5928955078125,0.04363751411437988,553.668701171875,587.8345947265625,0.0687168538570404,610.3460693359375,568.5606689453125,0.999793529510498,610.2720336914062,570.396484375,0.025727570056915283,551.8695068359375,558.8381958007812,0.010689109563827515,639.7528686523438,547.8697509765625,0.7881322503089905,556.660400390625,555.9231567382812,0.007352650165557861
1336,291.8164367675781,474.9785461425781,0.9999443292617798,555.6907958984375,554.9832153320312,0.030922800302505493,794.660888671875,558.5145874023438,0.9993892908096313,553.0811157226562,564.6788330078125,0.9976993799209595,510.9866027832031,590.1325073242188,0.9988760352134705,557.1349487304688,566.406494140625,0.04683181643486023,553.8119506835938,587.8048706054688,0.07138630747795105,610.3948364257812,568.5508422851562,0.9997628927230835,610.111572265625,570.4627685546875,0.027585595846176147,551.4368896484375,558.5797729492188,0.011197775602340698,639.3865966796875,548.58837890625,0.7133464813232422,556.6734008789062,555.8482666015625,0.008135348558425903
1337,291.3185729980469,474.5285949707031,0.9999487400054932,1004.3363037109375,52.23289489746094,0.03357350826263428,794.9686279296875,558.85888671875,0.9995036125183105,553.3217163085938,564.4406127929688,0.9977651834487915,511.7934265136719,585.4888916015625,0.9986898899078369,557.2996826171875,566.2647705078125,0.044129908084869385,553.2728271484375,587.6936645507812,0.0651983916759491,609.9110107421875,568.9346923828125,0.9996833205223083,609.9119262695312,570.6121215820312,0.03130823373794556,291.4102478027344,466.4915771484375,0.009748786687850952,638.7200927734375,548.620849609375,0.674726128578186,556.5694580078125,555.7704467773438,0.007424652576446533
1338,291.6054992675781,474.5093994140625,0.9999562501907349,555.7514038085938,554.943603515625,0.02887040376663208,794.4542846679688,558.5271606445312,0.9994961619377136,553.0192260742188,564.6749877929688,0.9975859522819519,510.765869140625,589.68994140625,0.9986949563026428,557.1927490234375,566.3864135742188,0.04817953705787659,553.4798583984375,587.491455078125,0.05805596709251404,610.395263671875,568.693115234375,0.999790370464325,610.211669921875,570.3980102539062,0.027570635080337524,551.4946899414062,558.496337890625,0.011108726263046265,639.1963500976562,548.2172241210938,0.8019381761550903,556.615966796875,555.9161987304688,0.007895588874816895
1339,291.5533752441406,474.62109375,0.9999454021453857,1003.9780883789062,52.671871185302734,0.05908361077308655,795.05224609375,558.7999267578125,0.999498724937439,553.42578125,564.9950561523438,0.9975357055664062,511.755126953125,585.715576171875,0.9985980987548828,556.9917602539062,566.642822265625,0.053311556577682495,553.5892944335938,587.6620483398438,0.056419044733047485,610.1494140625,568.7850952148438,0.9997844696044922,609.9413452148438,570.514892578125,0.026857763528823853,551.510498046875,558.6383666992188,0.009530037641525269,639.4479370117188,548.7006225585938,0.6124653816223145,556.7230224609375,555.86474609375,0.007481217384338379
1340,292.1388854980469,474.5079040527344,0.999937891960144,556.1022338867188,555.024658203125,0.03302735090255737,794.6109008789062,558.1370239257812,0.9994709491729736,553.0484008789062,564.9578247070312,0.9977116584777832,510.3122253417969,589.9404907226562,0.9990385174751282,557.10791015625,566.6240844726562,0.04983517527580261,553.39599609375,587.83056640625,0.0665309727191925,610.23974609375,569.0003662109375,0.9997361898422241,610.1279296875,570.3934936523438,0.026518672704696655,551.7763061523438,558.6285400390625,0.01129177212715149,639.1539306640625,548.476318359375,0.785233736038208,556.5550537109375,555.91748046875,0.008094549179077148
1341,292.3348388671875,474.2240905761719,0.9999397993087769,1003.9188232421875,51.81599807739258,0.0495913028717041,795.3717041015625,558.2086791992188,0.9995285272598267,552.97314453125,564.8474731445312,0.9974565505981445,510.7040710449219,590.1561279296875,0.999072253704071,557.0553588867188,566.79638671875,0.05547007918357849,553.5144653320312,587.8289184570312,0.08146628737449646,609.4901733398438,568.8992309570312,0.9997302293777466,609.8751831054688,570.5405883789062,0.028516322374343872,551.9431762695312,558.3634643554688,0.00887364149093628,638.6220092773438,548.757568359375,0.7738814353942871,556.85546875,555.8685913085938,0.007103472948074341
1342,292.28167724609375,474.6304931640625,0.9999377131462097,1003.8580322265625,52.071170806884766,0.04155585169792175,795.837646484375,558.0946044921875,0.9994443655014038,553.3280639648438,564.8597412109375,0.9981281161308289,510.5946044921875,590.2901000976562,0.9989715814590454,557.6388549804688,566.4610595703125,0.047363728284835815,553.1538696289062,587.8661499023438,0.07137122750282288,609.4951782226562,568.9053955078125,0.9997193813323975,609.63232421875,570.5836791992188,0.026932746171951294,551.9143676757812,558.4146728515625,0.010549753904342651,638.485595703125,548.6853637695312,0.692147970199585,556.6453247070312,555.8731689453125,0.007997781038284302
1343,292.54779052734375,474.325927734375,0.9999430775642395,1004.3853149414062,52.53533172607422,0.039600670337677,795.0172729492188,557.6998291015625,0.9994392395019531,552.896728515625,564.9385375976562,0.9980732798576355,511.122314453125,585.6375732421875,0.9990410804748535,557.654541015625,566.3125,0.03824406862258911,553.2568359375,587.7342529296875,0.07852321863174438,609.6082153320312,568.9945068359375,0.9997113943099976,609.8812255859375,570.7196655273438,0.02457505464553833,636.7998046875,547.4476928710938,0.012096136808395386,639.4425048828125,547.953125,0.8200267553329468,556.7774047851562,555.8595581054688,0.008695453405380249
1344,292.47113037109375,474.4030456542969,0.9999529123306274,1004.6049194335938,52.11136245727539,0.03469574451446533,794.8916625976562,558.5921020507812,0.999404788017273,553.6636352539062,564.6869506835938,0.9982718229293823,510.5730895996094,590.2117309570312,0.9988598823547363,557.3226928710938,566.4672241210938,0.043627142906188965,553.7254638671875,587.453369140625,0.06826755404472351,609.6737670898438,568.8589477539062,0.999738335609436,609.7352294921875,570.555419921875,0.024845629930496216,551.5213012695312,558.45263671875,0.009040862321853638,639.4105224609375,548.2372436523438,0.8365877866744995,556.661865234375,555.9039306640625,0.006969571113586426
1345,292.98419189453125,474.31854248046875,0.9999383687973022,1005.0633544921875,52.17737579345703,0.03807944059371948,794.4494018554688,558.3192749023438,0.9994041919708252,552.4447631835938,565.1220703125,0.9982070326805115,511.64642333984375,585.7416381835938,0.9986108541488647,556.8935546875,566.65283203125,0.0501362681388855,553.549560546875,587.8240966796875,0.0705382227897644,609.80859375,569.079833984375,0.9997031688690186,609.9031982421875,570.6007080078125,0.02894347906112671,552.1292114257812,558.6731567382812,0.011529266834259033,639.0029907226562,548.6630859375,0.77764892578125,556.5028076171875,555.7594604492188,0.007715314626693726
1346,292.5622253417969,474.369873046875,0.9999423027038574,1004.5428466796875,52.4124641418457,0.044105470180511475,795.0654296875,557.8856201171875,0.9995322227478027,553.25341796875,564.8067626953125,0.9981997609138489,511.9172058105469,585.5282592773438,0.9991532564163208,557.1173095703125,566.49609375,0.04743647575378418,553.857421875,587.8114624023438,0.06591269373893738,610.0731811523438,568.8013305664062,0.999754786491394,609.915283203125,570.5582885742188,0.02883806824684143,551.8941650390625,558.5007934570312,0.010996967554092407,638.9208984375,548.5715942382812,0.7506102919578552,556.73193359375,555.8565063476562,0.00798371434211731
1347,292.9923095703125,474.1612548828125,0.9999431371688843,1004.5570068359375,52.50183868408203,0.039974600076675415,795.197265625,558.4421997070312,0.9995071887969971,553.4786376953125,564.8641967773438,0.9974652528762817,510.39093017578125,590.888671875,0.998946487903595,557.7479248046875,566.4071044921875,0.03870692849159241,553.73974609375,587.5845336914062,0.05677756667137146,609.78125,569.0799560546875,0.9997596740722656,609.8209228515625,570.6478271484375,0.027388572692871094,551.531005859375,558.8970947265625,0.011733919382095337,639.5072021484375,548.6246948242188,0.7947286367416382,556.6337280273438,555.7786865234375,0.00802379846572876
1348,292.6573791503906,474.8257141113281,0.9999350309371948,1003.9234619140625,52.91228485107422,0.07125160098075867,794.93994140625,558.8922119140625,0.9993859529495239,552.9891967773438,564.80859375,0.9978108406066895,511.2684631347656,585.5443725585938,0.9988640546798706,557.0083618164062,566.5430297851562,0.04852434992790222,553.6416015625,587.8870239257812,0.06748506426811218,610.140380859375,568.742919921875,0.9997848868370056,609.956787109375,570.6436157226562,0.028669118881225586,551.9478759765625,558.653076171875,0.010255098342895508,639.1554565429688,548.4085083007812,0.7895301580429077,556.7930908203125,555.9915771484375,0.007715016603469849
1349,293.0045166015625,474.6611633300781,0.9999314546585083,1004.2891235351562,52.563514709472656,0.053098052740097046,794.880615234375,558.1828002929688,0.9994552135467529,552.589111328125,564.981201171875,0.9981279969215393,509.8868103027344,589.8134155273438,0.9989272356033325,557.1014404296875,566.3527221679688,0.039520710706710815,553.468017578125,587.8440551757812,0.07806751132011414,610.2894287109375,568.7922973632812,0.9997339844703674,609.987060546875,570.5452270507812,0.029425770044326782,552.2509155273438,558.5250854492188,0.011319667100906372,639.2650756835938,548.3480834960938,0.8039244413375854,556.688720703125,555.9422607421875,0.007740318775177002
1350,293.2748718261719,474.7206115722656,0.9999331831932068,1004.129150390625,52.709877014160156,0.06384292244911194,794.8937377929688,558.800048828125,0.9994376301765442,552.7760009765625,564.88720703125,0.997766375541687,510.0293884277344,589.88818359375,0.9986811876296997,557.2245483398438,566.3765869140625,0.05193829536437988,553.8880004882812,587.6383666992188,0.07572820782661438,610.4119873046875,568.4057006835938,0.9998129606246948,609.999755859375,570.417724609375,0.02968624234199524,551.9739990234375,558.4134521484375,0.011241763830184937,639.1828002929688,548.2060546875,0.7990820407867432,556.6988525390625,555.75830078125,0.008180022239685059
1351,293.7239990234375,474.52337646484375,0.9999327063560486,1004.337646484375,52.67974853515625,0.05121183395385742,794.905029296875,558.474609375,0.9994248151779175,553.6426391601562,564.98876953125,0.997745156288147,511.21014404296875,585.6272583007812,0.9986509084701538,558.0551147460938,566.7919921875,0.04393458366394043,553.1622314453125,587.6400756835938,0.0688689649105072,609.5866088867188,568.9317016601562,0.9997701048851013,609.7583618164062,570.7530517578125,0.028483271598815918,551.5941772460938,558.5758056640625,0.009973585605621338,639.2152099609375,548.0504150390625,0.8274994492530823,556.9024047851562,555.8788452148438,0.007742404937744141
1352,293.7041015625,474.1599426269531,0.9999362230300903,1004.3153686523438,52.82414627075195,0.038378506898880005,795.2788696289062,557.7993774414062,0.9993305206298828,553.4000244140625,564.9474487304688,0.9972798824310303,509.97357177734375,590.0889282226562,0.9988620281219482,557.89794921875,566.6243896484375,0.04793545603752136,553.1196899414062,587.705078125,0.08133426308631897,610.110595703125,568.9334716796875,0.9997862577438354,609.99853515625,570.7476196289062,0.030363768339157104,551.6792602539062,558.5432739257812,0.009591430425643921,639.457763671875,548.3690795898438,0.8310920000076294,556.8641967773438,555.8673706054688,0.007512688636779785
1353,293.6239013671875,474.36492919921875,0.9999369382858276,1004.051513671875,52.16307067871094,0.09216928482055664,794.8880615234375,558.426025390625,0.9993817806243896,553.1677856445312,564.8204956054688,0.9970556497573853,510.9439392089844,585.4898071289062,0.9986218214035034,557.6892700195312,566.5844116210938,0.049336403608322144,553.2825927734375,587.6768798828125,0.0801958441734314,609.9580688476562,569.1159057617188,0.9997085928916931,609.7700805664062,570.6883544921875,0.03346875309944153,551.8425903320312,558.6211547851562,0.009656071662902832,639.43505859375,548.2120971679688,0.7850265502929688,556.9063720703125,555.9170532226562,0.007217854261398315
1354,293.6874084472656,474.4474182128906,0.9999436140060425,556.3056030273438,554.6451416015625,0.03462973237037659,795.2930908203125,558.7786254882812,0.9992580413818359,553.2265625,564.9899291992188,0.9972051382064819,511.4503479003906,585.6676635742188,0.9986894130706787,557.7244262695312,566.7474975585938,0.050529420375823975,553.1041870117188,587.5134887695312,0.08212149143218994,609.9536743164062,569.2215576171875,0.9996887445449829,609.8580322265625,570.744384765625,0.027631282806396484,552.01904296875,558.576904296875,0.009036362171173096,639.3403930664062,548.3988037109375,0.7746106386184692,556.8999633789062,555.8380126953125,0.00723692774772644
1355,293.6622619628906,474.5955505371094,0.9999509453773499,556.61669921875,554.654296875,0.03687724471092224,794.9269409179688,558.5310668945312,0.9993733167648315,552.2609252929688,565.1110229492188,0.9982126951217651,511.03955078125,585.3150024414062,0.9989030361175537,556.9110717773438,566.52197265625,0.050488829612731934,553.6729736328125,587.6140747070312,0.06522372364997864,609.8136596679688,568.7703247070312,0.9997676610946655,609.7687377929688,570.6761474609375,0.027217984199523926,552.3294677734375,558.5587768554688,0.010911613702774048,639.1314697265625,548.2136840820312,0.7699229121208191,556.624755859375,555.8438110351562,0.007838189601898193
1356,293.6971130371094,474.2873840332031,0.9999472498893738,1004.4857177734375,52.17256164550781,0.04261741042137146,794.6522216796875,557.7666015625,0.9993568658828735,552.50439453125,564.8211059570312,0.997169017791748,511.05517578125,585.4347534179688,0.9983582496643066,557.2587890625,566.3128051757812,0.05686190724372864,553.5286254882812,587.3428344726562,0.06721436977386475,609.8976440429688,568.9329223632812,0.9997531771659851,609.8713989257812,570.779541015625,0.027748286724090576,552.1139526367188,558.7032470703125,0.012230724096298218,639.361572265625,548.2086181640625,0.6947441101074219,556.5777587890625,555.7540893554688,0.008578747510910034
1357,293.9112854003906,474.330810546875,0.9999390840530396,1004.6677856445312,52.45537567138672,0.03561893105506897,795.1586303710938,557.7787475585938,0.9994086027145386,552.7547607421875,565.1499633789062,0.9973345994949341,512.1477661132812,587.8279418945312,0.998794674873352,557.4932861328125,566.4191284179688,0.04834362864494324,553.341552734375,587.3269653320312,0.07084193825721741,610.5631713867188,568.8613891601562,0.9997485876083374,610.4423217773438,570.4671020507812,0.03744208812713623,636.5322265625,547.0933227539062,0.011529982089996338,639.2734375,547.7437744140625,0.8328264355659485,556.7346801757812,555.8389282226562,0.00853729248046875
1358,294.04376220703125,474.8664245605469,0.9999465942382812,556.72607421875,554.7688598632812,0.03864964842796326,795.4817504882812,559.0410766601562,0.9994227886199951,552.6052856445312,565.2029418945312,0.9974948763847351,509.8265380859375,589.6461181640625,0.9988686442375183,557.1041259765625,566.6121826171875,0.05484461784362793,553.545654296875,587.7700805664062,0.07661783695220947,610.1475830078125,568.8854370117188,0.9996911883354187,610.13525390625,570.3493041992188,0.027903735637664795,552.2838745117188,558.5503540039062,0.010497748851776123,639.7943725585938,547.8097534179688,0.7314023375511169,556.6691284179688,555.875,0.007780194282531738
1359,294.1858825683594,474.938232421875,0.9999400973320007,1004.2155151367188,52.74269485473633,0.04660898447036743,795.0646362304688,558.623291015625,0.9994882345199585,552.2893676757812,565.042236328125,0.997498631477356,509.88018798828125,589.5421752929688,0.9990230202674866,556.901611328125,566.692138671875,0.06443780660629272,553.8197021484375,587.9547729492188,0.09792545437812805,610.5393676757812,568.6602783203125,0.9997282028198242,610.254638671875,570.4176635742188,0.03526827692985535,552.32177734375,558.5118408203125,0.012568771839141846,639.7006225585938,547.8575439453125,0.8570919036865234,556.6773071289062,555.88671875,0.008412212133407593
1360,294.16748046875,474.81597900390625,0.9999417066574097,556.6109619140625,554.9310913085938,0.038258373737335205,794.9662475585938,558.7245483398438,0.9993003606796265,552.57177734375,565.1965942382812,0.9976072311401367,510.1228332519531,589.858642578125,0.9990805387496948,556.8311767578125,566.7542724609375,0.056559234857559204,553.9666748046875,587.86572265625,0.08823439478874207,610.6187133789062,568.8232421875,0.9997854232788086,610.3941040039062,570.137939453125,0.029441624879837036,552.1162719726562,558.6771240234375,0.01204875111579895,639.6594848632812,547.8206787109375,0.7622264623641968,556.637451171875,555.8692626953125,0.008783996105194092
1361,294.33087158203125,474.8205871582031,0.9999439120292664,1003.9723510742188,52.46414566040039,0.04217967391014099,795.1157836914062,558.8382568359375,0.9994611740112305,552.1526489257812,565.2603759765625,0.998072624206543,509.8072509765625,589.860595703125,0.9990782737731934,556.857421875,566.6499633789062,0.052563488483428955,553.7884521484375,587.6290283203125,0.08207756280899048,610.4277954101562,568.8959350585938,0.9997722506523132,610.3392333984375,570.5004272460938,0.033023953437805176,552.6502685546875,558.357421875,0.012712717056274414,639.43603515625,547.9581298828125,0.7900032997131348,556.6437377929688,555.86669921875,0.008649587631225586
1362,294.71044921875,474.6025390625,0.99993896484375,556.02783203125,554.9773559570312,0.037963271141052246,795.4012451171875,558.637939453125,0.9994503259658813,553.3483276367188,564.8935546875,0.9971423149108887,511.4544677734375,585.4498901367188,0.999200165271759,558.070068359375,566.4644775390625,0.04198986291885376,553.6199340820312,587.5806274414062,0.06759101152420044,610.2984619140625,569.0068359375,0.9997498989105225,610.282470703125,570.6592407226562,0.03182429075241089,551.6665649414062,558.5431518554688,0.012882590293884277,639.3953247070312,547.83935546875,0.759046196937561,556.784423828125,555.8380737304688,0.009016185998916626
1363,295.07098388671875,474.60430908203125,0.9999363422393799,556.355224609375,554.961181640625,0.03654974699020386,795.2874755859375,558.5626831054688,0.9993657469749451,552.9260864257812,565.2801513671875,0.997448205947876,510.20849609375,589.6900024414062,0.9989628791809082,557.7031860351562,566.6400146484375,0.04903101921081543,553.7943115234375,587.4268798828125,0.06555724143981934,610.0050048828125,568.7794799804688,0.9997624754905701,610.0873413085938,570.6757202148438,0.03236296772956848,551.9695434570312,558.635986328125,0.012941747903823853,638.9595947265625,547.7022705078125,0.7861378192901611,556.7269897460938,555.9439697265625,0.009072065353393555
1364,294.8663635253906,474.76092529296875,0.9999244213104248,1004.0056762695312,52.13632583618164,0.050633907318115234,795.4891357421875,558.086669921875,0.9995447993278503,552.3485107421875,565.36328125,0.9973528385162354,510.1427307128906,589.4652099609375,0.998944878578186,557.360595703125,566.7984008789062,0.05044370889663696,553.3136596679688,587.4639892578125,0.08121740818023682,609.673828125,569.0193481445312,0.9997204542160034,609.921142578125,570.7176513671875,0.02986729145050049,552.408935546875,558.664794921875,0.014432579278945923,639.72119140625,547.4237670898438,0.7794686555862427,556.8090209960938,555.9700317382812,0.009996980428695679
1365,294.6302185058594,474.9820861816406,0.9999389052391052,1003.5374145507812,52.37140655517578,0.07176288962364197,795.1950073242188,558.9024047851562,0.999454140663147,552.4208984375,565.4077758789062,0.9978258609771729,511.04156494140625,585.3287963867188,0.9986386299133301,557.243896484375,566.882568359375,0.06067997217178345,553.3486938476562,587.6727294921875,0.09121242165565491,609.591796875,569.131103515625,0.99968421459198,609.680908203125,570.6104736328125,0.035195767879486084,552.6394653320312,558.573486328125,0.013460695743560791,638.8140258789062,548.084716796875,0.8158149719238281,556.67578125,555.8848876953125,0.008802980184555054
1366,294.7796325683594,475.15948486328125,0.9999380111694336,1003.9388427734375,51.35782241821289,0.06186231970787048,795.6817016601562,557.8196411132812,0.999443769454956,552.7234497070312,565.3225708007812,0.9973279237747192,510.33203125,590.0650024414062,0.9990735054016113,557.7151489257812,566.7583618164062,0.05963781476020813,553.7337646484375,587.779541015625,0.09697717428207397,609.8700561523438,569.1360473632812,0.9996803998947144,609.832763671875,570.9508056640625,0.030710071325302124,552.1778564453125,558.5875854492188,0.012699991464614868,638.6473999023438,548.4370727539062,0.7234805226325989,556.8070678710938,555.9701538085938,0.008667826652526855
1367,294.6420593261719,475.4563903808594,0.9999285936355591,556.6812744140625,555.01904296875,0.04049983620643616,795.62158203125,557.692626953125,0.9994057416915894,552.3912353515625,565.3303833007812,0.9974117279052734,509.9754333496094,589.4445190429688,0.9988471865653992,557.60107421875,566.7002563476562,0.05195072293281555,553.2438354492188,587.5379638671875,0.08468273282051086,609.8408813476562,569.2435302734375,0.9996502995491028,609.8109741210938,570.8626098632812,0.02951955795288086,636.4327392578125,547.3327026367188,0.014678120613098145,639.3961791992188,547.7272338867188,0.8205430507659912,556.6932983398438,555.9551391601562,0.008881151676177979
1368,295.0047302246094,475.23193359375,0.9999284744262695,1003.83203125,52.05765151977539,0.07566091418266296,276.98748779296875,575.2409057617188,0.9992867708206177,553.1439208984375,565.3206176757812,0.9970624446868896,511.52252197265625,585.3648071289062,0.9990813732147217,557.6466064453125,566.9609375,0.047344207763671875,553.4417724609375,587.76611328125,0.06356722116470337,609.27734375,569.2763061523438,0.9996979236602783,609.6840209960938,570.885498046875,0.030215144157409668,636.0966186523438,547.583984375,0.013539820909500122,639.0386352539062,547.6815795898438,0.835078239440918,556.736083984375,555.988037109375,0.00935518741607666
1369,294.9975891113281,475.2117004394531,0.9999157190322876,556.3578491210938,554.854248046875,0.039322882890701294,795.089111328125,558.6990356445312,0.9992796182632446,553.0798950195312,565.218017578125,0.9972776174545288,512.0499267578125,587.723876953125,0.9986169338226318,557.9356689453125,566.7578125,0.054374366998672485,553.31005859375,587.4939575195312,0.07650929689407349,609.8873291015625,568.8596801757812,0.9997588992118835,609.8136596679688,570.5911254882812,0.032622069120407104,551.8995971679688,558.65771484375,0.012281715869903564,639.1102905273438,548.015625,0.8295166492462158,556.7302856445312,555.994140625,0.009220689535140991
1370,295.2650146484375,475.2528991699219,0.9999033212661743,556.3984985351562,555.1568603515625,0.042678266763687134,795.385009765625,558.5479736328125,0.9993728399276733,552.8068237304688,565.3972778320312,0.9970886707305908,512.0938720703125,587.609130859375,0.9988895654678345,557.6321411132812,566.9122314453125,0.04893389344215393,553.2488403320312,587.5614624023438,0.08036458492279053,609.4544067382812,569.0094604492188,0.9996122121810913,609.80029296875,570.6183471679688,0.0362815260887146,636.0498657226562,547.658447265625,0.01591894030570984,639.1331176757812,547.4207763671875,0.832966148853302,556.737060546875,555.8814697265625,0.009336233139038086
1371,295.4202880859375,475.5290832519531,0.9999117255210876,1004.1229248046875,51.995460510253906,0.04988366365432739,795.17529296875,558.603759765625,0.9993433356285095,552.2125854492188,565.1748657226562,0.997389554977417,509.8775939941406,589.6266479492188,0.9990065097808838,557.1481323242188,566.9620361328125,0.05211862921714783,553.4490966796875,587.7111206054688,0.07767197489738464,609.6334838867188,569.2233276367188,0.9995886087417603,609.6577758789062,570.6648559570312,0.03229677677154541,635.8037719726562,547.271240234375,0.015161633491516113,638.7367553710938,547.6314086914062,0.8158485889434814,556.7543334960938,555.9061279296875,0.007598400115966797
1372,295.7633056640625,475.2783203125,0.9998951554298401,556.7813720703125,554.9814453125,0.03748452663421631,277.70635986328125,575.3131713867188,0.9993683099746704,552.2332153320312,565.075927734375,0.996687650680542,510.26580810546875,589.5264282226562,0.9986469149589539,557.1019287109375,566.7929077148438,0.067583829164505,553.38427734375,587.6316528320312,0.11462432146072388,609.59619140625,569.313232421875,0.9996131658554077,609.7521362304688,570.6565551757812,0.03252682089805603,636.831787109375,546.9143676757812,0.014361709356307983,639.8983764648438,547.341796875,0.8257622122764587,556.7783813476562,555.89306640625,0.008151262998580933
1373,295.6390380859375,475.425537109375,0.9998983144760132,556.9814453125,555.0820922851562,0.0389019250869751,278.2958984375,575.86474609375,0.9993487000465393,551.5250854492188,565.4603271484375,0.9971755743026733,509.6816711425781,589.5614013671875,0.9988617897033691,556.421630859375,567.0169067382812,0.06690603494644165,553.6353759765625,587.9420776367188,0.10046818852424622,609.9263305664062,569.1133422851562,0.9996734857559204,609.9556884765625,570.368896484375,0.034544795751571655,552.9801025390625,558.6519165039062,0.012753576040267944,639.006103515625,547.79541015625,0.7920502424240112,556.7047729492188,555.9568481445312,0.008345961570739746
1374,295.9350891113281,475.54541015625,0.9999011158943176,556.2513427734375,555.1548461914062,0.03812813758850098,277.7755432128906,575.7149658203125,0.9994893074035645,552.8873291015625,565.2948608398438,0.9971083402633667,509.7572326660156,589.4819946289062,0.9987861514091492,558.0626831054688,566.8340454101562,0.04651385545730591,552.7998046875,587.0272216796875,0.06544524431228638,609.5211791992188,569.4254760742188,0.9995430707931519,609.6192016601562,570.8738403320312,0.03180691599845886,636.67138671875,546.8410034179688,0.013844937086105347,639.2708740234375,547.405517578125,0.8192121982574463,556.7921752929688,555.8922119140625,0.008913427591323853
1375,295.66796875,475.7368469238281,0.9999003410339355,1004.1763305664062,52.28998947143555,0.04702579975128174,795.2678833007812,557.8890991210938,0.9993983507156372,552.7025756835938,565.4046630859375,0.9972964525222778,512.1810302734375,587.4364013671875,0.9987573027610779,558.1412963867188,566.6259155273438,0.041741758584976196,552.9165649414062,587.2059326171875,0.07408168911933899,609.6456909179688,569.4024047851562,0.9995753169059753,609.7459106445312,570.7156982421875,0.0300692617893219,552.1450805664062,558.6046142578125,0.012804269790649414,639.5255737304688,547.7819213867188,0.7789082527160645,556.8014526367188,555.8860473632812,0.008847206830978394
1376,295.92315673828125,475.6444396972656,0.9998911619186401,556.2046508789062,555.0960693359375,0.03536194562911987,795.3322143554688,558.80419921875,0.9993246793746948,553.61279296875,565.10205078125,0.9976156949996948,511.15936279296875,585.1433715820312,0.9987793564796448,558.1121215820312,566.8348388671875,0.04188203811645508,553.4296875,587.521484375,0.07159003615379333,609.6035766601562,569.111328125,0.9996642470359802,609.9461059570312,570.5549926757812,0.027524560689926147,636.7032470703125,546.8282470703125,0.015325099229812622,639.7119750976562,547.1832275390625,0.7893866300582886,556.8032836914062,555.9688720703125,0.008393049240112305
1377,296.0757141113281,475.6502685546875,0.9999088048934937,556.6241455078125,555.057861328125,0.03272232413291931,277.7074890136719,575.2592163085938,0.9992862939834595,552.52490234375,565.3016967773438,0.9975835680961609,512.099609375,587.4661865234375,0.9986568689346313,557.4024047851562,566.9262084960938,0.049075931310653687,553.7109985351562,587.5933227539062,0.08016011118888855,609.752685546875,569.1481323242188,0.9995917081832886,609.7872314453125,570.5547485351562,0.03495723009109497,636.0953979492188,547.6941528320312,0.012141644954681396,638.9672241210938,547.99169921875,0.7578372359275818,556.7315063476562,555.8643798828125,0.0074242353439331055
1378,296.0125427246094,475.8573303222656,0.99989914894104,1004.03173828125,51.744720458984375,0.05548316240310669,278.16766357421875,575.8580322265625,0.9994431734085083,553.0007934570312,565.087890625,0.9975461363792419,511.2948913574219,585.1978759765625,0.9987539052963257,557.8474731445312,566.8872680664062,0.0494975745677948,553.2196044921875,587.1625366210938,0.08113572001457214,609.0086059570312,569.3309326171875,0.9994834661483765,609.6127319335938,570.6241455078125,0.036159396171569824,551.9319458007812,558.7549438476562,0.01122194528579712,638.8828735351562,548.1455078125,0.6750513315200806,556.8280029296875,555.8396606445312,0.007753968238830566
1379,296.139404296875,475.6166687011719,0.9999089241027832,556.3102416992188,555.3352661132812,0.035561710596084595,795.4556274414062,557.6571044921875,0.9992527961730957,552.4957885742188,565.5202026367188,0.9971696138381958,511.51470947265625,585.4050903320312,0.9989843368530273,557.447509765625,567.042724609375,0.052937716245651245,553.2549438476562,587.5894775390625,0.0698043704032898,609.2982788085938,569.5510864257812,0.9994831085205078,609.6248779296875,570.956787109375,0.03282484412193298,635.7692260742188,547.6500244140625,0.016959309577941895,638.4639892578125,547.8414306640625,0.811792254447937,556.574462890625,555.8822631835938,0.008481025695800781
1380,296.0580139160156,475.8795471191406,0.9999014139175415,557.1646728515625,555.0382690429688,0.03351795673370361,795.8261108398438,557.7373046875,0.9993112087249756,551.3424072265625,565.5120849609375,0.997555673122406,510.0102844238281,589.50341796875,0.999005138874054,556.3507690429688,567.3145751953125,0.05548524856567383,553.2467041015625,587.80810546875,0.1013699471950531,608.988037109375,569.1564331054688,0.9994841814041138,609.5265502929688,570.833984375,0.03534802794456482,552.690673828125,558.8895874023438,0.010575264692306519,638.5490112304688,548.0845336914062,0.7221449017524719,556.61865234375,555.85595703125,0.006967365741729736
1381,296.0517578125,475.92169189453125,0.9999052882194519,556.9197387695312,554.9863891601562,0.03180426359176636,795.9240112304688,558.0035400390625,0.9993847608566284,552.264892578125,565.2356567382812,0.9976918697357178,511.10601806640625,585.640380859375,0.9988638162612915,556.8782958984375,566.9845581054688,0.05637627840042114,553.7088012695312,587.8201904296875,0.08361411094665527,609.6798095703125,569.1943359375,0.9996410012245178,609.686279296875,570.5735473632812,0.0319133996963501,636.4337768554688,547.4741821289062,0.014048665761947632,639.4087524414062,547.6851196289062,0.7595750093460083,556.7261962890625,555.89404296875,0.0076246559619903564
1382,296.34930419921875,475.68426513671875,0.9998998641967773,556.5650024414062,555.2486572265625,0.03385809063911438,278.0091857910156,575.9329223632812,0.9993740320205688,552.066162109375,565.4563598632812,0.9971106052398682,511.9605712890625,587.7948608398438,0.9989907741546631,557.0546264648438,567.0450439453125,0.04832756519317627,553.44873046875,587.5004272460938,0.07269713282585144,609.6924438476562,569.023681640625,0.9996152520179749,609.7257080078125,570.6006469726562,0.03369396924972534,636.514404296875,547.02880859375,0.020324885845184326,639.1494140625,547.6022338867188,0.8706993460655212,556.65771484375,555.8507690429688,0.0074090659618377686
1383,296.53582763671875,475.7575378417969,0.9999000430107117,557.0750122070312,555.015869140625,0.03690916299819946,279.03814697265625,575.8641967773438,0.9994194507598877,552.6033935546875,565.4121704101562,0.9970648884773254,511.3356628417969,585.3729248046875,0.9988996982574463,557.8688354492188,567.111328125,0.050484031438827515,552.9981689453125,587.5570678710938,0.08057570457458496,609.3970336914062,569.1370849609375,0.9996676445007324,609.540283203125,570.5529174804688,0.035869061946868896,636.5878295898438,547.006103515625,0.02220284938812256,639.3561401367188,547.468994140625,0.8485665321350098,557.0128173828125,556.0460815429688,0.007987499237060547
1384,296.5513610839844,476.0717468261719,0.9998973608016968,556.6012573242188,555.2530517578125,0.035746872425079346,278.8351135253906,575.9048461914062,0.9993029236793518,552.701416015625,565.5682373046875,0.997904896736145,511.0417175292969,585.5510864257812,0.9988833665847778,557.400390625,567.01708984375,0.03869965672492981,553.3536987304688,587.4264526367188,0.056588560342788696,609.0503540039062,569.4540405273438,0.9995731115341187,609.3035278320312,570.9987182617188,0.02837139368057251,636.8864135742188,547.099609375,0.020290851593017578,639.449951171875,547.5873413085938,0.8097437024116516,556.6708984375,555.9124145507812,0.007531851530075073
1385,296.33673095703125,476.2363586425781,0.9999016523361206,556.9550170898438,555.0219116210938,0.03364881873130798,795.9849243164062,557.968017578125,0.9994713068008423,551.6207885742188,565.2817993164062,0.9980839490890503,512.0660400390625,586.9027709960938,0.9987725019454956,556.57568359375,567.0900268554688,0.04722914099693298,553.6367797851562,587.666259765625,0.05251738429069519,609.34326171875,569.2479858398438,0.9996095299720764,609.4603881835938,570.76904296875,0.031492918729782104,636.5234985351562,546.964111328125,0.015778720378875732,639.6635131835938,547.5062255859375,0.8161979913711548,556.6451416015625,555.836669921875,0.006856322288513184
1386,296.6466369628906,475.8329772949219,0.9999058246612549,556.5471801757812,555.2327270507812,0.03064379096031189,795.741455078125,557.9760131835938,0.999435544013977,552.0327758789062,565.3190307617188,0.9978041648864746,512.1930541992188,587.5192260742188,0.9985743761062622,557.0911865234375,566.88134765625,0.0425550639629364,553.5262451171875,587.6802368164062,0.05759614706039429,608.9471435546875,569.4432983398438,0.9995068311691284,609.301025390625,570.7821655273438,0.027321040630340576,552.308349609375,558.9967041015625,0.011621475219726562,639.6484375,547.838623046875,0.7431962490081787,556.750244140625,556.086669921875,0.008051365613937378
1387,296.557373046875,476.1504211425781,0.9999046325683594,556.6424560546875,555.1701049804688,0.03388714790344238,795.7977294921875,557.8292236328125,0.9992657899856567,552.403564453125,565.035888671875,0.9970636367797852,512.2368774414062,587.3616333007812,0.9989287853240967,557.171142578125,566.9835815429688,0.055764079093933105,553.5377197265625,587.752685546875,0.08616700768470764,609.5387573242188,569.2998657226562,0.9995439052581787,609.6158447265625,570.5643310546875,0.03680992126464844,636.0527954101562,547.385009765625,0.01500624418258667,639.3167114257812,547.5679931640625,0.7728942632675171,556.7547607421875,555.9413452148438,0.007875680923461914
1388,296.6347351074219,475.9127502441406,0.9999123811721802,557.1781005859375,555.2102661132812,0.036300987005233765,795.4500122070312,558.76025390625,0.9992613792419434,551.5443725585938,565.6077880859375,0.9974889755249023,510.9667053222656,585.0337524414062,0.9988739490509033,556.7612915039062,567.322265625,0.053602010011672974,553.3321533203125,587.523193359375,0.08138599991798401,609.0139770507812,569.2384643554688,0.9995712041854858,609.47802734375,570.7915649414062,0.03529199957847595,552.9640502929688,559.1566772460938,0.011615514755249023,638.7975463867188,548.06591796875,0.7716032266616821,556.6519165039062,556.032958984375,0.007478266954421997
1389,296.6344909667969,475.8073425292969,0.9999110698699951,556.8286743164062,555.0817260742188,0.03394487500190735,796.0559692382812,557.717529296875,0.9991734027862549,552.5643310546875,565.3986206054688,0.9978036880493164,511.2520751953125,585.4381713867188,0.9989860653877258,557.42041015625,567.0059814453125,0.0529952347278595,553.2728881835938,587.5692749023438,0.07842764258384705,608.7463989257812,569.3162231445312,0.9995827078819275,609.3640747070312,570.8360595703125,0.030483126640319824,552.3741455078125,558.9022827148438,0.011218458414077759,638.9654541015625,547.9068603515625,0.6773291230201721,556.7192993164062,555.932373046875,0.007618844509124756
1390,296.67535400390625,475.7632751464844,0.9999048113822937,556.8577270507812,555.1023559570312,0.037136733531951904,795.6848754882812,558.815185546875,0.9992642998695374,552.323974609375,565.3714599609375,0.9974298477172852,511.90850830078125,587.6881103515625,0.9989014267921448,556.9950561523438,567.035888671875,0.05275633931159973,553.4920043945312,587.6561889648438,0.0843144953250885,609.533447265625,569.0730590820312,0.9996347427368164,609.4465942382812,570.4617919921875,0.033252447843551636,635.9608154296875,547.2036743164062,0.012299835681915283,639.3802490234375,547.8051147460938,0.7445064187049866,556.6094360351562,555.9613037109375,0.006780654191970825
1391,296.7935791015625,476.05462646484375,0.999901294708252,556.5657958984375,555.2415161132812,0.02972954511642456,796.0089111328125,557.9249267578125,0.9992345571517944,552.7444458007812,565.3278198242188,0.9973177909851074,511.1047668457031,585.2828369140625,0.9991740584373474,557.5594482421875,567.0364379882812,0.04576444625854492,552.9226684570312,587.4967041015625,0.07620641589164734,608.5606689453125,569.5154418945312,0.9994431734085083,609.2076416015625,570.9317626953125,0.028999358415603638,636.1863403320312,546.6851196289062,0.02896556258201599,638.8381958007812,547.2416381835938,0.8636749982833862,556.718505859375,556.0218505859375,0.007653266191482544
1392,296.93145751953125,476.0542907714844,0.9998937845230103,556.4674072265625,555.2238159179688,0.03305917978286743,795.932861328125,557.8377075195312,0.9993584156036377,552.7789306640625,565.3159790039062,0.9966485500335693,511.9260559082031,587.5554809570312,0.9989653825759888,557.5340576171875,567.0261840820312,0.0470314621925354,553.4659423828125,587.4716186523438,0.08151328563690186,608.9307861328125,569.0728759765625,0.9996165037155151,609.4156494140625,570.7281494140625,0.02673882246017456,636.1162719726562,547.0247192382812,0.0186348557472229,639.01171875,547.6346435546875,0.8172575235366821,556.8338012695312,555.956787109375,0.007620424032211304
1393,296.68341064453125,476.2691345214844,0.9998754262924194,556.7743530273438,555.1553955078125,0.033772796392440796,795.4763793945312,557.948486328125,0.9993938207626343,553.1249389648438,565.2872924804688,0.997313916683197,511.9541015625,587.0716552734375,0.9989314079284668,557.5264282226562,567.1751098632812,0.0513053834438324,553.687744140625,587.6356201171875,0.054286450147628784,608.2398681640625,569.25341796875,0.9995694160461426,608.9320678710938,570.8912963867188,0.028635025024414062,634.9647827148438,547.458251953125,0.010574936866760254,638.2251586914062,547.9302368164062,0.7395703792572021,556.9008178710938,556.0318603515625,0.007229983806610107
1394,296.95697021484375,476.21954345703125,0.9998894333839417,556.461669921875,555.4456176757812,0.03347530961036682,795.3497314453125,557.9872436523438,0.9994568824768066,552.7388305664062,565.2572021484375,0.9967333078384399,511.7216796875,587.266357421875,0.9989892244338989,557.7454223632812,566.9951171875,0.046098798513412476,553.1245727539062,587.5496215820312,0.09020933508872986,609.444091796875,568.8595581054688,0.9996088743209839,609.6547241210938,570.6928100585938,0.03184977173805237,552.0247802734375,559.1923217773438,0.011595755815505981,639.5602416992188,547.5963134765625,0.7091395258903503,556.8011474609375,555.9771118164062,0.007967859506607056
1395,297.17987060546875,476.1381530761719,0.9998844861984253,556.7305908203125,555.2259521484375,0.030635029077529907,795.5120849609375,557.7308959960938,0.9993299245834351,552.4671020507812,565.3128662109375,0.9966145753860474,511.5792541503906,587.201904296875,0.9989022612571716,557.1799926757812,567.1522827148438,0.04438072443008423,553.4440307617188,587.6149291992188,0.0742633044719696,609.3037109375,568.594970703125,0.9996930360794067,609.5702514648438,570.7137451171875,0.032703936100006104,636.105712890625,547.3397827148438,0.011427611112594604,639.1093139648438,547.6664428710938,0.7247368097305298,556.8226318359375,556.0236206054688,0.006751954555511475
1396,297.43609619140625,476.06878662109375,0.9998877048492432,556.3831787109375,555.1824951171875,0.032940030097961426,795.63232421875,557.66845703125,0.9993114471435547,552.5547485351562,565.4190063476562,0.9974044561386108,511.9364013671875,587.2213134765625,0.9991008043289185,557.6241455078125,566.9654541015625,0.04236254096031189,553.2855224609375,587.3563842773438,0.07964217662811279,609.0681762695312,568.998046875,0.9996386766433716,609.4098510742188,570.655517578125,0.027438491582870483,552.0460205078125,558.95263671875,0.01051226258277893,638.6160888671875,547.7421875,0.7664365768432617,556.706787109375,555.8810424804688,0.007339358329772949
1397,297.4170837402344,475.8521423339844,0.9998668432235718,556.7786865234375,555.3767700195312,0.033492207527160645,795.9736328125,557.9261474609375,0.9993244409561157,552.8379516601562,565.1548461914062,0.9972189664840698,512.294921875,587.1527099609375,0.999006986618042,557.2940063476562,567.0938110351562,0.05095699429512024,553.316650390625,587.41845703125,0.06826591491699219,608.6754150390625,569.43798828125,0.9994696378707886,608.9735717773438,571.246826171875,0.02437606453895569,636.8302001953125,546.9961547851562,0.021356552839279175,639.4513549804688,547.469970703125,0.807286262512207,556.808349609375,556.0423583984375,0.007742136716842651
1398,297.5089416503906,475.95037841796875,0.9998807311058044,556.3240966796875,555.33740234375,0.03231114149093628,795.404296875,558.09765625,0.9993846416473389,553.2777099609375,565.2118530273438,0.9967648983001709,511.93878173828125,587.103515625,0.9990514516830444,558.1806640625,566.967041015625,0.0437072217464447,553.2037963867188,587.4599609375,0.06292131543159485,608.7514038085938,568.9744262695312,0.9996299743652344,609.1766967773438,570.9822387695312,0.024809688329696655,551.8126220703125,559.3333740234375,0.010095655918121338,638.7501831054688,547.7753295898438,0.754601001739502,557.0308837890625,556.0696411132812,0.007360219955444336
1399,297.4397888183594,475.8226318359375,0.999900221824646,556.8433227539062,555.317626953125,0.037626951932907104,796.0311279296875,557.6766967773438,0.9992193579673767,552.4242553710938,565.4904174804688,0.9973490238189697,511.7814025878906,587.1764526367188,0.9991189241409302,557.38330078125,567.1451416015625,0.040044158697128296,553.07958984375,587.693603515625,0.066486656665802,608.6614379882812,569.1546630859375,0.9995708465576172,609.4155883789062,570.9197998046875,0.029521286487579346,635.1578369140625,547.640380859375,0.01385834813117981,638.2752075195312,547.7926635742188,0.728455662727356,556.935791015625,555.9685668945312,0.007805615663528442
1400,297.5804748535156,475.9526062011719,0.9998925924301147,556.705078125,555.1874389648438,0.03416827321052551,795.578857421875,557.9678955078125,0.9993086457252502,552.7265625,565.3140258789062,0.9968189001083374,511.9651794433594,587.0393676757812,0.9990137219429016,557.3905639648438,567.255615234375,0.057041049003601074,553.4617919921875,587.5571899414062,0.07107576727867126,609.1240234375,569.496826171875,0.9994935393333435,609.418701171875,570.9081420898438,0.03154325485229492,552.1427612304688,559.0925903320312,0.010346800088882446,639.6487426757812,547.4762573242188,0.7281378507614136,557.0328369140625,556.0447387695312,0.007642298936843872
1401,297.6295471191406,475.8952331542969,0.9998925924301147,556.5488891601562,555.4968872070312,0.034841328859329224,795.1546020507812,557.8507080078125,0.9992368221282959,552.4547729492188,565.3497924804688,0.9968370199203491,511.81982421875,586.7907104492188,0.9990595579147339,557.6688842773438,567.1397094726562,0.04503506422042847,553.15625,587.455322265625,0.08318626880645752,609.6817016601562,569.0122680664062,0.9996320009231567,609.9024658203125,570.6583251953125,0.030844688415527344,552.1251831054688,559.3489990234375,0.01270371675491333,639.4951782226562,547.5139770507812,0.7662235498428345,556.95556640625,556.0543212890625,0.008439242839813232
1402,297.59515380859375,475.94378662109375,0.9998781085014343,556.3930053710938,555.22021484375,0.03237619996070862,795.647705078125,558.0274047851562,0.9993903636932373,553.0348510742188,565.062255859375,0.9966661334037781,512.0402221679688,586.8523559570312,0.998927116394043,557.724853515625,566.9176025390625,0.04714307188987732,553.31689453125,587.4541015625,0.05554598569869995,609.0272216796875,569.0772094726562,0.9995834827423096,609.3642578125,570.7295532226562,0.03222912549972534,636.1043090820312,547.1045532226562,0.013514906167984009,638.869384765625,547.4450073242188,0.7658858299255371,557.0472412109375,556.0618286132812,0.007909029722213745
1403,297.5833435058594,475.74591064453125,0.9998964071273804,556.9417114257812,555.0603637695312,0.035005778074264526,795.294677734375,557.5525512695312,0.999208390712738,552.6084594726562,565.3189086914062,0.9970954656600952,511.7685241699219,586.9647216796875,0.9991501569747925,557.4656372070312,567.2377319335938,0.05159720778465271,553.1429443359375,587.7940063476562,0.07496827840805054,608.6722412109375,569.6370849609375,0.9993250370025635,609.0310668945312,571.0307006835938,0.026399940252304077,635.968017578125,547.090087890625,0.012192696332931519,638.9556884765625,547.659912109375,0.7614233493804932,556.8746337890625,556.01806640625,0.007472991943359375
1404,297.4662170410156,475.8626403808594,0.9998853206634521,1003.6820068359375,52.022666931152344,0.04511988162994385,795.7481689453125,557.6427001953125,0.9990390539169312,552.644775390625,565.5899047851562,0.9970493316650391,511.8653259277344,587.036865234375,0.9991189241409302,557.869140625,567.127685546875,0.04206457734107971,552.7447509765625,587.2537231445312,0.0785551369190216,608.5418701171875,569.3321533203125,0.9995414018630981,609.1538696289062,571.0078735351562,0.029047608375549316,636.0891723632812,547.1765747070312,0.01276138424873352,638.8114624023438,547.5870971679688,0.7922016382217407,556.9098510742188,556.10888671875,0.008035033941268921
1405,297.56488037109375,475.9515075683594,0.9998698830604553,556.7160034179688,555.3023071289062,0.03381967544555664,795.3466796875,557.7084350585938,0.999160885810852,552.5802001953125,565.6234741210938,0.9966847896575928,512.0167846679688,587.2293701171875,0.9989304542541504,557.7130737304688,567.0850830078125,0.046074867248535156,552.9550170898438,587.4102172851562,0.055249691009521484,608.7383422851562,569.5418090820312,0.9994149208068848,609.0851440429688,571.0232543945312,0.02760547399520874,636.8303833007812,547.278564453125,0.014143764972686768,639.2799072265625,547.7576293945312,0.7898056507110596,556.8489379882812,556.03369140625,0.007629662752151489
1406,297.51092529296875,476.05975341796875,0.9998757243156433,556.9757080078125,555.1521606445312,0.03352797031402588,795.3770751953125,557.6824340820312,0.9991507530212402,552.5271606445312,565.4896240234375,0.9972686767578125,512.0804443359375,587.4773559570312,0.9991381168365479,558.2794189453125,566.8943481445312,0.04191744327545166,552.6403198242188,587.2100219726562,0.09152984619140625,608.9395751953125,569.5072631835938,0.9995562434196472,609.178466796875,570.8887329101562,0.028423577547073364,636.9481811523438,547.1849365234375,0.012353628873825073,639.55517578125,547.633544921875,0.8020557761192322,556.9512329101562,556.1079711914062,0.0074043869972229
1407,297.455078125,476.2950744628906,0.9998538494110107,556.2482299804688,555.3175048828125,0.03279551863670349,795.6961059570312,557.7716674804688,0.9992766380310059,553.465087890625,565.2107543945312,0.9969269037246704,512.1075439453125,586.7783203125,0.9988847970962524,558.1766357421875,566.9381713867188,0.03806540369987488,552.9954223632812,587.3488159179688,0.0554690957069397,608.391357421875,569.7960205078125,0.9993299245834351,608.9534301757812,571.068115234375,0.02604767680168152,636.4835815429688,547.2150268554688,0.01629430055618286,638.8700561523438,547.5855712890625,0.8055229187011719,557.0089111328125,555.9962768554688,0.007798880338668823
1408,297.6041259765625,476.237548828125,0.9998639822006226,556.3499755859375,555.3292846679688,0.03582844138145447,795.7415161132812,557.6958618164062,0.9991623163223267,553.3612060546875,565.2706298828125,0.9964991807937622,512.0040283203125,586.6920776367188,0.9991024732589722,557.9849853515625,567.10107421875,0.04473555088043213,552.87255859375,587.2427368164062,0.0610179603099823,608.8977661132812,569.5303955078125,0.9994211792945862,609.2548217773438,570.8924560546875,0.028041601181030273,637.2278442382812,546.6235961914062,0.018185168504714966,639.600830078125,547.2156372070312,0.8198795318603516,556.7896118164062,556.0048828125,0.00691455602645874
1409,297.6663818359375,476.1768493652344,0.9998432397842407,556.5931396484375,555.3797607421875,0.03731068968772888,795.27685546875,558.7310180664062,0.9991941452026367,553.341064453125,565.4393310546875,0.9966948628425598,512.132080078125,586.708740234375,0.9990073442459106,558.5250244140625,566.9717407226562,0.04012581706047058,553.0439453125,587.2118530273438,0.05419832468032837,608.9490356445312,569.6626586914062,0.9994586706161499,609.3357543945312,570.9756469726562,0.02578786015510559,637.417724609375,546.4157104492188,0.024565905332565308,639.4620971679688,547.2251586914062,0.8705205917358398,556.9990844726562,555.9793090820312,0.007574617862701416
1410,297.62994384765625,476.1576232910156,0.9998315572738647,556.6710815429688,555.298583984375,0.032354116439819336,795.5339965820312,557.745849609375,0.9991773366928101,555.3400268554688,565.5584106445312,0.9965440630912781,511.6126403808594,587.5685424804688,0.9990770816802979,558.2811279296875,567.0389404296875,0.04752662777900696,552.9540405273438,587.3763427734375,0.06233057379722595,609.0673828125,569.6182250976562,0.9994937777519226,609.3609619140625,570.8819580078125,0.028897374868392944,637.0761108398438,546.5230712890625,0.018102049827575684,639.6543579101562,547.3655395507812,0.8144135475158691,557.1415405273438,556.1602172851562,0.007583558559417725
1411,297.65960693359375,476.2256774902344,0.9998874664306641,556.5746459960938,555.4710083007812,0.0353732705116272,795.7075805664062,558.0971069335938,0.9993334412574768,552.516845703125,565.4596557617188,0.9962220191955566,511.9724426269531,586.8472900390625,0.9990981817245483,557.775146484375,566.9772338867188,0.05222323536872864,553.224853515625,587.3626098632812,0.09581863880157471,608.7940673828125,569.6831665039062,0.9993277788162231,609.2337646484375,571.0191650390625,0.030652791261672974,636.796875,546.6757202148438,0.023873746395111084,639.3245849609375,547.402099609375,0.7841267585754395,556.8772583007812,556.0050659179688,0.00801771879196167
1412,297.5645751953125,476.4508972167969,0.9998671412467957,556.1467895507812,555.5516967773438,0.03308609127998352,795.434814453125,558.1599731445312,0.999367356300354,553.1021728515625,565.3167724609375,0.9956463575363159,511.7802429199219,586.9151611328125,0.9990310072898865,558.4810791015625,567.047119140625,0.037801653146743774,552.8355102539062,587.1884765625,0.0683465301990509,609.6074829101562,569.8138427734375,0.9994273781776428,609.5294799804688,570.9730224609375,0.03138747811317444,636.9833374023438,546.80712890625,0.013367950916290283,639.6187133789062,547.4994506835938,0.8174865245819092,556.856201171875,555.9891967773438,0.00793367624282837
1413,297.8519592285156,476.58062744140625,0.9998385906219482,557.1200561523438,555.587158203125,0.03501081466674805,795.3114624023438,557.5859375,0.9991246461868286,551.8187866210938,565.6448364257812,0.9966186285018921,511.7020568847656,586.9017333984375,0.9990170001983643,557.1414184570312,567.1907958984375,0.045755743980407715,553.6233520507812,587.3587646484375,0.06307989358901978,608.4395141601562,569.8308715820312,0.9994447231292725,609.012939453125,571.2000122070312,0.02124980092048645,637.0907592773438,546.7120971679688,0.022687464952468872,639.19091796875,547.4853515625,0.8626700639724731,557.0064697265625,556.2241821289062,0.007487297058105469
1414,297.98797607421875,476.64215087890625,0.9998120069503784,556.8582153320312,555.2496337890625,0.03125941753387451,795.1517333984375,557.5982666015625,0.999148428440094,552.1353759765625,565.4295043945312,0.9971495866775513,511.68060302734375,587.0252075195312,0.9987573623657227,557.3407592773438,567.1376953125,0.04985159635543823,553.5787963867188,587.4176025390625,0.043744415044784546,609.7073974609375,569.5316772460938,0.999594509601593,609.7215576171875,570.8146362304688,0.028726696968078613,636.9270629882812,546.8743286132812,0.01643615961074829,639.366943359375,547.58740234375,0.7879241108894348,556.7294921875,556.0873413085938,0.007392376661300659
1415,297.9899597167969,476.596435546875,0.9998393654823303,556.769287109375,555.4415893554688,0.03332063555717468,795.1417236328125,558.292236328125,0.9992902874946594,552.366943359375,565.7254028320312,0.9961052536964417,511.28631591796875,585.4411010742188,0.9989174604415894,557.9846801757812,567.306640625,0.04881393909454346,553.1776123046875,587.4803466796875,0.06943628191947937,609.6435546875,569.4816284179688,0.9995337724685669,609.4628295898438,570.9126586914062,0.02914944291114807,635.9329223632812,546.7871704101562,0.011785656213760376,638.791748046875,547.3426513671875,0.7984369993209839,556.953369140625,556.042236328125,0.007741004228591919
1416,298.2354431152344,476.7734680175781,0.9998052716255188,556.7908935546875,555.331787109375,0.03066200017929077,795.3838500976562,558.0661010742188,0.9990959167480469,552.007080078125,565.6914672851562,0.9960219860076904,511.95361328125,586.7835083007812,0.9988796710968018,557.473388671875,567.3301391601562,0.04851126670837402,553.0309448242188,587.3134765625,0.056353211402893066,608.9992065429688,569.9478759765625,0.9992538690567017,609.0467529296875,571.1533203125,0.023659318685531616,637.0823364257812,547.1723022460938,0.015759289264678955,639.4014282226562,547.609375,0.7783612012863159,556.826171875,556.1016235351562,0.007132202386856079
1417,298.0599365234375,477.037109375,0.9998295307159424,556.5491943359375,555.5948486328125,0.0364232063293457,795.3724365234375,558.0609130859375,0.9993854761123657,552.55908203125,565.4053344726562,0.9966599345207214,511.6026611328125,586.8861694335938,0.9989319443702698,558.0482177734375,567.0039672851562,0.04249542951583862,552.580810546875,587.305908203125,0.05573186278343201,609.3250732421875,569.8591918945312,0.9994039535522461,609.5889892578125,571.1261596679688,0.025507241487503052,636.9161376953125,546.4815673828125,0.02006077766418457,639.331787109375,547.2637329101562,0.8140048980712891,556.896484375,556.081787109375,0.007864415645599365
1418,298.0007019042969,476.86932373046875,0.9998201131820679,556.7505493164062,555.4530639648438,0.03166034817695618,795.7416381835938,557.8909301757812,0.9992319345474243,551.7888793945312,565.5499877929688,0.9963511228561401,511.6243591308594,586.9511108398438,0.998876690864563,557.027587890625,567.160888671875,0.04926934838294983,553.5467529296875,587.6278686523438,0.056135714054107666,609.5828247070312,569.8012084960938,0.9994223713874817,609.5090942382812,571.0974731445312,0.031065672636032104,636.935546875,546.9459838867188,0.017886310815811157,639.7577514648438,547.6156005859375,0.8059237003326416,556.8392944335938,556.16650390625,0.006554722785949707
1419,297.9901123046875,477.0347595214844,0.9998369216918945,556.5458984375,555.4456176757812,0.03419637680053711,795.6216430664062,558.1043090820312,0.9993724822998047,551.7705688476562,565.6602172851562,0.9969455003738403,511.6296081542969,586.9393920898438,0.9990219473838806,557.442138671875,567.281982421875,0.04282298684120178,552.9152221679688,587.3659057617188,0.05971989035606384,609.5648803710938,569.472900390625,0.9995983839035034,609.5499267578125,571.0711059570312,0.024719804525375366,552.3590087890625,559.4109497070312,0.011646807193756104,639.1781616210938,547.7213134765625,0.7670179605484009,556.7183837890625,556.021240234375,0.007696866989135742
1420,298.14923095703125,477.19439697265625,0.9997988939285278,556.6123657226562,555.3472290039062,0.029122084379196167,795.8056030273438,558.2098999023438,0.9992249608039856,551.3087158203125,565.7908935546875,0.9969062209129333,511.6556091308594,586.63134765625,0.9989315271377563,557.114501953125,567.2254638671875,0.04038909077644348,553.480712890625,587.4814453125,0.042645394802093506,609.5070190429688,569.7476196289062,0.9995549917221069,609.3049926757812,571.2431640625,0.023987531661987305,637.5645141601562,546.5631103515625,0.018024146556854248,639.755859375,547.327880859375,0.8267923593521118,556.767822265625,556.1883544921875,0.007036030292510986
1421,298.1640319824219,477.12982177734375,0.9997881650924683,556.7886352539062,555.372802734375,0.03578886389732361,795.7671508789062,558.3311157226562,0.9994257688522339,551.8701171875,565.7970581054688,0.9964662790298462,510.9991455078125,585.2307739257812,0.9991041421890259,557.4619140625,567.1870727539062,0.050367921590805054,553.0457153320312,587.5399169921875,0.048685938119888306,609.7235107421875,569.7607421875,0.999416172504425,609.558349609375,570.7344360351562,0.028675973415374756,552.6709594726562,559.1729125976562,0.013370513916015625,639.1358032226562,547.802001953125,0.7457916140556335,556.7670288085938,556.082275390625,0.008542418479919434
1422,298.1661376953125,477.3970642089844,0.9998033046722412,556.3453369140625,555.4848022460938,0.0330546498298645,795.890380859375,558.260498046875,0.9994088411331177,552.1672973632812,565.7655029296875,0.996090292930603,510.93359375,585.264892578125,0.9990572929382324,557.9410400390625,567.2141723632812,0.039908915758132935,552.9550170898438,587.3887329101562,0.045822978019714355,609.9577026367188,569.7423095703125,0.9995099306106567,609.8418579101562,570.989990234375,0.031812965869903564,637.6209106445312,546.7138671875,0.01983627676963806,639.643798828125,547.2985229492188,0.8023273944854736,556.8345947265625,556.1151123046875,0.0074346065521240234
1423,298.2190856933594,477.2095947265625,0.9997763633728027,556.7767333984375,555.406494140625,0.033649325370788574,795.5082397460938,557.912109375,0.9992337226867676,552.2230224609375,565.4059448242188,0.9967517852783203,511.6712646484375,587.391357421875,0.9989198446273804,557.6341552734375,567.0335083007812,0.04958617687225342,553.1627197265625,587.7819213867188,0.05663678050041199,609.7684326171875,570.1036987304688,0.9994248151779175,609.4627075195312,571.2935180664062,0.025468051433563232,637.0886840820312,547.1671142578125,0.012483030557632446,639.4727783203125,547.7864990234375,0.7532215714454651,556.8406372070312,556.1546630859375,0.008047938346862793
1424,297.9938659667969,477.31561279296875,0.9998528361320496,556.9203491210938,555.0942993164062,0.02981826663017273,795.23876953125,558.2410278320312,0.9994089603424072,553.1937866210938,565.3278198242188,0.9967145919799805,511.9608154296875,587.0032348632812,0.9989864230155945,558.0819702148438,567.112548828125,0.05406591296195984,553.19970703125,587.8603515625,0.06227198243141174,609.8679809570312,570.0926513671875,0.9994286894798279,609.6704711914062,571.054931640625,0.02712559700012207,637.6420288085938,546.981689453125,0.014806419610977173,639.7018432617188,547.6181640625,0.8081190586090088,556.90673828125,556.1890258789062,0.0068638622760772705
1425,298.16119384765625,477.2944030761719,0.9998286962509155,556.9622192382812,555.5216064453125,0.03705444931983948,795.8629760742188,557.9273071289062,0.9992883205413818,552.905517578125,565.5520629882812,0.9961076974868774,511.281982421875,584.9697265625,0.9989362359046936,558.192626953125,567.2734375,0.055569857358932495,552.7411499023438,587.6710205078125,0.057346463203430176,608.1226196289062,570.5289916992188,0.9992227554321289,609.3583374023438,571.1685791015625,0.02475297451019287,637.2261352539062,547.0571899414062,0.01632028818130493,639.9010620117188,547.4371948242188,0.722766637802124,557.0066528320312,556.2676391601562,0.007985144853591919
1426,298.2860412597656,477.133544921875,0.999809741973877,557.40087890625,555.4951171875,0.032479554414749146,795.4031372070312,557.672607421875,0.999331533908844,552.1688842773438,565.6636352539062,0.9955428242683411,511.73931884765625,586.927734375,0.9986755847930908,557.34814453125,567.3578491210938,0.061767518520355225,553.225830078125,587.5564575195312,0.05399686098098755,609.8825073242188,569.8869018554688,0.9993734359741211,609.5478515625,571.0068359375,0.026031017303466797,637.8756103515625,546.4081420898438,0.030606567859649658,639.8056030273438,547.2178344726562,0.8358865976333618,557.0451049804688,556.3463134765625,0.006780475378036499
1427,298.09912109375,477.5578308105469,0.9998395442962646,556.915283203125,555.2555541992188,0.03468066453933716,795.5872802734375,557.9193115234375,0.9992552995681763,552.51611328125,565.8685913085938,0.9961819648742676,511.7807312011719,586.6161499023438,0.9987589120864868,558.0331420898438,567.4091186523438,0.05473378300666809,552.7199096679688,587.3460693359375,0.05543249845504761,609.1429443359375,570.091064453125,0.9991346597671509,609.1696166992188,571.0528564453125,0.026376187801361084,636.9005126953125,547.2620849609375,0.013124972581863403,639.4349365234375,547.8687133789062,0.7390146851539612,556.9208984375,556.1852416992188,0.007520943880081177
1428,298.4476013183594,477.6803894042969,0.9997297525405884,556.9423217773438,555.60009765625,0.03476923704147339,794.6366577148438,558.4699096679688,0.9993429183959961,551.654052734375,565.4409790039062,0.9964497089385986,511.5420837402344,586.7493286132812,0.9987668991088867,557.1787109375,567.2407836914062,0.059703558683395386,552.9528198242188,587.5947265625,0.05212649703025818,609.355224609375,570.092529296875,0.9992040395736694,609.3362426757812,571.0800170898438,0.028287023305892944,637.5281982421875,547.0523071289062,0.017591893672943115,639.6325073242188,547.7411499023438,0.7690557241439819,556.859619140625,556.1741943359375,0.007360935211181641
1429,298.2565002441406,477.67010498046875,0.999779462814331,556.837890625,555.394287109375,0.040596961975097656,794.9915161132812,558.55712890625,0.9994237422943115,552.9475708007812,565.4692993164062,0.9958345890045166,511.208984375,584.9813842773438,0.9989711046218872,557.9951171875,567.3959350585938,0.0655512809753418,552.0325927734375,587.41845703125,0.05373993515968323,609.1597290039062,570.163330078125,0.9991592168807983,608.9862060546875,571.2578735351562,0.030395150184631348,637.2027587890625,547.1344604492188,0.015738874673843384,639.7176513671875,547.7977905273438,0.7229398488998413,556.8928833007812,556.1652221679688,0.008204936981201172
1430,298.6141662597656,477.817626953125,0.999733567237854,556.7775268554688,555.0369262695312,0.033020734786987305,794.9342651367188,558.1884155273438,0.9992921352386475,552.5335083007812,565.568603515625,0.9961087703704834,512.1019897460938,587.1343383789062,0.9989781379699707,557.8314208984375,567.6033325195312,0.06417179107666016,552.5589599609375,587.7164916992188,0.059638649225234985,607.6094360351562,570.753173828125,0.999230146408081,609.1707153320312,571.28759765625,0.025408148765563965,637.4990234375,547.2465209960938,0.021627724170684814,639.2462768554688,547.883056640625,0.8300635814666748,556.8435668945312,556.2416381835938,0.006392329931259155
1431,298.4546203613281,477.5793151855469,0.999742865562439,556.7025146484375,555.2371826171875,0.0379813015460968,794.8102416992188,558.3221435546875,0.9992947578430176,552.4498901367188,565.4784545898438,0.995449423789978,511.88848876953125,586.5198974609375,0.9985775947570801,557.6563720703125,567.4192504882812,0.06200167536735535,552.9529418945312,587.8079833984375,0.047728657722473145,608.0027465820312,570.5065307617188,0.9991111159324646,609.2969360351562,571.1115112304688,0.024555981159210205,637.615234375,547.06494140625,0.01922595500946045,639.4110717773438,547.834716796875,0.7119013071060181,556.9124755859375,556.0564575195312,0.007357597351074219
1432,298.29876708984375,477.86016845703125,0.9998141527175903,557.1074829101562,554.9063720703125,0.03205743432044983,794.8854370117188,557.9328002929688,0.9993135929107666,552.1143798828125,565.58984375,0.9970872402191162,512.05322265625,586.3087768554688,0.9987379908561707,557.0894165039062,567.6044921875,0.07528117299079895,553.0037841796875,587.8728637695312,0.04996293783187866,608.3187866210938,570.4802856445312,0.9991798400878906,609.3339233398438,571.0845336914062,0.023043334484100342,638.29541015625,546.45068359375,0.04084855318069458,639.1731567382812,547.348388671875,0.8428300619125366,556.7619018554688,556.157470703125,0.007107555866241455
1433,298.4135437011719,477.9234313964844,0.9997829794883728,557.1282958984375,555.0409545898438,0.02818956971168518,794.9719848632812,558.0968627929688,0.9993579983711243,551.859375,565.8545532226562,0.9966420531272888,511.794921875,586.9080200195312,0.9987611770629883,557.4566040039062,567.6319580078125,0.05022546648979187,549.7333374023438,588.6153564453125,0.0535007119178772,609.5637817382812,570.137939453125,0.9993157982826233,609.3596801757812,571.0447387695312,0.026712238788604736,637.9675903320312,546.8626708984375,0.029043078422546387,639.6395263671875,547.828125,0.823497474193573,557.021484375,556.2982788085938,0.006324321031570435
1434,298.3870849609375,477.8779602050781,0.9997656941413879,556.8486328125,555.0340576171875,0.030457526445388794,795.1322631835938,558.1971435546875,0.9992256164550781,552.6661987304688,565.3634643554688,0.997154951095581,511.5379333496094,586.644775390625,0.9987783432006836,557.9141845703125,567.3260498046875,0.06094998121261597,552.8548583984375,587.5195922851562,0.06225880980491638,609.842529296875,570.2756958007812,0.9992855191230774,609.5850830078125,571.06640625,0.03235313296318054,638.5198364257812,546.9429931640625,0.03241473436355591,640.2059326171875,547.6674194335938,0.8014228940010071,557.0241088867188,556.0270385742188,0.00685495138168335
1435,298.6991271972656,477.8123779296875,0.999782919883728,557.058349609375,555.1233520507812,0.030543923377990723,795.0587768554688,558.11669921875,0.9991934895515442,552.4345092773438,565.601806640625,0.9968065023422241,511.2614440917969,586.499755859375,0.9990196228027344,557.5090942382812,567.3875732421875,0.05395755171775818,549.8165283203125,588.6452026367188,0.059162646532058716,609.8453369140625,569.973876953125,0.9993512630462646,609.6555786132812,571.10498046875,0.02639046311378479,638.5761108398438,546.3524169921875,0.04700404405593872,639.0986328125,546.951171875,0.8341007232666016,556.9952392578125,556.2579956054688,0.006850302219390869
1436,298.7297668457031,477.9592590332031,0.9997620582580566,557.120849609375,555.2487182617188,0.033301591873168945,795.1344604492188,558.3074951171875,0.9992731809616089,552.1103515625,565.6737670898438,0.9968447685241699,511.55255126953125,586.7793579101562,0.9990015625953674,557.2720947265625,567.514892578125,0.050252050161361694,552.8187255859375,587.4458618164062,0.048605650663375854,609.3123779296875,569.893798828125,0.9993681907653809,609.5286254882812,571.1605224609375,0.02396300435066223,637.9292602539062,546.6643676757812,0.03364688158035278,639.7550659179688,547.3439331054688,0.7882485389709473,556.9295043945312,556.2001953125,0.007476627826690674
1437,298.6036376953125,477.7787780761719,0.9997565746307373,557.0678100585938,554.9660034179688,0.030614912509918213,795.068115234375,558.2184448242188,0.9993373155593872,551.70654296875,565.6741943359375,0.9965128898620605,511.68560791015625,586.5363159179688,0.9987589120864868,556.919677734375,567.5808715820312,0.05775541067123413,553.3245849609375,587.7681884765625,0.04556968808174133,609.349365234375,569.968505859375,0.99933260679245,609.4179077148438,570.8698120117188,0.02536141872406006,638.0794677734375,546.470947265625,0.038256287574768066,639.7713623046875,547.4727783203125,0.8150842785835266,556.9630737304688,556.2151489257812,0.006240427494049072
1438,298.6352233886719,477.804443359375,0.9997934103012085,557.2178344726562,554.9503784179688,0.028352946043014526,795.2489624023438,557.937744140625,0.9990988969802856,552.0732421875,565.8015747070312,0.9967530965805054,511.2718200683594,586.961181640625,0.9989851117134094,557.3098754882812,567.621826171875,0.05495378375053406,552.7947998046875,587.4895629882812,0.06699520349502563,610.4525146484375,569.9663696289062,0.999295175075531,610.1676025390625,570.7503051757812,0.03327685594558716,637.5689086914062,546.8956909179688,0.03041708469390869,639.3875122070312,547.5591430664062,0.8036851286888123,557.1273803710938,556.3667602539062,0.006471723318099976
1439,299.0115661621094,477.6632995605469,0.999764084815979,557.1610717773438,555.11865234375,0.032655030488967896,795.3679809570312,557.8685302734375,0.999158501625061,551.7220458984375,565.858642578125,0.9972943663597107,511.3226013183594,586.690673828125,0.9989022016525269,557.287841796875,567.7030639648438,0.0641600489616394,549.0673828125,588.8583374023438,0.04971802234649658,608.2740478515625,570.5029296875,0.9993393421173096,609.5303955078125,571.162353515625,0.023466408252716064,638.2724609375,546.9037475585938,0.02362653613090515,640.0260009765625,547.83544921875,0.7819797396659851,556.9441528320312,556.2654418945312,0.0071589648723602295
1440,298.9973449707031,477.8167724609375,0.9997982978820801,556.9618530273438,555.2073364257812,0.030195415019989014,795.015625,558.4683227539062,0.9994322657585144,552.1629638671875,565.4269409179688,0.9963643550872803,511.53656005859375,586.6015014648438,0.9987374544143677,557.4228515625,567.5501708984375,0.061775028705596924,550.0142211914062,588.81396484375,0.06208959221839905,608.2186889648438,570.6300659179688,0.999325156211853,609.2322998046875,571.217041015625,0.02167820930480957,638.1544799804688,546.8525390625,0.03952336311340332,639.5819702148438,547.7548828125,0.8262330889701843,557.0208740234375,556.3516235351562,0.006405174732208252
1441,299.2916564941406,478.01806640625,0.9998171329498291,557.126953125,555.0967407226562,0.02932286262512207,794.8511352539062,558.2352905273438,0.999277651309967,551.8265991210938,565.4556884765625,0.9965034127235413,511.14892578125,586.7708740234375,0.9988224506378174,556.8482055664062,567.4034423828125,0.06322532892227173,559.361083984375,584.8735961914062,0.057370275259017944,610.2194213867188,569.748291015625,0.9993399381637573,609.9957885742188,570.7745971679688,0.027377188205718994,638.3085327148438,546.3545532226562,0.03621736168861389,639.7702026367188,547.2210693359375,0.8075953722000122,556.9576416015625,556.2205810546875,0.006498873233795166
1442,299.27325439453125,478.2803649902344,0.9998276233673096,556.9423217773438,555.0628662109375,0.03268548846244812,795.203857421875,558.4769287109375,0.9992787837982178,551.6394653320312,565.7056884765625,0.9965399503707886,511.3943786621094,586.7009887695312,0.9987224340438843,557.3118896484375,567.806640625,0.06450676918029785,552.1403198242188,587.5986938476562,0.06142255663871765,608.1937866210938,570.4124755859375,0.9991990327835083,609.4838256835938,570.9601440429688,0.021095365285873413,638.3983154296875,546.1138916015625,0.05259022116661072,639.693359375,547.3047485351562,0.8606152534484863,556.9404296875,556.1981811523438,0.006749927997589111
1443,299.2283935546875,478.3765563964844,0.9998549222946167,557.4933471679688,555.053955078125,0.02626696228981018,795.1622924804688,558.25341796875,0.9993440508842468,551.525634765625,565.7144775390625,0.996462345123291,510.98870849609375,586.9931030273438,0.9986852407455444,557.1570434570312,567.6680908203125,0.06164586544036865,552.5463256835938,587.9066772460938,0.0666765570640564,608.2372436523438,570.6339111328125,0.9992547035217285,609.5075073242188,571.2244873046875,0.022652864456176758,637.7041625976562,547.0004272460938,0.035067617893218994,639.16650390625,547.8072509765625,0.8342010974884033,556.9679565429688,556.30126953125,0.005492955446243286
1444,299.3297119140625,478.4632568359375,0.9998414516448975,556.937744140625,554.9647827148438,0.030018150806427002,795.1326293945312,557.761962890625,0.9990386962890625,552.5830078125,565.69384765625,0.9964919090270996,511.156005859375,586.7469482421875,0.9989100694656372,557.931884765625,567.7179565429688,0.05877360701560974,552.379150390625,587.5748901367188,0.06675025820732117,608.0208129882812,570.7836303710938,0.9991928339004517,609.2887573242188,571.286865234375,0.02351844310760498,638.0296020507812,546.228759765625,0.048986196517944336,639.4005126953125,547.3001708984375,0.8288568258285522,557.0970458984375,556.2147216796875,0.005926281213760376
1445,299.47601318359375,478.3345947265625,0.9998510479927063,557.021240234375,555.092529296875,0.03269168734550476,795.001708984375,558.3738403320312,0.9994044899940491,552.427978515625,565.7927856445312,0.9958198070526123,511.4705810546875,586.4718017578125,0.9987718462944031,557.6491088867188,567.80224609375,0.06321480870246887,552.2471313476562,587.8162841796875,0.0738632082939148,608.6564331054688,570.3411254882812,0.9992275834083557,609.9022216796875,571.0028686523438,0.02301424741744995,637.9024658203125,546.1768798828125,0.03867408633232117,639.5218505859375,547.5361328125,0.8591138124465942,556.927490234375,556.159423828125,0.00643157958984375
1446,299.4417724609375,478.2339172363281,0.9998242855072021,557.0726318359375,555.0552368164062,0.03274738788604736,795.2796630859375,557.8839721679688,0.9992793798446655,552.32177734375,565.6089477539062,0.9959317445755005,511.3460998535156,586.6482543945312,0.99871426820755,557.43017578125,567.8656616210938,0.07109665870666504,552.5339965820312,587.7630004882812,0.05297255516052246,607.8965454101562,570.7953491210938,0.999225378036499,609.2203979492188,571.3179931640625,0.019430071115493774,638.3898315429688,546.1807250976562,0.05848050117492676,639.158935546875,547.2689819335938,0.8330034017562866,556.9797973632812,556.1671142578125,0.006629675626754761
1447,299.4600830078125,478.48828125,0.9998448491096497,556.6824951171875,554.9404907226562,0.029567569494247437,794.9476928710938,558.0345458984375,0.9992893934249878,552.60205078125,565.2632446289062,0.996286153793335,511.3628234863281,586.947998046875,0.9986703991889954,558.1201782226562,567.38818359375,0.05575433373451233,549.7678833007812,588.8914184570312,0.062383055686950684,608.1782836914062,570.6652221679688,0.9993850588798523,609.662353515625,571.1041259765625,0.02355092763900757,637.546630859375,546.4478759765625,0.027224332094192505,639.2469482421875,547.7493286132812,0.8732227087020874,557.0635375976562,556.1213989257812,0.006208688020706177
1448,299.6105651855469,478.49420166015625,0.9998444318771362,556.5010375976562,554.7145385742188,0.029693543910980225,795.4095458984375,557.9302978515625,0.9992623329162598,555.5662841796875,565.5444946289062,0.996974527835846,511.0821228027344,586.9922485351562,0.9986960887908936,558.3701782226562,567.486083984375,0.054205626249313354,549.7466430664062,588.4840698242188,0.06854531168937683,609.2723388671875,569.960205078125,0.9992354512214661,609.4951171875,570.81640625,0.022308647632598877,638.1526489257812,546.1292114257812,0.047968387603759766,639.5305786132812,547.3400268554688,0.880069375038147,556.9076538085938,556.0921020507812,0.005725175142288208
1449,299.67340087890625,478.4427490234375,0.9998499751091003,556.8502197265625,554.662109375,0.026170849800109863,794.8387451171875,557.8024291992188,0.9993637800216675,552.3616943359375,565.5159301757812,0.9971386194229126,511.1586608886719,586.6964111328125,0.9987491369247437,557.6804809570312,567.4437255859375,0.05255329608917236,549.5330200195312,588.5722045898438,0.07761263847351074,608.5552368164062,570.4367065429688,0.9992994666099548,609.7266845703125,571.0537719726562,0.02569231390953064,638.2077026367188,546.53662109375,0.036618173122406006,639.9194946289062,547.6080322265625,0.8079754114151001,557.0458984375,556.1341552734375,0.005602419376373291
1450,299.5610656738281,478.480712890625,0.9998335838317871,556.9072265625,554.9713134765625,0.029843389987945557,795.2612915039062,558.2242431640625,0.9994118213653564,552.6505126953125,565.7700805664062,0.9965802431106567,511.3537902832031,586.7055053710938,0.9987354278564453,557.7316284179688,567.5881958007812,0.0570511519908905,549.7860717773438,588.6234130859375,0.07480114698410034,610.1430053710938,569.9775390625,0.9992443323135376,609.916259765625,570.8921508789062,0.025109559297561646,637.7869873046875,546.4683227539062,0.03859138488769531,639.5926513671875,547.5039672851562,0.8121601343154907,556.9802856445312,556.2236328125,0.006100744009017944
1451,299.70379638671875,478.5758972167969,0.9998241662979126,557.1730346679688,554.7960815429688,0.02564084529876709,795.0879516601562,557.7315063476562,0.9992351531982422,551.82958984375,565.5770263671875,0.9965906143188477,511.1648864746094,586.912841796875,0.9988941550254822,557.0083618164062,567.7691040039062,0.058277130126953125,552.6803588867188,587.9055786132812,0.052675992250442505,610.46044921875,569.7924194335938,0.9994134902954102,610.3754272460938,570.7344360351562,0.028248250484466553,637.1417236328125,546.8068237304688,0.020916521549224854,639.552001953125,547.8782348632812,0.7657662630081177,557.0068359375,556.2120971679688,0.005336403846740723
1452,299.7098388671875,478.5225524902344,0.9998214244842529,556.734375,554.7488403320312,0.02539724111557007,795.1312866210938,557.8057861328125,0.9992760419845581,551.8892822265625,565.8323974609375,0.9975226521492004,511.1188659667969,586.8424072265625,0.9987248778343201,556.9720458984375,567.978759765625,0.0537189245223999,549.68798828125,588.8842163085938,0.06435605883598328,610.5787963867188,569.85595703125,0.9992910027503967,610.376953125,570.5518188476562,0.029604166746139526,638.1174926757812,546.1400146484375,0.033023059368133545,640.310546875,547.367919921875,0.8027551174163818,556.9695434570312,556.1054077148438,0.005261778831481934
1453,299.94952392578125,478.6581726074219,0.9998593330383301,557.39208984375,554.690673828125,0.028638213872909546,794.998046875,558.3098754882812,0.9994766116142273,552.119384765625,565.504638671875,0.996921718120575,511.05670166015625,586.6048583984375,0.9987750053405762,557.1644897460938,567.7477416992188,0.08038502931594849,549.4944458007812,589.0919189453125,0.06947940587997437,608.3462524414062,570.4322509765625,0.9992185831069946,609.511962890625,571.0144653320312,0.024508416652679443,637.7259521484375,546.4923706054688,0.02965623140335083,639.6683959960938,547.5703735351562,0.8124327659606934,556.9296264648438,556.186767578125,0.005572259426116943
1454,299.9656982421875,478.5494384765625,0.9998407959938049,557.0205078125,554.6199951171875,0.024483978748321533,794.8621826171875,558.2868041992188,0.9994778633117676,551.4418334960938,565.8516845703125,0.9971837997436523,510.76788330078125,586.3378295898438,0.9987227916717529,557.0679931640625,567.927734375,0.05541229248046875,549.7866821289062,588.9188842773438,0.06454205513000488,609.012451171875,570.081787109375,0.9992591142654419,610.2017211914062,570.6495971679688,0.02644181251525879,637.63916015625,546.2847290039062,0.0352155864238739,639.4664306640625,547.5971069335938,0.8151290416717529,635.3408203125,542.3421020507812,0.005207538604736328
1455,299.8205261230469,478.71014404296875,0.9998608827590942,556.8119506835938,554.995849609375,0.026963859796524048,795.0043334960938,557.585693359375,0.9991605281829834,552.9462890625,565.897216796875,0.9970554709434509,510.9654541015625,586.846435546875,0.9989453554153442,558.2498168945312,567.71630859375,0.05035662651062012,549.7794799804688,588.8040161132812,0.057826846837997437,608.1012573242188,570.69970703125,0.9993506669998169,609.589111328125,571.1351318359375,0.026188045740127563,638.0039672851562,546.3971557617188,0.038829535245895386,639.6678466796875,547.582275390625,0.8365669846534729,557.1927490234375,556.2567749023438,0.005329638719558716
1456,299.5001220703125,478.7659606933594,0.9998787641525269,556.677490234375,554.876953125,0.028919219970703125,795.1795654296875,558.2068481445312,0.999432384967804,552.233154296875,565.9849853515625,0.9964250326156616,511.2174072265625,586.83984375,0.9988112449645996,557.849365234375,567.8005981445312,0.05265623331069946,549.9913940429688,588.44091796875,0.07117599248886108,610.1970825195312,569.5952758789062,0.9994857311248779,610.3798217773438,570.6961669921875,0.0279371440410614,637.0733642578125,546.3232421875,0.0198727548122406,639.3382568359375,547.5118408203125,0.7857707142829895,556.9905395507812,556.179931640625,0.0056944191455841064
1457,299.7997741699219,479.0489807128906,0.9998680353164673,556.4073486328125,554.8759155273438,0.027287065982818604,794.847412109375,558.0970458984375,0.9992815256118774,552.2114868164062,565.6805419921875,0.9969236254692078,511.171142578125,587.2125854492188,0.9986525774002075,557.7377319335938,567.6056518554688,0.04347586631774902,549.7648315429688,588.7578125,0.05940905213356018,608.685302734375,570.4501342773438,0.9992862939834595,609.867919921875,570.9953002929688,0.02785584330558777,637.404296875,546.4779052734375,0.03421542048454285,639.332763671875,547.6589965820312,0.8225604295730591,556.9357299804688,556.0986938476562,0.005742818117141724
1458,299.8045959472656,478.7646179199219,0.999859631061554,556.58203125,554.9551391601562,0.02183455228805542,795.0285034179688,558.2643432617188,0.9994161128997803,551.71826171875,565.6053466796875,0.9967725872993469,511.1541442871094,586.953125,0.9987888932228088,557.3807983398438,567.6792602539062,0.050682276487350464,549.656982421875,588.7976684570312,0.07649537920951843,608.1942749023438,570.3638305664062,0.9992498755455017,609.614990234375,570.9154052734375,0.026297956705093384,637.1672973632812,546.8682250976562,0.030293256044387817,639.4136962890625,547.8643798828125,0.8003072738647461,556.9080200195312,556.2752075195312,0.005024909973144531
1459,300.03216552734375,479.024658203125,0.9998764395713806,556.9537353515625,554.669677734375,0.025010287761688232,794.8834838867188,557.9583740234375,0.9992538094520569,551.35205078125,565.534423828125,0.9968661069869995,511.2682800292969,586.468994140625,0.9989439845085144,557.0482788085938,567.5936889648438,0.06329852342605591,550.2898559570312,588.439453125,0.09822630882263184,610.2022705078125,569.76611328125,0.9993633031845093,610.1343994140625,570.6533813476562,0.029438108205795288,637.256591796875,546.6103515625,0.028234779834747314,639.3963623046875,547.5165405273438,0.847350001335144,556.9143676757812,556.2279663085938,0.005231112241744995
1460,299.91949462890625,479.0339660644531,0.9998819828033447,556.9341430664062,554.6865234375,0.02789485454559326,794.6497192382812,558.310546875,0.9994096755981445,551.7991943359375,566.1309204101562,0.995723307132721,511.0723876953125,587.1212158203125,0.9988422393798828,557.5349731445312,568.11181640625,0.06263065338134766,552.0064086914062,587.763671875,0.0871317982673645,608.5823974609375,570.4984741210938,0.9992600679397583,609.7592163085938,570.9882202148438,0.025258272886276245,637.6768188476562,546.3981323242188,0.024124443531036377,639.6971435546875,547.782958984375,0.8297165036201477,556.988037109375,556.3330078125,0.005199223756790161
1461,300.0909729003906,479.06005859375,0.9998884201049805,557.0513916015625,554.8850708007812,0.02655041217803955,794.8292846679688,558.41064453125,0.9993830323219299,551.6953735351562,565.5366821289062,0.9967555999755859,511.0406188964844,586.7529907226562,0.9988155364990234,557.3553466796875,567.6738891601562,0.06564059853553772,552.273193359375,587.6837768554688,0.069255530834198,608.3336181640625,570.3766479492188,0.9991939067840576,609.6223754882812,570.8981323242188,0.025675088167190552,637.6788330078125,546.5299682617188,0.026454538106918335,639.937744140625,547.8526611328125,0.8108347058296204,556.9007568359375,556.3778076171875,0.005795150995254517
1462,300.1579284667969,479.1044006347656,0.9998847246170044,556.8446655273438,554.86865234375,0.03269490599632263,795.0962524414062,557.9044189453125,0.9993705153465271,551.842529296875,565.9012451171875,0.9975318908691406,510.6889343261719,586.6940307617188,0.9987210631370544,557.483642578125,567.6070556640625,0.048310667276382446,549.6364135742188,588.6943359375,0.05688968300819397,608.0679931640625,570.6978149414062,0.9993231296539307,609.6312866210938,571.0487060546875,0.02314862608909607,637.5767211914062,546.0214233398438,0.030696779489517212,639.7449951171875,547.8812866210938,0.870573103427887,556.865478515625,556.1925659179688,0.006390243768692017
1463,300.27178955078125,479.1576232910156,0.9998580813407898,556.8355712890625,554.5341796875,0.02298387885093689,794.3767700195312,557.9685668945312,0.9993028044700623,551.7496337890625,565.4581909179688,0.997780978679657,510.98992919921875,586.5527954101562,0.9987268447875977,557.3185424804688,567.571044921875,0.051918238401412964,549.5052490234375,588.6446533203125,0.06490418314933777,607.6281127929688,570.4715576171875,0.9992073774337769,609.52783203125,570.8656005859375,0.026606470346450806,637.1250610351562,546.1024169921875,0.04033038020133972,639.0227661132812,547.6792602539062,0.8649879097938538,635.2814331054688,542.4231567382812,0.005066722631454468
1464,300.308349609375,479.1486511230469,0.9998664855957031,556.8589477539062,555.0558471679688,0.024117499589920044,794.5401611328125,557.879150390625,0.9992971420288086,552.088134765625,565.9755249023438,0.9970851540565491,510.90386962890625,587.117431640625,0.9988042116165161,557.86572265625,567.7008666992188,0.05061665177345276,549.4559326171875,588.6420288085938,0.060000479221343994,608.15966796875,570.322998046875,0.9991387128829956,609.424560546875,570.912353515625,0.025889217853546143,638.0453491210938,546.0730590820312,0.04494118690490723,639.6369018554688,547.6381225585938,0.8292662501335144,635.33056640625,542.3574829101562,0.005576193332672119
1465,300.236328125,479.19207763671875,0.9998530745506287,556.9859619140625,554.715576171875,0.02552810311317444,794.3814086914062,558.1396484375,0.9994022250175476,552.3250122070312,565.82861328125,0.9970269799232483,510.888671875,586.4502563476562,0.9986649751663208,557.5549926757812,567.8213500976562,0.07522058486938477,549.1109619140625,589.01708984375,0.04748687148094177,607.4193725585938,570.559326171875,0.99909907579422,609.1895751953125,570.9083251953125,0.0246942937374115,637.3433837890625,546.3411865234375,0.028198271989822388,639.6797485351562,547.779052734375,0.8410520553588867,300.7788391113281,475.784423828125,0.005218565464019775
1466,300.32012939453125,479.0865173339844,0.9998829364776611,557.1593017578125,554.912109375,0.026733696460723877,794.6170654296875,557.54248046875,0.9992454648017883,551.9725952148438,565.6182250976562,0.9974920749664307,510.6054992675781,586.5621948242188,0.9986894130706787,557.2387084960938,567.6382446289062,0.061107784509658813,552.4489135742188,587.8662719726562,0.05644652247428894,609.3544921875,569.93701171875,0.999376654624939,609.5125732421875,570.8150634765625,0.029905200004577637,637.5325317382812,546.4652709960938,0.023386985063552856,639.8880004882812,547.7606811523438,0.8267803192138672,556.8643188476562,556.4031982421875,0.0056015849113464355
1467,300.14935302734375,479.3117370605469,0.9998836517333984,557.38916015625,554.7024536132812,0.030264198780059814,794.6048583984375,558.144775390625,0.999334454536438,552.017822265625,565.5150146484375,0.996596097946167,510.5988464355469,586.8595581054688,0.9986264705657959,557.2333374023438,567.6071166992188,0.08689123392105103,552.5616455078125,587.8583374023438,0.07196897268295288,609.4342041015625,570.0426635742188,0.9992409944534302,609.5886840820312,570.800048828125,0.02730819582939148,637.683837890625,546.2628173828125,0.034903138875961304,639.5233154296875,547.6300659179688,0.854215145111084,556.96044921875,556.3237915039062,0.005811095237731934
1468,300.13214111328125,479.22637939453125,0.9998915195465088,557.2028198242188,554.8878173828125,0.02745187282562256,794.3193359375,558.0233764648438,0.9992960691452026,551.71533203125,565.6310424804688,0.9963790774345398,510.7771301269531,587.016357421875,0.998592734336853,557.3380126953125,567.72607421875,0.05976173281669617,550.0198974609375,588.5595703125,0.07186919450759888,609.6896362304688,569.8148803710938,0.9991674423217773,609.7611083984375,570.7395629882812,0.03502786159515381,637.0659790039062,546.6630249023438,0.02654927968978882,639.4689331054688,547.9662475585938,0.8218247890472412,556.9910888671875,556.4705810546875,0.005433440208435059
1469,300.21124267578125,479.1387634277344,0.9998806715011597,556.8816528320312,554.6683349609375,0.02665233612060547,795.1506958007812,558.062744140625,0.9993139505386353,552.6854248046875,565.5205688476562,0.9969460964202881,510.82781982421875,586.9774780273438,0.9987579584121704,557.847412109375,567.6295776367188,0.06472453474998474,549.5767211914062,588.7597045898438,0.06338128447532654,607.9725341796875,571.1005859375,0.9993335008621216,609.300537109375,571.3375854492188,0.02726718783378601,637.4730224609375,546.73583984375,0.025715023279190063,639.645263671875,548.11376953125,0.8032538890838623,556.9053955078125,556.3372802734375,0.005550205707550049
1470,300.3019104003906,479.3616027832031,0.9999002814292908,557.1312866210938,554.859619140625,0.02505946159362793,794.7744140625,557.89501953125,0.999260663986206,551.26171875,565.9191284179688,0.9975087642669678,510.9698181152344,586.9802856445312,0.9990484714508057,557.129150390625,567.8052978515625,0.06414192914962769,549.7447509765625,588.8233642578125,0.06377279758453369,608.1282348632812,570.3798828125,0.9991328120231628,609.4865112304688,570.9271850585938,0.027148544788360596,637.7273559570312,546.4522094726562,0.03384619951248169,639.6995239257812,547.7742309570312,0.806827187538147,556.936767578125,556.454345703125,0.005761474370956421
1471,300.3387756347656,479.4181823730469,0.9999076128005981,557.3106689453125,554.7825317382812,0.028531163930892944,795.0604248046875,557.8091430664062,0.9992879629135132,551.3997802734375,565.6101684570312,0.9965929985046387,510.54766845703125,586.6626586914062,0.9986051321029663,556.8557739257812,567.9253540039062,0.07544761896133423,552.29150390625,588.0853271484375,0.08847394585609436,608.0037841796875,570.6129150390625,0.9990469813346863,609.3058471679688,571.145751953125,0.023177355527877808,637.641357421875,546.4892578125,0.04673609137535095,639.7967529296875,547.756591796875,0.8502687215805054,556.8389282226562,556.4529418945312,0.005912512540817261
1472,300.41314697265625,479.626953125,0.9999198913574219,557.188720703125,554.9995727539062,0.032924115657806396,794.5525512695312,557.754150390625,0.9992138147354126,551.7344970703125,565.582763671875,0.9965596199035645,511.10296630859375,586.87060546875,0.998746931552887,557.350830078125,567.65771484375,0.07279834151268005,559.2405395507812,584.8516845703125,0.08211448788642883,609.4913940429688,569.7326049804688,0.9992755651473999,609.7776489257812,570.7178955078125,0.0316394567489624,637.6997680664062,546.4227294921875,0.03188440203666687,639.7562255859375,547.7571411132812,0.8558194637298584,557.0437622070312,556.4280395507812,0.0066214799880981445
1473,300.3750915527344,479.4144287109375,0.9999183416366577,557.2413940429688,554.70166015625,0.027281910181045532,794.6004028320312,558.2597045898438,0.9993796944618225,551.58837890625,565.596435546875,0.9970020651817322,510.7126159667969,586.9495239257812,0.9987618923187256,557.2743530273438,567.7400512695312,0.06948268413543701,559.318603515625,585.0643310546875,0.07299438118934631,608.2150268554688,570.2100830078125,0.9986064434051514,609.4677734375,570.69189453125,0.028346359729766846,637.5939331054688,546.4600830078125,0.042025744915008545,639.571533203125,547.7272338867188,0.8139368295669556,556.9437866210938,556.3922119140625,0.00573691725730896
1474,300.44146728515625,479.4122619628906,0.9999083280563354,557.737548828125,554.6526489257812,0.02430194616317749,794.7000732421875,557.649169921875,0.9991416931152344,551.4655151367188,565.4033203125,0.9973329305648804,510.6675109863281,586.9332885742188,0.9988082051277161,556.8594970703125,567.5154418945312,0.08172065019607544,559.7777709960938,584.7496948242188,0.06997978687286377,608.0706176757812,570.4418334960938,0.9991055727005005,609.2273559570312,570.9002075195312,0.02559831738471985,638.2523803710938,546.5823974609375,0.03421548008918762,640.0171508789062,547.8084106445312,0.7969757318496704,556.9762573242188,556.4751586914062,0.005064487457275391
1475,300.4352111816406,479.2297058105469,0.9999133944511414,557.2875366210938,554.6442260742188,0.028600335121154785,793.9287109375,558.136962890625,0.9992451667785645,552.282958984375,565.7111206054688,0.9964845180511475,510.7428894042969,586.907958984375,0.9980273246765137,557.7683715820312,567.9083251953125,0.07790154218673706,549.6265258789062,588.6605224609375,0.05906873941421509,607.9329833984375,570.5557250976562,0.999093770980835,609.3238525390625,570.7575073242188,0.02970150113105774,637.2233276367188,546.8876953125,0.030453026294708252,639.5466918945312,547.9121704101562,0.8086740374565125,557.0996704101562,556.43115234375,0.005453765392303467
1476,300.45587158203125,479.44989013671875,0.9999305009841919,556.7611694335938,554.8827514648438,0.025623828172683716,794.12841796875,558.3245849609375,0.9994581937789917,552.54931640625,565.2515258789062,0.9966892004013062,510.8706359863281,586.851318359375,0.9988455772399902,557.715576171875,567.5553588867188,0.062488675117492676,559.38134765625,584.70166015625,0.07660973072052002,607.736083984375,570.5404052734375,0.9991510510444641,609.3485717773438,570.90380859375,0.030028879642486572,637.0438842773438,546.6913452148438,0.025789588689804077,639.374267578125,548.0957641601562,0.8328230381011963,556.9542846679688,556.30322265625,0.005640655755996704
1477,300.41302490234375,479.65106201171875,0.999906063079834,557.49755859375,554.7739868164062,0.028263509273529053,794.5741577148438,557.861572265625,0.9991804361343384,551.8948364257812,565.7401123046875,0.9968661069869995,510.9974060058594,587.33447265625,0.9987868070602417,557.6588134765625,567.6431274414062,0.07581934332847595,550.03662109375,588.8353881835938,0.06508177518844604,607.8753051757812,570.5774536132812,0.9992341995239258,609.1454467773438,571.0794677734375,0.02220281958580017,637.5372924804688,546.3519897460938,0.03295552730560303,639.5988159179688,547.7141723632812,0.8041264414787292,557.083984375,556.5902099609375,0.005795538425445557
1478,300.5381774902344,479.5084228515625,0.9998776912689209,557.2169799804688,554.8080444335938,0.028546452522277832,794.4093017578125,557.8292236328125,0.9993346929550171,552.1127319335938,565.5557861328125,0.9966680407524109,510.870361328125,587.1820678710938,0.9990004301071167,557.4197387695312,567.5818481445312,0.07561269402503967,549.8309326171875,588.6853637695312,0.08753257989883423,608.3915405273438,570.5261840820312,0.9992371797561646,609.4908447265625,571.06982421875,0.023827016353607178,637.2901000976562,546.3817749023438,0.02057608962059021,640.1143798828125,547.8294067382812,0.7459195852279663,557.0430908203125,556.44873046875,0.006331115961074829
1479,300.4695739746094,479.4610595703125,0.9999043941497803,557.320556640625,554.8279418945312,0.028741061687469482,794.3244018554688,558.1475830078125,0.999406099319458,551.7096557617188,565.8463134765625,0.9969255924224854,510.8387451171875,586.908447265625,0.9987655878067017,557.395263671875,567.7929077148438,0.07017737627029419,549.6372680664062,588.5810546875,0.07987698912620544,607.9500122070312,570.7012939453125,0.9992804527282715,609.3098754882812,571.115478515625,0.026408493518829346,637.3809814453125,546.4180297851562,0.028200536966323853,639.5106811523438,547.8648071289062,0.8238434195518494,556.990478515625,556.3712768554688,0.005336403846740723
1480,300.52728271484375,479.337890625,0.9999051690101624,557.1464233398438,554.5977172851562,0.026089966297149658,794.4699096679688,557.8988037109375,0.9993526935577393,552.3115844726562,565.4796752929688,0.9971868395805359,511.0074462890625,586.5183715820312,0.9987115859985352,557.7796630859375,567.6153564453125,0.05910050868988037,559.0935668945312,584.9229125976562,0.06741005182266235,608.1576538085938,570.5291748046875,0.9991111755371094,609.411376953125,570.9490966796875,0.026366502046585083,637.6296997070312,546.0420532226562,0.031182706356048584,639.8184204101562,547.45751953125,0.8132995367050171,557.1015014648438,556.5721435546875,0.005592525005340576
1481,300.4629821777344,479.3412170410156,0.9999104738235474,557.3677978515625,554.7044067382812,0.02994900941848755,794.18359375,558.0921630859375,0.9993727207183838,551.0667724609375,565.5598754882812,0.9967824816703796,510.57000732421875,587.1854858398438,0.9990185499191284,556.9190063476562,567.6680908203125,0.07359573245048523,552.41357421875,588.1326904296875,0.09190613031387329,608.7664794921875,570.3310546875,0.9990550875663757,609.7492065429688,570.7742309570312,0.028477847576141357,638.130126953125,546.4005126953125,0.042888104915618896,640.0101318359375,547.5230712890625,0.8316241502761841,556.927490234375,556.47021484375,0.0061272382736206055
1482,300.517578125,479.3714599609375,0.9998893737792969,557.29443359375,554.678466796875,0.025870978832244873,794.493408203125,557.9693603515625,0.9993559122085571,550.946044921875,565.768798828125,0.9969662427902222,510.80810546875,586.841064453125,0.9988304376602173,556.6858520507812,567.835693359375,0.07685193419456482,549.8659057617188,588.8026123046875,0.06942903995513916,608.2940673828125,570.645263671875,0.9989883303642273,609.43994140625,571.003662109375,0.02693408727645874,637.9174194335938,546.111083984375,0.03541034460067749,639.78466796875,547.5741577148438,0.8397276997566223,635.3378295898438,542.3803100585938,0.005356311798095703
1483,300.5721435546875,479.4707946777344,0.9999136924743652,556.8181762695312,554.6903076171875,0.024239778518676758,794.3750610351562,558.1387939453125,0.999464750289917,552.5076904296875,565.7498779296875,0.996842622756958,510.24560546875,587.2922973632812,0.9988360404968262,557.7568359375,567.881103515625,0.06503874063491821,549.7503662109375,588.651123046875,0.058143436908721924,608.0771484375,570.9016723632812,0.9990922808647156,609.1941528320312,571.2512817382812,0.026654958724975586,637.9201049804688,546.5966186523438,0.03930854797363281,639.8577880859375,547.8045043945312,0.8085724711418152,635.4088134765625,542.2950439453125,0.005430340766906738
1484,300.6926574707031,479.2296447753906,0.9999102354049683,557.0999145507812,555.17919921875,0.02866259217262268,794.2269287109375,558.003662109375,0.9994360208511353,551.6131591796875,566.0221557617188,0.9957797527313232,510.1826477050781,586.6853637695312,0.9987598657608032,557.1058349609375,567.89697265625,0.058355629444122314,559.6063232421875,584.8439331054688,0.0601639449596405,607.8523559570312,570.9280395507812,0.9990820288658142,609.2607421875,571.19091796875,0.028327137231826782,637.89697265625,546.314697265625,0.049678146839141846,639.5772705078125,547.6773681640625,0.8487935066223145,635.4436645507812,542.2042236328125,0.005953013896942139
1485,300.6397399902344,479.313232421875,0.9998912811279297,557.0201416015625,554.9273681640625,0.027305692434310913,794.3956298828125,557.745849609375,0.9992133975028992,552.1817626953125,565.6800537109375,0.9959946870803833,510.22113037109375,586.2402954101562,0.9989134073257446,557.446044921875,567.5698852539062,0.08054715394973755,550.25048828125,588.3789672851562,0.06695106625556946,608.8101196289062,570.6505737304688,0.998945951461792,609.6325073242188,570.9348754882812,0.031533896923065186,637.712890625,546.2100219726562,0.044147491455078125,639.9878540039062,547.4697265625,0.7860372066497803,635.4200439453125,542.3163452148438,0.006063491106033325
1486,300.77288818359375,479.3329162597656,0.9999011754989624,557.60400390625,554.744873046875,0.026720404624938965,793.8919677734375,557.7362670898438,0.9992625713348389,551.6904296875,565.64501953125,0.9971998929977417,510.28057861328125,586.82958984375,0.9989704489707947,556.9405517578125,567.7411499023438,0.0736604630947113,549.8875122070312,588.656005859375,0.05904635787010193,607.4502563476562,570.928466796875,0.9989949464797974,608.935302734375,571.2404174804688,0.021102041006088257,637.8587036132812,546.3405151367188,0.03665071725845337,639.8031005859375,547.8598022460938,0.8747897148132324,635.2015991210938,542.392822265625,0.005843847990036011
1487,300.7852478027344,479.2303466796875,0.9999102354049683,557.161376953125,554.7457885742188,0.02297148108482361,793.64892578125,557.8998413085938,0.9993343949317932,551.6980590820312,566.1093139648438,0.9971796274185181,509.9969177246094,587.0699462890625,0.9991405010223389,557.34765625,567.9339599609375,0.04914960265159607,549.8741455078125,588.825927734375,0.06497883796691895,608.1696166992188,570.8076171875,0.9990592002868652,609.5354614257812,571.1289672851562,0.026767611503601074,637.5202026367188,546.2571411132812,0.0394151508808136,639.5891723632812,547.6580810546875,0.8177147507667542,635.2783203125,542.3508911132812,0.005285054445266724
1488,300.9046630859375,479.04705810546875,0.9999098181724548,557.2928466796875,554.4625854492188,0.02968260645866394,793.7662353515625,557.6141357421875,0.9992927312850952,552.1202392578125,565.845947265625,0.9967020750045776,510.39056396484375,587.1563720703125,0.998968243598938,557.2661743164062,567.8759765625,0.08128154277801514,550.1965942382812,588.783447265625,0.0710686445236206,609.615478515625,570.0685424804688,0.9988383054733276,609.7056274414062,570.6076049804688,0.030089199542999268,637.4310302734375,546.9064331054688,0.03215670585632324,639.7561645507812,548.0032958984375,0.7864606380462646,556.922119140625,556.3580322265625,0.005291283130645752
1489,300.98516845703125,479.04913330078125,0.9998706579208374,556.8895263671875,554.8934326171875,0.029860228300094604,793.794677734375,557.80859375,0.999350905418396,552.3552856445312,565.6597900390625,0.9957667589187622,510.1915588378906,587.3186645507812,0.9990531206130981,557.9871826171875,567.6456909179688,0.07104963064193726,550.059814453125,588.6211547851562,0.08178132772445679,608.4212646484375,570.6223754882812,0.9991424083709717,609.6728515625,570.929931640625,0.02950650453567505,637.4261474609375,546.5143432617188,0.03347516059875488,639.4819946289062,547.7739868164062,0.8598020076751709,557.0091552734375,556.2382202148438,0.0058560967445373535
1490,300.7219543457031,479.12371826171875,0.9999010562896729,557.177978515625,554.7699584960938,0.030249685049057007,793.9541015625,557.7757568359375,0.9991934895515442,552.0634155273438,565.3900146484375,0.9959093928337097,510.795654296875,587.134765625,0.9983953833580017,557.4141235351562,567.5501098632812,0.06789404153823853,550.6246337890625,588.6307983398438,0.07375183701515198,608.8877563476562,570.4291381835938,0.9990450739860535,609.7531127929688,570.7543334960938,0.02786216139793396,637.8966064453125,546.1848754882812,0.04027780890464783,640.07080078125,547.5210571289062,0.834610104560852,557.0252685546875,556.3864135742188,0.005876511335372925
1491,300.79888916015625,479.09185791015625,0.9998683929443359,556.677490234375,554.7612915039062,0.02555409073829651,794.0992431640625,557.6242065429688,0.9993588924407959,552.235107421875,565.8153686523438,0.9966097474098206,510.25628662109375,587.5060424804688,0.9987947940826416,558.0573120117188,567.544921875,0.06054854393005371,549.163330078125,588.8290405273438,0.06724509596824646,608.4284057617188,570.6849365234375,0.9992048740386963,609.669921875,571.0242919921875,0.025524944067001343,638.4658203125,546.0091552734375,0.04784277081489563,639.2243041992188,547.303466796875,0.8587957620620728,635.623291015625,542.2008056640625,0.005631387233734131
1492,300.81561279296875,479.141357421875,0.9998425245285034,295.6092834472656,478.9948425292969,0.025287985801696777,793.59033203125,558.2127685546875,0.9994004368782043,555.52490234375,565.894287109375,0.9967638254165649,510.12176513671875,587.5709838867188,0.9986414909362793,558.5512084960938,567.5370483398438,0.06259796023368835,549.857177734375,588.8726196289062,0.07402965426445007,607.9954833984375,570.7030029296875,0.9990228414535522,609.4656372070312,571.02001953125,0.023782581090927124,637.4617919921875,546.7190551757812,0.0452839732170105,639.351318359375,547.9660034179688,0.8529846668243408,635.475830078125,542.2876586914062,0.005655795335769653
1493,300.87158203125,478.7844543457031,0.9998239278793335,556.470703125,554.8259887695312,0.027126669883728027,793.9443969726562,557.9080810546875,0.9992749691009521,555.8286743164062,565.8570556640625,0.9960008859634399,510.1701965332031,587.392578125,0.9989513158798218,558.5012817382812,567.4384155273438,0.052799612283706665,550.08349609375,588.6840209960938,0.08579123020172119,608.462158203125,570.625,0.9989612102508545,609.5743408203125,570.8582763671875,0.02645951509475708,637.1446533203125,547.2844848632812,0.025485903024673462,639.5061645507812,547.9397583007812,0.7914605736732483,557.0509643554688,556.28369140625,0.005514711141586304
1494,300.68536376953125,479.0664978027344,0.9998736381530762,557.0415649414062,554.7979125976562,0.026553601026535034,793.7901000976562,558.0369873046875,0.999472975730896,555.5938720703125,566.010498046875,0.9967038631439209,510.1240539550781,587.2960815429688,0.9988537430763245,558.3349609375,567.4747314453125,0.061953723430633545,549.5189819335938,588.6749877929688,0.08505478501319885,608.259033203125,570.90869140625,0.9991497993469238,609.5791625976562,571.1453857421875,0.026551365852355957,637.6428833007812,546.6842041015625,0.04311269521713257,639.3992919921875,547.7978515625,0.8508886098861694,635.4859008789062,542.2941284179688,0.005610108375549316
1495,300.7882080078125,478.7228088378906,0.9998437762260437,556.9512329101562,554.8619384765625,0.03135916590690613,794.30419921875,558.4736328125,0.9993584156036377,552.41796875,565.7387084960938,0.9953086972236633,510.39068603515625,587.5287475585938,0.9989968538284302,557.8905029296875,567.650146484375,0.05452418327331543,550.1671142578125,588.7492065429688,0.08657020330429077,608.6280517578125,570.4600830078125,0.9990452527999878,609.8887329101562,570.8380737304688,0.03000679612159729,638.0003051757812,546.451416015625,0.03405940532684326,640.246826171875,547.6133422851562,0.8556480407714844,557.1190185546875,556.4212036132812,0.006035804748535156
1496,300.79779052734375,478.759033203125,0.9998397827148438,556.9346923828125,555.08740234375,0.02778872847557068,794.0112915039062,557.665283203125,0.9993319511413574,552.1473999023438,565.5507202148438,0.9960312843322754,510.1105041503906,587.3013305664062,0.9988796710968018,558.1783447265625,567.4312744140625,0.05726239085197449,549.9431762695312,588.7377319335938,0.10679295659065247,608.1118774414062,570.9366455078125,0.9991394281387329,609.5829467773438,571.178955078125,0.030738651752471924,637.031494140625,546.6736450195312,0.036581188440322876,639.6925048828125,547.6971435546875,0.8178715705871582,557.0025634765625,556.3566284179688,0.005794495344161987
1497,300.8507995605469,478.8365173339844,0.9998299479484558,557.32666015625,554.6972045898438,0.02735808491706848,793.9551391601562,557.77783203125,0.9993759393692017,551.5858764648438,565.6021118164062,0.9967767596244812,510.2323913574219,587.4879150390625,0.999235987663269,557.2767333984375,567.598876953125,0.06931814551353455,549.9798583984375,588.7836303710938,0.07910868525505066,608.9617309570312,570.3862915039062,0.999135434627533,609.9002075195312,570.8705444335938,0.02970781922340393,637.80517578125,546.3756713867188,0.044739484786987305,639.8463745117188,547.713623046875,0.8579049706459045,635.3906860351562,542.3383178710938,0.005777806043624878
1498,300.98626708984375,478.82391357421875,0.9998577833175659,557.5455932617188,554.6123046875,0.0259973406791687,793.4529418945312,557.7697143554688,0.9991960525512695,551.8029174804688,565.4185791015625,0.9967432022094727,510.2246398925781,586.9426879882812,0.9990166425704956,556.8916015625,567.5820922851562,0.09741905331611633,549.7760009765625,589.0052490234375,0.1032472550868988,609.8056640625,570.0770263671875,0.9988568425178528,609.9481811523438,570.6783447265625,0.02945876121520996,637.988525390625,546.6201171875,0.04193255305290222,639.9141235351562,547.4281005859375,0.8429266214370728,635.4931640625,542.2390747070312,0.0050723254680633545
1499,300.82666015625,478.7071228027344,0.9998565316200256,565.3547973632812,552.9449462890625,0.02983105182647705,794.4833984375,558.1856689453125,0.9991748332977295,551.4381713867188,565.66552734375,0.9962823390960693,510.20758056640625,586.764892578125,0.9991693496704102,557.2435302734375,567.812255859375,0.06635281443595886,550.414306640625,588.7073974609375,0.10576972365379333,608.4285278320312,570.5541381835938,0.9989358186721802,609.6198120117188,570.9255981445312,0.02415066957473755,637.8878784179688,546.8651733398438,0.0309581458568573,639.9517822265625,548.073974609375,0.8552811145782471,557.0249633789062,556.593017578125,0.0054059624671936035
1500,300.87017822265625,478.8591613769531,0.9998574256896973,557.1434326171875,554.8483276367188,0.02642795443534851,793.8239135742188,559.0928344726562,0.9993225336074829,551.6806640625,565.6574096679688,0.9968620538711548,510.1515808105469,587.1985473632812,0.9989597201347351,557.1532592773438,567.7721557617188,0.054701268672943115,550.126953125,588.962890625,0.05331096053123474,609.1350708007812,570.456787109375,0.9988155364990234,610.1237182617188,570.896484375,0.02910277247428894,637.7499389648438,546.6305541992188,0.035139888525009155,639.8392944335938,547.702392578125,0.7949801087379456,556.8729858398438,556.4466552734375,0.00487104058265686
1501,300.851318359375,478.88330078125,0.999849796295166,557.0598754882812,554.7611083984375,0.025464028120040894,793.3526611328125,557.7047119140625,0.9992099404335022,551.5569458007812,565.557373046875,0.9972696304321289,510.210693359375,587.3824462890625,0.9991223812103271,556.9700927734375,567.4977416992188,0.07997646927833557,550.025634765625,588.9061889648438,0.08032900094985962,607.6389770507812,571.0836181640625,0.9989748001098633,609.163330078125,571.222900390625,0.025298357009887695,638.2991333007812,546.5206909179688,0.04648396372795105,640.1173095703125,547.562255859375,0.8467869758605957,635.5706176757812,542.1896362304688,0.005939066410064697
1502,301.10357666015625,479.0270080566406,0.9998265504837036,557.09814453125,555.0123291015625,0.026683300733566284,793.3873291015625,558.0305786132812,0.9992618560791016,551.9706420898438,565.7236328125,0.9968485832214355,509.9844665527344,586.8523559570312,0.9988459348678589,557.3711547851562,567.805419921875,0.07549306750297546,549.621826171875,588.7084350585938,0.06800901889801025,607.8939819335938,571.066162109375,0.9990404844284058,609.3087158203125,571.2051391601562,0.021180778741836548,637.4774169921875,546.8939208984375,0.024277150630950928,639.7102661132812,548.2169189453125,0.836859941482544,556.9140014648438,556.536376953125,0.005614727735519409
1503,301.0055236816406,478.949951171875,0.9998681545257568,557.2546997070312,554.9360961914062,0.02463698387145996,793.3422241210938,557.8048706054688,0.9991161823272705,551.6886596679688,565.6852416992188,0.9967440366744995,509.82415771484375,587.6356811523438,0.99889075756073,557.2871704101562,567.6259155273438,0.07495960593223572,549.8180541992188,588.751220703125,0.08321389555931091,609.155029296875,570.646240234375,0.9991859197616577,610.05615234375,570.9667358398438,0.02883186936378479,637.8980102539062,546.5054931640625,0.04594701528549194,640.0657958984375,547.5433349609375,0.8540420532226562,635.5550537109375,542.1907958984375,0.00539243221282959
1504,301.33538818359375,478.9676513671875,0.9998511075973511,557.4205322265625,554.778564453125,0.02641734480857849,793.4515380859375,557.442626953125,0.9991178512573242,551.437255859375,565.3585205078125,0.9968568682670593,509.83111572265625,587.7274780273438,0.9989359378814697,556.8439331054688,567.6509399414062,0.09310826659202576,549.7570190429688,588.7406005859375,0.09844431281089783,607.9430541992188,570.985595703125,0.9990869164466858,609.37890625,571.0651245117188,0.023013323545455933,637.395263671875,546.5577392578125,0.03302502632141113,639.6028442382812,547.787109375,0.8633589744567871,556.79296875,556.4781494140625,0.00550040602684021
1505,301.1134948730469,478.6513366699219,0.9998666048049927,557.1691284179688,554.4459228515625,0.028978824615478516,793.3274536132812,557.853271484375,0.9992679357528687,551.8690185546875,565.432373046875,0.9972058534622192,510.0168151855469,587.7267456054688,0.9991445541381836,557.45751953125,567.4503784179688,0.08312898874282837,549.287841796875,588.987060546875,0.0966886579990387,608.5072631835938,570.6646118164062,0.9990906715393066,609.6624145507812,570.865234375,0.024021029472351074,637.3765258789062,546.6634521484375,0.028642207384109497,639.6953735351562,547.9977416992188,0.8540866374969482,556.8180541992188,556.3362426757812,0.005743086338043213
1506,301.1147766113281,478.6141662597656,0.9998834133148193,557.2051391601562,554.629638671875,0.031206965446472168,793.911376953125,558.0955810546875,0.9991616010665894,551.3814086914062,565.4696655273438,0.9962199330329895,510.0145568847656,587.5405883789062,0.9991068840026855,557.0122680664062,567.3285522460938,0.09049525856971741,549.65673828125,588.619384765625,0.12113180756568909,609.2581787109375,570.1203002929688,0.9988565444946289,610.2923583984375,570.5661010742188,0.03042072057723999,637.5198974609375,546.6981201171875,0.03359353542327881,639.8812255859375,547.8277587890625,0.8517428636550903,556.841064453125,556.3054809570312,0.005960822105407715
1507,301.10650634765625,478.5079040527344,0.9998303651809692,557.1239624023438,554.6817626953125,0.027722060680389404,793.9271240234375,558.4334716796875,0.9991958141326904,551.5103149414062,565.2802734375,0.9968430995941162,510.0729675292969,587.481689453125,0.9990341663360596,557.2091064453125,567.226806640625,0.08034291863441467,549.6154174804688,588.8236694335938,0.10939231514930725,609.037841796875,570.2593994140625,0.9989378452301025,610.1397705078125,570.547607421875,0.03295817971229553,637.7409057617188,546.693359375,0.038851767778396606,639.7166748046875,547.839599609375,0.8498363494873047,556.76171875,556.240966796875,0.0057693421840667725
1508,301.2137756347656,478.74346923828125,0.9998572468757629,557.396484375,554.6671142578125,0.02417120337486267,794.22509765625,559.0865478515625,0.9993268251419067,551.64111328125,565.419677734375,0.995834469795227,510.0313720703125,587.4012451171875,0.9991012811660767,557.040283203125,567.4866943359375,0.0883270800113678,549.8648071289062,588.9188842773438,0.10586380958557129,608.9530639648438,570.279541015625,0.9988195896148682,609.86328125,570.6200561523438,0.035378456115722656,637.58447265625,547.174072265625,0.03241655230522156,639.5817260742188,548.2032470703125,0.8402131199836731,301.09100341796875,475.6122741699219,0.004885554313659668
1509,301.1372375488281,478.61456298828125,0.9998393058776855,557.3795166015625,554.711181640625,0.02742883563041687,794.1465454101562,559.177734375,0.9991469979286194,551.3978271484375,565.2349243164062,0.9968161582946777,510.3149719238281,587.4436645507812,0.9991576671600342,556.8995361328125,567.3419799804688,0.09627276659011841,549.8889770507812,588.8560791015625,0.11993160843849182,610.3563232421875,570.0393676757812,0.998944103717804,610.1674194335938,570.56640625,0.03181803226470947,638.5509643554688,546.2589111328125,0.04755681753158569,639.0452880859375,547.3422241210938,0.8843019008636475,556.8887939453125,556.3821411132812,0.005493611097335815
1510,301.42474365234375,478.4015197753906,0.9998289942741394,557.5164794921875,554.5733642578125,0.0300140380859375,794.2796020507812,558.6688842773438,0.9992579221725464,551.6865844726562,565.5054321289062,0.9966980218887329,509.9250793457031,587.1735229492188,0.9991861581802368,556.9826049804688,567.6785888671875,0.09522861242294312,549.6953125,588.9310302734375,0.1154310405254364,608.775634765625,570.5464477539062,0.9988468289375305,609.9378662109375,570.861572265625,0.029014676809310913,637.9381103515625,546.9739990234375,0.03777042031288147,639.6787719726562,547.79248046875,0.8878747224807739,556.9786376953125,556.3988647460938,0.005444705486297607
1511,301.5837097167969,478.22674560546875,0.9998424053192139,557.5580444335938,554.6860961914062,0.03341853618621826,793.4551391601562,557.5535888671875,0.9992378354072571,551.0849609375,565.6100463867188,0.9966411590576172,509.6888122558594,587.572265625,0.9990438222885132,556.6082763671875,567.640625,0.10234391689300537,549.7924194335938,589.13037109375,0.09192100167274475,609.0059814453125,570.2991333007812,0.9990870952606201,609.9749755859375,570.7435302734375,0.029714524745941162,637.8629760742188,546.833984375,0.0351223349571228,639.6660766601562,547.8392333984375,0.8703787922859192,556.9658813476562,556.3452758789062,0.006202757358551025
1512,301.6445007324219,478.2794494628906,0.9998319149017334,557.2766723632812,554.8558959960938,0.027906477451324463,793.6841430664062,558.8438720703125,0.9994509816169739,551.384521484375,565.1359252929688,0.9964277148246765,510.57171630859375,586.8829956054688,0.9990259408950806,556.6680297851562,567.1429443359375,0.08651551604270935,550.2628173828125,588.7411499023438,0.1162741482257843,608.5977172851562,570.5642700195312,0.9989715814590454,609.6708374023438,570.7413330078125,0.027258366346359253,637.8372192382812,546.9974975585938,0.03109261393547058,639.577880859375,547.764404296875,0.858032763004303,556.925048828125,556.405029296875,0.005667388439178467
1513,301.70220947265625,478.3469543457031,0.9998555183410645,557.0552368164062,554.7646484375,0.028057575225830078,793.6338500976562,559.2964477539062,0.9992650151252747,551.357421875,565.1927490234375,0.9965164661407471,510.2578125,587.019775390625,0.9990719556808472,556.7840576171875,567.2982788085938,0.0816946029663086,550.1771850585938,588.7098999023438,0.09652763605117798,609.1707763671875,570.3628540039062,0.9992667436599731,610.18505859375,570.7973022460938,0.03105294704437256,637.8920288085938,546.6621704101562,0.0427287220954895,639.440185546875,547.9185180664062,0.8935335874557495,635.4262084960938,542.2070922851562,0.005369752645492554
1514,301.77972412109375,478.18310546875,0.999886155128479,557.5972290039062,554.45556640625,0.02462807297706604,793.6580200195312,558.3394775390625,0.9991434812545776,551.0694580078125,565.298095703125,0.997218906879425,509.6802673339844,587.2972412109375,0.9992209672927856,556.2450561523438,567.2864990234375,0.09515464305877686,549.6600341796875,588.9673461914062,0.1099240779876709,608.8115844726562,570.4085083007812,0.9987790584564209,609.914306640625,570.6806030273438,0.032105058431625366,637.735107421875,546.6553344726562,0.0498584508895874,639.1854248046875,547.8755493164062,0.8459075689315796,635.556640625,542.2589111328125,0.005547314882278442
1515,301.53662109375,478.1918640136719,0.9998766183853149,557.6452026367188,554.5153198242188,0.02835482358932495,794.0737915039062,558.5521850585938,0.999111533164978,551.4718627929688,565.6024169921875,0.9962404370307922,509.70416259765625,588.0442504882812,0.9991707801818848,556.8245239257812,567.6651611328125,0.10431072115898132,549.8151245117188,588.7485961914062,0.1636745035648346,608.267822265625,570.7955932617188,0.9987444281578064,609.4661254882812,570.9678955078125,0.02498185634613037,637.9044189453125,547.1251220703125,0.045770347118377686,639.4312744140625,547.8563842773438,0.865054726600647,635.6044311523438,542.1368408203125,0.005402028560638428
1516,301.56201171875,478.20770263671875,0.9998631477355957,557.53955078125,554.4948120117188,0.028722286224365234,793.1213989257812,558.6387939453125,0.9995788335800171,551.5567626953125,565.2387084960938,0.9965195059776306,510.1214904785156,587.526611328125,0.999108076095581,556.936279296875,567.5050659179688,0.10694432258605957,549.6563720703125,588.6351318359375,0.14669319987297058,608.6422729492188,570.782958984375,0.9989515542984009,609.7716064453125,571.0081787109375,0.02654474973678589,637.5400390625,547.2960815429688,0.03438404202461243,639.3971557617188,548.3221435546875,0.8477038741111755,557.0640258789062,556.5046997070312,0.005207031965255737
1517,301.69256591796875,477.99566650390625,0.9998856782913208,557.6165771484375,554.6876220703125,0.03396451473236084,794.1139526367188,558.994384765625,0.9993233680725098,551.209228515625,565.6165771484375,0.9954802393913269,510.3744201660156,587.6292114257812,0.9991260766983032,556.56787109375,567.7730712890625,0.1131090521812439,549.8267211914062,588.9541625976562,0.12323775887489319,608.4552612304688,571.0321044921875,0.998917818069458,609.5347900390625,571.14306640625,0.022276610136032104,638.3108520507812,546.88330078125,0.04747438430786133,639.6194458007812,547.7821655273438,0.8577383756637573,556.916748046875,556.42822265625,0.0058443546295166016
1518,301.4171142578125,478.1966552734375,0.9998418092727661,557.6430053710938,554.6607666015625,0.032286614179611206,793.6051635742188,558.7686767578125,0.9994703531265259,551.5086059570312,565.382080078125,0.9961239695549011,509.96148681640625,587.3551635742188,0.999178409576416,556.7621459960938,567.6292724609375,0.10971665382385254,549.9467163085938,588.5777587890625,0.125434011220932,608.6229248046875,570.4385986328125,0.9986811876296997,609.54443359375,570.82275390625,0.02536940574645996,638.1672973632812,546.7073974609375,0.04459422826766968,639.0845336914062,548.0235595703125,0.8335340023040771,556.8976440429688,556.4872436523438,0.0061836838722229
1519,301.7098693847656,478.19537353515625,0.999863862991333,557.0936279296875,554.7315673828125,0.026474177837371826,793.992919921875,558.2464599609375,0.9993856549263,551.0770874023438,565.3995361328125,0.9964334964752197,510.2183837890625,587.4869384765625,0.9992365837097168,556.5025024414062,567.6319580078125,0.08832177519798279,549.7589721679688,589.1685791015625,0.13072991371154785,608.53369140625,570.5194702148438,0.9987004399299622,609.7610473632812,570.799072265625,0.02491709589958191,637.85498046875,546.4885864257812,0.0502849817276001,639.4044799804688,547.6912841796875,0.8369932174682617,556.8158569335938,556.3214111328125,0.0054413676261901855
1520,301.8081359863281,477.9720153808594,0.9998420476913452,556.6419677734375,554.6918334960938,0.03217276930809021,793.663330078125,558.3568115234375,0.9994782209396362,552.0984497070312,565.3008422851562,0.995079755783081,509.8964538574219,587.6491088867188,0.9992178082466125,557.8310546875,567.5585327148438,0.09140506386756897,549.5687255859375,589.0557861328125,0.15003037452697754,608.8929443359375,570.5733032226562,0.9990289211273193,610.0321044921875,570.9625244140625,0.02495521306991577,637.8051147460938,546.478759765625,0.059332430362701416,638.6693115234375,547.7312622070312,0.860424280166626,557.1954345703125,556.1948852539062,0.005979567766189575
1521,301.58660888671875,478.1297912597656,0.9998334646224976,557.068115234375,554.6257934570312,0.03174665570259094,793.8211059570312,558.56103515625,0.999231219291687,551.9417114257812,565.4560546875,0.9960017800331116,509.9289245605469,587.7533569335938,0.9992116689682007,557.2471923828125,567.5810546875,0.11070847511291504,549.4920654296875,589.021240234375,0.13292118906974792,607.8115234375,570.9602661132812,0.9986109733581543,609.130859375,571.3171997070312,0.02053549885749817,638.0161743164062,546.5615844726562,0.05034530162811279,639.6058959960938,547.634765625,0.8641000390052795,557.029296875,556.3783569335938,0.006014764308929443
1522,301.6749267578125,477.72967529296875,0.9998482465744019,557.927978515625,554.233154296875,0.033564746379852295,793.5089721679688,558.4363403320312,0.9995395541191101,551.1243896484375,565.4317016601562,0.9959287643432617,510.2657470703125,587.3719482421875,0.9991691708564758,556.33740234375,567.7130126953125,0.12335088849067688,550.1104125976562,589.3091430664062,0.08897823095321655,608.9761962890625,570.511962890625,0.9988218545913696,609.9100952148438,570.9035034179688,0.0220564603805542,638.169921875,546.5541381835938,0.05872458219528198,639.0045776367188,547.8538208007812,0.8549113869667053,556.9396362304688,556.44189453125,0.005655944347381592
1523,301.9781494140625,477.7339782714844,0.9998233318328857,557.6128540039062,554.4171752929688,0.03014904260635376,793.7708740234375,558.6376342773438,0.9994899034500122,551.59228515625,565.298583984375,0.9956403970718384,509.7335205078125,587.1985473632812,0.9989674091339111,556.8734130859375,567.5436401367188,0.11093327403068542,549.7727661132812,588.9412231445312,0.10806724429130554,609.1576538085938,570.322021484375,0.9989795088768005,610.1150512695312,570.804443359375,0.025656938552856445,637.9474487304688,546.5276489257812,0.04496610164642334,639.7579345703125,547.5985107421875,0.841392993927002,635.5781860351562,542.1481323242188,0.005608737468719482
1524,301.9291076660156,477.5291442871094,0.9998267292976379,557.6866455078125,554.547607421875,0.03066962957382202,793.4522705078125,558.7018432617188,0.9996161460876465,551.4348754882812,565.4068603515625,0.9959046840667725,509.6299133300781,587.4363403320312,0.9989510178565979,556.5739135742188,567.5274047851562,0.10325589776039124,549.7531127929688,589.0167846679688,0.12946674227714539,608.156982421875,571.2060546875,0.9992326498031616,609.5706176757812,571.2616577148438,0.026585102081298828,637.9515380859375,546.78662109375,0.04820603132247925,639.6805419921875,547.8424072265625,0.8330373167991638,635.5573120117188,542.0942993164062,0.006120473146438599
1525,301.7374267578125,477.4252014160156,0.9998177289962769,556.9902954101562,554.5000610351562,0.02998274564743042,794.0535888671875,558.5681762695312,0.9993124604225159,551.687744140625,565.2779541015625,0.9946837425231934,510.1303405761719,587.4099731445312,0.9992568492889404,556.6156005859375,567.5654907226562,0.12725993990898132,550.2830810546875,588.9522705078125,0.10682487487792969,608.0343627929688,570.9118041992188,0.9988968372344971,609.5249633789062,571.07373046875,0.02148309350013733,637.6690063476562,546.7552490234375,0.04678177833557129,639.3095703125,548.105224609375,0.8737971782684326,635.3893432617188,542.2932739257812,0.005669236183166504
1526,301.5862731933594,477.52593994140625,0.9998661279678345,557.8111572265625,554.5576782226562,0.029489338397979736,793.6541137695312,558.8211059570312,0.9993466138839722,551.8890380859375,565.1870727539062,0.9965590238571167,509.6949462890625,587.0578002929688,0.9991191625595093,556.5585327148438,567.5183715820312,0.09768816828727722,549.849853515625,588.685546875,0.09812745451927185,608.6319580078125,570.857666015625,0.9989906549453735,609.8878784179688,571.2115478515625,0.023809373378753662,637.353271484375,546.3303833007812,0.05247589945793152,639.1519775390625,547.65625,0.835163950920105,557.0936279296875,556.53173828125,0.0059480369091033936
1527,301.6475830078125,477.24786376953125,0.9998575448989868,557.9752807617188,554.4510498046875,0.0299089252948761,793.9837646484375,559.0547485351562,0.9993287324905396,551.0353393554688,565.5059204101562,0.9964933395385742,509.78277587890625,587.4285278320312,0.9991276264190674,556.0546264648438,567.7037963867188,0.12200376391410828,549.6435546875,589.0113525390625,0.12808161973953247,608.7019653320312,570.374267578125,0.9989548325538635,609.908203125,570.6541748046875,0.02478775382041931,637.7890014648438,546.8062133789062,0.03982052206993103,639.7262573242188,547.8082885742188,0.8467763662338257,556.9481811523438,556.54296875,0.005164623260498047
1528,301.72637939453125,477.25238037109375,0.9998607039451599,557.9757690429688,554.3556518554688,0.02829030156135559,793.7581176757812,558.9818115234375,0.9993922710418701,551.4576416015625,565.4732666015625,0.9953517317771912,509.4861145019531,587.6770629882812,0.9990824460983276,556.4174194335938,567.8141479492188,0.11985859274864197,549.6444702148438,589.1332397460938,0.11416172981262207,608.018798828125,570.7635498046875,0.9985835552215576,609.4349365234375,570.9199829101562,0.022319167852401733,637.4805297851562,546.87353515625,0.03467258810997009,639.5303955078125,547.8796997070312,0.8491333723068237,557.1522827148438,556.6264038085938,0.005085974931716919
1529,301.6913757324219,477.2834167480469,0.999847412109375,557.3687744140625,554.6444702148438,0.02866947650909424,793.921142578125,558.533935546875,0.9995183944702148,551.4210205078125,565.5166625976562,0.9955496788024902,509.5069274902344,587.3297729492188,0.9991801977157593,556.4663696289062,567.7559204101562,0.1097593605518341,549.5474853515625,589.21240234375,0.11439108848571777,607.3048095703125,570.9016723632812,0.9988981485366821,609.192626953125,571.2406616210938,0.01651802659034729,637.4468994140625,546.9988403320312,0.045724570751190186,639.1568603515625,547.90771484375,0.8839881420135498,635.4339599609375,542.0680541992188,0.005364596843719482
1530,301.7502136230469,477.13348388671875,0.9998762607574463,556.358154296875,554.211669921875,0.028458476066589355,793.5365600585938,558.0985717773438,0.9995309114456177,551.9853515625,565.1699829101562,0.9959644675254822,509.9944763183594,587.5446166992188,0.9992620944976807,557.7149047851562,567.6671752929688,0.10318699479103088,549.0828247070312,588.8973388671875,0.1551661193370819,608.6871337890625,570.5090942382812,0.9988014698028564,609.9693603515625,570.7836303710938,0.02365824580192566,637.6766357421875,546.7133178710938,0.04295167326927185,639.522216796875,547.6548461914062,0.855720043182373,556.984130859375,556.3411254882812,0.005778312683105469
1531,301.4543762207031,477.059814453125,0.9998565912246704,557.465087890625,554.5785522460938,0.029441416263580322,793.1066284179688,558.4894409179688,0.9994847774505615,551.4479370117188,565.3610229492188,0.9946749210357666,509.582275390625,587.9698486328125,0.9991239309310913,556.81591796875,567.60888671875,0.09598183631896973,549.4576416015625,588.8450927734375,0.14239570498466492,608.034912109375,570.6746826171875,0.9982616901397705,609.341552734375,570.9551391601562,0.019229471683502197,638.0010986328125,546.8768310546875,0.0424196720123291,639.7161865234375,547.6945190429688,0.8748596906661987,557.1022338867188,556.6298217773438,0.005404829978942871
1532,301.4942932128906,477.1745300292969,0.9998515844345093,557.5765991210938,554.635986328125,0.03437909483909607,793.9126586914062,557.6426391601562,0.9993674755096436,551.64990234375,565.7862548828125,0.9959883689880371,509.35577392578125,587.7565307617188,0.9990378022193909,556.9597778320312,568.0167846679688,0.11702188849449158,548.872802734375,588.9319458007812,0.15966755151748657,607.14990234375,571.3914794921875,0.9984217882156372,608.9517211914062,571.4959716796875,0.01907867193222046,637.7469482421875,546.3890991210938,0.05467841029167175,639.5782470703125,547.5703735351562,0.8726555109024048,557.1270141601562,556.5952758789062,0.00590166449546814
1533,301.9176025390625,477.1557922363281,0.9998592138290405,556.9887084960938,554.4133911132812,0.03436419367790222,793.313232421875,557.6653442382812,0.9995383024215698,551.54736328125,565.9866943359375,0.9967119693756104,509.7969665527344,587.7685546875,0.9989518523216248,557.2047119140625,567.9637451171875,0.07640236616134644,549.3446655273438,589.0009765625,0.0935232937335968,608.2950439453125,570.6620483398438,0.9988425970077515,609.821044921875,570.7147216796875,0.02405831217765808,637.5324096679688,546.4619140625,0.04425084590911865,639.5797119140625,547.515380859375,0.8950775861740112,557.04443359375,556.4996948242188,0.005371153354644775
1534,302.0593566894531,476.79693603515625,0.999860405921936,557.4847412109375,554.2792358398438,0.0300961434841156,793.42431640625,557.6914672851562,0.9995325803756714,551.3419189453125,565.2725219726562,0.9962884783744812,509.5536804199219,587.6246337890625,0.9989078044891357,556.4493408203125,567.7476196289062,0.12286072969436646,549.1697387695312,589.0872802734375,0.15802448987960815,607.40087890625,571.0721435546875,0.9986251592636108,609.1889038085938,571.2534790039062,0.018850624561309814,637.5621948242188,546.8655395507812,0.04557183384895325,639.1190185546875,547.85791015625,0.9180212020874023,557.0126342773438,556.384521484375,0.005293995141983032
1535,302.568603515625,476.8562927246094,0.9998683929443359,558.11328125,554.3984375,0.029103517532348633,793.6731567382812,557.9541625976562,0.9993851184844971,550.6405029296875,565.5,0.9947385787963867,509.3692321777344,587.9982299804688,0.9989233016967773,555.8175048828125,567.8658447265625,0.11225634813308716,550.1383056640625,589.1114501953125,0.12885591387748718,607.298583984375,571.1797485351562,0.9984132051467896,609.1515502929688,571.3831176757812,0.01873454451560974,637.3177490234375,546.5262451171875,0.046012312173843384,639.020263671875,547.82177734375,0.9243087768554688,635.2366943359375,542.196044921875,0.005909055471420288
1536,302.4248046875,476.73663330078125,0.9998707175254822,557.3668823242188,554.353515625,0.030954360961914062,793.492919921875,557.9246826171875,0.9995288848876953,551.2705078125,565.3038940429688,0.9964704513549805,509.1771240234375,587.6278686523438,0.998875617980957,556.2830200195312,567.6420288085938,0.09600567817687988,549.55224609375,588.7595825195312,0.16121959686279297,607.7494506835938,570.996826171875,0.9985933899879456,609.4509887695312,571.2109985351562,0.022311300039291382,637.1021118164062,546.6886596679688,0.05314159393310547,638.8187866210938,548.052490234375,0.913771390914917,635.1593017578125,542.108642578125,0.005897879600524902
1537,302.0562744140625,476.4041748046875,0.9998146295547485,557.9369506835938,554.531982421875,0.031125694513320923,793.4534912109375,558.337646484375,0.9996209144592285,551.3533935546875,565.4324340820312,0.9957690238952637,509.35833740234375,587.616943359375,0.9990403652191162,556.4846801757812,567.6321411132812,0.12340030074119568,549.6103515625,588.9832153320312,0.13718187808990479,607.5674438476562,571.033935546875,0.9980979561805725,609.1505126953125,571.2686157226562,0.02117219567298889,637.4834594726562,546.759521484375,0.053597986698150635,639.3536987304688,547.7354736328125,0.8802280426025391,635.4110107421875,542.1200561523438,0.005869805812835693
1538,302.1507873535156,476.6644592285156,0.9998283982276917,557.61865234375,554.4288940429688,0.03038102388381958,793.7310791015625,558.1205444335938,0.9994905591011047,551.4288330078125,565.5704345703125,0.9956490993499756,509.17236328125,587.7572021484375,0.9991220235824585,556.6466674804688,567.8020629882812,0.11384430527687073,549.3161010742188,588.9818725585938,0.13956767320632935,608.5439453125,570.623291015625,0.9986121654510498,609.7625732421875,571.0883178710938,0.025097280740737915,637.838623046875,546.58935546875,0.0630081295967102,639.3114624023438,547.55810546875,0.8810181617736816,635.4130859375,542.0450439453125,0.005568593740463257
1539,302.2242126464844,476.7740478515625,0.9998348951339722,557.8386840820312,554.585693359375,0.031849294900894165,793.5830078125,558.1561889648438,0.9995157718658447,551.8695678710938,565.6817016601562,0.9961308836936951,509.1540832519531,587.6549682617188,0.9989999532699585,557.0214233398438,567.8671875,0.10889306664466858,549.2744750976562,588.9507446289062,0.15115931630134583,607.1661376953125,571.1346435546875,0.9984104633331299,609.1262817382812,571.2919921875,0.020470261573791504,637.439453125,546.687255859375,0.057530343532562256,638.96044921875,547.7850952148438,0.9113479256629944,635.33935546875,542.04248046875,0.005952715873718262
1540,302.48016357421875,476.39801025390625,0.9998619556427002,557.6589965820312,554.2550048828125,0.03255099058151245,793.319580078125,558.0770874023438,0.9996232986450195,551.317626953125,565.4527587890625,0.9959897994995117,509.30462646484375,588.0496826171875,0.9989088177680969,556.836669921875,567.5521240234375,0.12443986535072327,549.39990234375,588.7659912109375,0.16332140564918518,609.040283203125,570.1740112304688,0.9986436367034912,610.0447387695312,570.6067504882812,0.027898669242858887,637.5665893554688,547.0922241210938,0.029193133115768433,639.498779296875,547.876708984375,0.8421782851219177,557.1121826171875,556.383056640625,0.004748016595840454
1541,302.5626525878906,476.2505798339844,0.9998486042022705,557.762939453125,554.5828857421875,0.0332263708114624,793.39794921875,558.1171264648438,0.9995923638343811,551.4443359375,565.4705810546875,0.9946068525314331,509.0087890625,588.1802368164062,0.9988386631011963,556.982666015625,567.7787475585938,0.1081501841545105,549.5131225585938,588.7169799804688,0.13100850582122803,607.9072875976562,570.6334838867188,0.998611569404602,609.3709716796875,571.0424194335938,0.021289318799972534,637.8223876953125,546.7559204101562,0.05317819118499756,639.218994140625,547.7457885742188,0.8934248089790344,507.9352722167969,589.006591796875,0.005149483680725098
1542,302.5956115722656,476.074462890625,0.9998629093170166,557.6079711914062,554.6895751953125,0.02833688259124756,793.77392578125,557.8231201171875,0.9995526671409607,551.1944580078125,565.4651489257812,0.9951201677322388,508.9505920410156,588.1769409179688,0.998586893081665,556.6029663085938,567.8211059570312,0.11039063334465027,550.0203857421875,588.7809448242188,0.22254899144172668,608.4337158203125,570.9654541015625,0.9984189867973328,609.6767578125,571.3292236328125,0.021112918853759766,637.9515380859375,547.1380004882812,0.045503705739974976,639.1197509765625,548.1627807617188,0.8810698986053467,507.8406066894531,588.8906860351562,0.005273252725601196
1543,302.7863464355469,476.4266052246094,0.9998692274093628,556.965576171875,554.713134765625,0.030812591314315796,793.3720703125,557.4689331054688,0.9995204210281372,551.8655395507812,565.4411010742188,0.9955750703811646,508.95306396484375,588.5157470703125,0.99855637550354,556.7999877929688,567.6909790039062,0.10126066207885742,549.770263671875,588.790771484375,0.1677922010421753,608.1031494140625,570.3447265625,0.9981204867362976,609.6412353515625,570.6736450195312,0.022882074117660522,637.4901123046875,546.855712890625,0.04487663507461548,639.2315063476562,547.8502807617188,0.8609609603881836,635.3488159179688,542.2230834960938,0.005287826061248779
1544,302.5797424316406,476.52398681640625,0.9998651742935181,557.8621826171875,554.618408203125,0.027725577354431152,792.935546875,557.8681030273438,0.9996045827865601,550.7559204101562,565.60986328125,0.9939097166061401,508.56951904296875,588.400634765625,0.9985692501068115,555.8269653320312,568.0057983398438,0.1223686933517456,549.6449584960938,588.9446411132812,0.19163089990615845,608.111572265625,570.8838500976562,0.9978160858154297,609.4990844726562,571.184814453125,0.024805188179016113,637.395751953125,546.6658935546875,0.053746938705444336,639.0107421875,547.9258422851562,0.8749946355819702,635.3197631835938,542.1436157226562,0.00586777925491333
1545,302.4453430175781,476.4872741699219,0.9998844861984253,557.5900268554688,554.7924194335938,0.02521762251853943,793.8900146484375,557.4334106445312,0.9995174407958984,551.6892700195312,565.6924438476562,0.9949328899383545,508.4591064453125,588.7269897460938,0.9988744258880615,556.5863647460938,567.7887573242188,0.10212567448616028,550.0355834960938,588.4986572265625,0.23600682616233826,608.1095581054688,570.8186645507812,0.997382402420044,609.4556274414062,571.2593994140625,0.02424362301826477,637.933349609375,546.49853515625,0.07057470083236694,639.1998291015625,547.7198486328125,0.8846554160118103,635.4270629882812,542.0195922851562,0.006146490573883057
1546,302.6539611816406,476.2702331542969,0.999894917011261,558.1724243164062,554.515380859375,0.025833964347839355,288.8944396972656,575.1097412109375,0.9993648529052734,550.3658447265625,565.7686157226562,0.9955666661262512,508.6739501953125,588.18408203125,0.9986918568611145,555.77490234375,567.99560546875,0.08963355422019958,549.6968383789062,588.8350830078125,0.17862042784690857,607.97265625,570.6400756835938,0.9978073835372925,609.59228515625,571.0944213867188,0.02394568920135498,637.14453125,547.002685546875,0.05472785234451294,638.713134765625,548.3781127929688,0.8927018642425537,635.1525268554688,542.0820922851562,0.005231380462646484
1547,302.8390197753906,476.29571533203125,0.9998698234558105,557.6111450195312,554.9385986328125,0.029216885566711426,792.5797729492188,558.7288208007812,0.9996007680892944,550.9412231445312,565.9124755859375,0.9950965642929077,508.26995849609375,587.9570922851562,0.9986332654953003,556.4827270507812,568.1102905273438,0.09365352988243103,549.398193359375,588.908447265625,0.18991196155548096,607.513427734375,570.9589233398438,0.9983206391334534,609.1162109375,571.384521484375,0.017807036638259888,637.5905151367188,547.1385498046875,0.05719804763793945,638.9571533203125,548.0811157226562,0.8951981067657471,635.4235229492188,542.1401977539062,0.005695462226867676
1548,302.65057373046875,476.2719421386719,0.9998680353164673,557.9954833984375,554.6470336914062,0.027141541242599487,793.2462158203125,558.70458984375,0.9995768070220947,551.0509033203125,565.6704711914062,0.9947682619094849,508.4195861816406,588.1150512695312,0.998446524143219,556.3704223632812,567.9856567382812,0.09855568408966064,549.8629760742188,588.9306640625,0.15537747740745544,607.0664672851562,571.2622680664062,0.9979503154754639,608.6983032226562,571.5791015625,0.015355527400970459,638.2423706054688,546.6612548828125,0.06006845831871033,638.9038696289062,548.0362548828125,0.8833408355712891,635.490234375,542.0206298828125,0.005754053592681885
1549,302.7199401855469,476.24346923828125,0.9998643398284912,557.7194213867188,554.7635498046875,0.028475522994995117,793.4534301757812,557.9882202148438,0.9994320869445801,551.1668701171875,565.79296875,0.9947087168693542,508.26715087890625,587.8701782226562,0.9986159801483154,556.4332275390625,568.005859375,0.10545331239700317,549.3433227539062,588.8088989257812,0.17422935366630554,607.8994750976562,571.0196533203125,0.9983009696006775,609.2860107421875,571.2054443359375,0.0230751633644104,638.1143798828125,546.9177856445312,0.050303757190704346,639.4495849609375,547.8240356445312,0.8787110447883606,507.8265686035156,588.9591064453125,0.005493342876434326
1550,303.103515625,476.43292236328125,0.9998977184295654,557.4896850585938,554.6621704101562,0.021516740322113037,793.484130859375,557.8334350585938,0.9995039701461792,551.10205078125,565.7673950195312,0.9964777231216431,508.4679260253906,588.0682373046875,0.99842768907547,556.3050537109375,567.9428100585938,0.07579439878463745,549.5155639648438,588.7492065429688,0.17857441306114197,607.4353637695312,571.1757202148438,0.9981641173362732,609.2062377929688,571.2332153320312,0.021792709827423096,637.8536376953125,547.0513916015625,0.04814329743385315,639.0172729492188,548.3262329101562,0.8935698866844177,635.3276977539062,542.0759887695312,0.0054992735385894775
1551,303.11407470703125,476.0320129394531,0.9998783469200134,557.5283813476562,554.7203979492188,0.024264484643936157,792.7891235351562,557.6910400390625,0.9996027946472168,551.4371337890625,565.5555419921875,0.9954615831375122,508.6304016113281,588.2471923828125,0.9989396333694458,556.6856689453125,567.77392578125,0.07596701383590698,549.480224609375,588.9208984375,0.17824053764343262,607.3651123046875,571.025146484375,0.9978955984115601,609.1328735351562,571.3630981445312,0.02260005474090576,637.5807495117188,546.570556640625,0.061588019132614136,638.9619750976562,547.8017578125,0.8803392648696899,635.3525390625,542.0261840820312,0.0056143999099731445
1552,303.13629150390625,476.2051086425781,0.9998629093170166,557.3775024414062,554.6805419921875,0.0246240496635437,793.4237670898438,557.4788208007812,0.9994122982025146,551.3251953125,565.5530395507812,0.9948585033416748,508.651611328125,587.4280395507812,0.9986000061035156,556.5457153320312,567.6619873046875,0.0888323187828064,549.8252563476562,588.7266845703125,0.14371085166931152,608.111328125,570.8607788085938,0.9978024959564209,609.3997802734375,571.090087890625,0.024841129779815674,637.2293701171875,547.20751953125,0.052260905504226685,638.483642578125,548.2041625976562,0.8778846859931946,635.3461303710938,542.0820922851562,0.00536462664604187
1553,303.5562438964844,476.29766845703125,0.9998847842216492,557.8212280273438,554.758056640625,0.025658994913101196,793.17333984375,558.0859985351562,0.9994120597839355,551.0625610351562,565.647216796875,0.9949244260787964,508.2961120605469,588.1989135742188,0.9985953569412231,556.0625,567.83837890625,0.09889870882034302,549.4224853515625,588.9335327148438,0.17830738425254822,607.5662841796875,571.0696411132812,0.9982687830924988,609.294921875,571.231689453125,0.02329707145690918,637.3938598632812,546.7211303710938,0.058981627225875854,638.6975708007812,548.0550537109375,0.9086843729019165,635.3280639648438,542.108642578125,0.00600770115852356
1554,303.4777526855469,476.3186950683594,0.9999092817306519,558.0708618164062,554.94140625,0.029797911643981934,793.3715209960938,558.074462890625,0.9996170997619629,550.8106689453125,566.0411376953125,0.9951989650726318,508.4539794921875,588.4351196289062,0.9985793828964233,556.1533813476562,568.1270751953125,0.07208019495010376,549.5684204101562,588.7450561523438,0.1475914716720581,607.8077392578125,570.8106689453125,0.9978034496307373,609.403076171875,571.2916870117188,0.02207919955253601,636.358154296875,546.9658813476562,0.052012622356414795,638.5831298828125,548.2354736328125,0.873263418674469,635.244384765625,542.2091674804688,0.006009936332702637
1555,303.6491394042969,476.1813659667969,0.9999096393585205,558.1846313476562,554.7224731445312,0.03341826796531677,793.526123046875,557.6744384765625,0.9994845390319824,550.5790405273438,565.9335327148438,0.9958304762840271,508.6834716796875,588.1576538085938,0.9987019300460815,555.8558959960938,568.051025390625,0.09980279207229614,550.0886840820312,589.0095825195312,0.12968286871910095,607.4820556640625,570.9998779296875,0.9970354437828064,609.0784912109375,571.2745361328125,0.02139994502067566,637.1103515625,546.79931640625,0.054232239723205566,638.9636840820312,548.001953125,0.8732901811599731,635.3299560546875,542.0819702148438,0.006055563688278198
1556,303.48455810546875,476.0683288574219,0.9998741149902344,564.9036865234375,553.2483520507812,0.030054360628128052,793.4232788085938,558.2551879882812,0.9995157122612,550.6583862304688,565.715087890625,0.9955723285675049,508.4728088378906,588.2825317382812,0.998732328414917,556.2027587890625,567.605712890625,0.08153057098388672,549.5728149414062,588.6832275390625,0.13847839832305908,608.0081176757812,570.5709228515625,0.9977216720581055,609.2196044921875,570.96533203125,0.025024980306625366,637.0452880859375,546.8101196289062,0.047743767499923706,638.8425903320312,547.8424682617188,0.8866801261901855,635.3001098632812,542.1483154296875,0.005882441997528076
1557,303.48626708984375,476.1248779296875,0.999868631362915,558.5592651367188,554.593505859375,0.026579588651657104,793.3291015625,557.704345703125,0.9995617866516113,550.18212890625,566.0731201171875,0.9959511756896973,508.3623962402344,587.8695068359375,0.9985549449920654,555.5430908203125,568.03857421875,0.10774114727973938,549.65087890625,589.0681762695312,0.16477751731872559,607.2417602539062,570.9885864257812,0.9968276023864746,608.7118530273438,571.4649658203125,0.018262535333633423,637.0662231445312,546.9407958984375,0.05068725347518921,638.6636352539062,547.9622802734375,0.8946377038955688,635.38916015625,542.2017211914062,0.005983710289001465
1558,303.5076599121094,476.07891845703125,0.9998670220375061,558.1647338867188,554.966796875,0.02812093496322632,793.638916015625,557.8291625976562,0.9994474053382874,551.0072021484375,565.8458862304688,0.9947992563247681,508.2855224609375,587.9003295898438,0.9982873201370239,556.3058471679688,567.8345947265625,0.09418728947639465,550.4340209960938,588.7373657226562,0.16229930520057678,607.4861450195312,570.95703125,0.997427225112915,608.858154296875,571.4024047851562,0.019867390394210815,637.12109375,546.7747802734375,0.05090552568435669,638.7354736328125,547.8532104492188,0.8798235654830933,635.295654296875,542.1070556640625,0.0057263970375061035
1559,303.550537109375,475.94659423828125,0.9998483061790466,558.4332885742188,554.5949096679688,0.02831164002418518,793.0907592773438,557.8539428710938,0.9995441436767578,550.2479858398438,566.1766357421875,0.9951803684234619,507.9237976074219,587.1802978515625,0.9987494945526123,555.2376098632812,568.2262573242188,0.10896030068397522,549.9649658203125,589.1103515625,0.12222936749458313,607.8846435546875,570.79296875,0.9964792728424072,609.2870483398438,571.1954956054688,0.022320568561553955,636.6873168945312,547.0476684570312,0.04369500279426575,638.70166015625,547.9313354492188,0.8598483800888062,507.7901306152344,588.8732299804688,0.005800902843475342
1560,303.6911926269531,476.06243896484375,0.9998722076416016,558.3067016601562,554.7256469726562,0.028720378875732422,793.066650390625,557.9526977539062,0.9995216727256775,550.1663208007812,566.1271362304688,0.9955816268920898,508.4290466308594,587.8106079101562,0.9986422657966614,555.5062255859375,568.234375,0.1046815812587738,549.809814453125,588.9700317382812,0.1708880066871643,606.8463134765625,571.1056518554688,0.9960582852363586,608.6143798828125,571.6383666992188,0.016196250915527344,636.5263061523438,547.2743530273438,0.04672577977180481,638.5704345703125,547.8843994140625,0.8295433521270752,507.78265380859375,588.7625732421875,0.005308657884597778
1561,303.6190185546875,476.2455749511719,0.9998906850814819,565.1612548828125,552.8567504882812,0.03591632843017578,792.565185546875,558.5774536132812,0.9996223449707031,551.6969604492188,565.8619384765625,0.9931187629699707,507.93719482421875,586.0399780273438,0.9984366297721863,557.4442138671875,567.6682739257812,0.08182618021965027,550.1466064453125,588.4905395507812,0.1681329309940338,608.1455688476562,570.86767578125,0.9980801939964294,609.4953002929688,571.1767578125,0.027008891105651855,636.3899536132812,547.4102172851562,0.026981115341186523,638.7696533203125,547.9758911132812,0.7998873591423035,507.8468017578125,588.7984008789062,0.005049377679824829
1562,303.8961486816406,476.29559326171875,0.9999134540557861,558.1077880859375,554.7975463867188,0.0273379385471344,288.9415588378906,575.211669921875,0.9994940757751465,551.3519897460938,566.1442260742188,0.9954063892364502,508.14398193359375,587.4879760742188,0.9987528324127197,556.7018432617188,568.0328979492188,0.07540062069892883,549.7134399414062,588.9546508789062,0.18313375115394592,607.5966796875,570.9341430664062,0.9977771043777466,609.1719970703125,571.2568359375,0.024046599864959717,636.3309936523438,547.2289428710938,0.03972285985946655,638.65966796875,547.979248046875,0.8626793622970581,635.3130493164062,542.2119750976562,0.005108237266540527
1563,304.25885009765625,476.1213684082031,0.9999014139175415,557.9240112304688,554.611572265625,0.0274813175201416,792.247314453125,558.4465942382812,0.9996966123580933,551.1181640625,566.113037109375,0.9960525035858154,508.2969970703125,586.1535034179688,0.99873948097229,556.13330078125,568.2474975585938,0.11656466126441956,549.6184692382812,588.9745483398438,0.17232811450958252,607.2811889648438,571.0277099609375,0.9966813325881958,608.9007568359375,571.4312133789062,0.021287977695465088,636.6201171875,547.1658935546875,0.03985312581062317,638.6907958984375,548.0310668945312,0.8855286836624146,635.2212524414062,542.1879272460938,0.005458354949951172
1564,304.4389953613281,476.06622314453125,0.9999133348464966,557.8961181640625,554.6905517578125,0.026135742664337158,792.8603515625,558.5149536132812,0.9995728731155396,550.7935791015625,566.346923828125,0.9961997270584106,508.2523498535156,587.7406005859375,0.9986295700073242,556.182861328125,568.3036499023438,0.07257771492004395,548.9581298828125,589.0032348632812,0.13018622994422913,607.4358520507812,570.8775634765625,0.9966068267822266,609.0335083007812,571.271484375,0.020209163427352905,636.8790893554688,546.9403686523438,0.036743491888046265,638.8988647460938,548.0938720703125,0.8362001776695251,507.70147705078125,588.89013671875,0.005586147308349609
1565,304.70208740234375,475.96710205078125,0.999924898147583,557.9506225585938,554.4221801757812,0.02652648091316223,793.1876220703125,558.3282470703125,0.999521791934967,550.90576171875,566.1126098632812,0.996570885181427,508.0826110839844,587.0661010742188,0.9985999464988708,555.7115478515625,568.1139526367188,0.1008855402469635,549.2586059570312,589.2816772460938,0.15506020188331604,606.9149780273438,571.4268188476562,0.9974087476730347,602.91015625,572.0238647460938,0.01989653706550598,636.2652587890625,547.2595825195312,0.042898714542388916,638.4129638671875,548.28759765625,0.8789833784103394,635.2236328125,542.162841796875,0.005905061960220337
1566,304.847412109375,475.9619140625,0.9999152421951294,558.23974609375,554.7701416015625,0.03302145004272461,792.642333984375,558.3633422851562,0.9996286630630493,550.7962036132812,566.25830078125,0.9955010414123535,507.968505859375,587.4910888671875,0.9987355470657349,556.0227661132812,568.3768310546875,0.10750201344490051,549.1332397460938,589.169677734375,0.15749627351760864,607.3917846679688,571.0001831054688,0.9978066682815552,609.090576171875,571.1299438476562,0.022964119911193848,636.0056762695312,547.380615234375,0.03207451105117798,638.3840942382812,547.9107055664062,0.8531579971313477,507.7083435058594,588.8990478515625,0.005676329135894775
1567,304.8637390136719,476.002197265625,0.9999040961265564,557.654541015625,554.8523559570312,0.0313781201839447,792.9054565429688,558.1302490234375,0.9995457530021667,551.235107421875,565.7802124023438,0.994465708732605,507.60870361328125,586.2018432617188,0.9985699653625488,556.778076171875,567.8292236328125,0.0816851258277893,549.4953002929688,588.7896118164062,0.15067321062088013,607.8981323242188,570.9566040039062,0.9965486526489258,609.2298583984375,571.5963745117188,0.021481871604919434,636.6490478515625,547.0383911132812,0.05734017491340637,638.6976928710938,548.0681762695312,0.8482035994529724,635.3511352539062,542.1123657226562,0.005847334861755371
1568,304.9064636230469,475.67510986328125,0.9999152421951294,558.322998046875,554.776123046875,0.027144819498062134,792.6988525390625,558.7156372070312,0.9995954036712646,550.8630981445312,566.1246337890625,0.9961069822311401,508.16217041015625,586.31787109375,0.9988948702812195,556.0780029296875,567.8294067382812,0.06482279300689697,549.13134765625,589.0781860351562,0.09397494792938232,606.8096313476562,571.0421142578125,0.996772289276123,608.6140747070312,571.493408203125,0.015168219804763794,636.083740234375,547.108642578125,0.043295979499816895,638.7098388671875,548.0234375,0.8332505822181702,635.2764892578125,542.3195190429688,0.005480259656906128
1569,305.11859130859375,475.7490539550781,0.9999019503593445,558.1417236328125,554.996826171875,0.02560243010520935,793.0191650390625,558.4400634765625,0.9995039701461792,551.3192749023438,566.2312622070312,0.9955352544784546,507.4610290527344,585.9791259765625,0.9981321096420288,556.70361328125,566.20263671875,0.08312776684761047,549.50048828125,588.8780517578125,0.13949385285377502,607.0369262695312,571.31103515625,0.997248649597168,608.6130981445312,571.472900390625,0.02294248342514038,636.677734375,547.0198974609375,0.03545069694519043,639.1802978515625,547.9019165039062,0.8220959901809692,507.7864685058594,588.9945068359375,0.005375653505325317
1570,305.17218017578125,475.4963684082031,0.9999035596847534,557.4313354492188,554.797119140625,0.02739614248275757,792.8613891601562,558.6868286132812,0.9996061325073242,551.3958740234375,566.0529174804688,0.9952989816665649,507.40057373046875,586.008544921875,0.9987577795982361,556.4842529296875,567.7301635742188,0.07565030455589294,549.5531616210938,588.5355224609375,0.15514707565307617,607.37109375,570.5669555664062,0.997133731842041,608.98876953125,570.9011840820312,0.024058938026428223,636.236083984375,547.5885620117188,0.03759118914604187,638.794921875,548.2060546875,0.8313077688217163,635.3623046875,542.2614135742188,0.004935711622238159
1571,305.15142822265625,475.4026794433594,0.9999165534973145,172.40122985839844,13.153430938720703,0.024904370307922363,792.3489379882812,558.3194580078125,0.9996071457862854,551.4866943359375,566.2474975585938,0.9961117506027222,507.9750671386719,587.217529296875,0.9987044930458069,556.5454711914062,568.0943603515625,0.06241106986999512,549.513916015625,588.765380859375,0.13470813632011414,607.3312377929688,570.9830322265625,0.996598482131958,608.90234375,571.4804077148438,0.018851667642593384,636.3295288085938,547.241455078125,0.05162802338600159,638.7227172851562,547.886962890625,0.8309966325759888,635.3095092773438,542.1979370117188,0.005845069885253906
1572,305.3468933105469,475.4825744628906,0.9999247789382935,557.2548217773438,554.7947387695312,0.024294108152389526,288.9692687988281,575.779052734375,0.999470591545105,552.03466796875,566.2545166015625,0.9958704710006714,507.9425354003906,587.0054321289062,0.9989001750946045,557.6281127929688,566.0511474609375,0.06329628825187683,549.17333984375,588.7236938476562,0.12905731797218323,607.0531616210938,571.1192626953125,0.9969865679740906,608.7660522460938,571.462646484375,0.019440263509750366,636.4118041992188,546.8788452148438,0.04412004351615906,638.5781860351562,547.80322265625,0.8745609521865845,635.3226928710938,542.2156372070312,0.005807787179946899
1573,305.2918395996094,475.1088562011719,0.9999279379844666,557.1689453125,554.6738891601562,0.021441996097564697,289.8674621582031,575.5120849609375,0.9996252059936523,551.6201171875,566.2335205078125,0.9956130981445312,507.2923889160156,586.4680786132812,0.9986860156059265,557.1832885742188,565.7680053710938,0.06382918357849121,549.6753540039062,588.5220947265625,0.16190004348754883,607.3907470703125,570.9741821289062,0.9964925050735474,608.8561401367188,571.4506225585938,0.0217149555683136,637.2443237304688,546.9332885742188,0.051850706338882446,638.9058837890625,547.8927612304688,0.87710040807724,635.4462280273438,542.1450805664062,0.005344867706298828
1574,305.1938171386719,475.34124755859375,0.999925971031189,557.3193359375,554.690673828125,0.025424957275390625,792.8305053710938,557.8360595703125,0.9994854927062988,551.6764526367188,566.4765625,0.9965732097625732,507.9136962890625,587.3319091796875,0.9989561438560486,556.5664672851562,568.3182373046875,0.07008004188537598,549.1613159179688,588.9462890625,0.10795369744300842,607.5426635742188,571.1278686523438,0.9978222846984863,609.2012939453125,571.538818359375,0.018317192792892456,636.8610229492188,547.1470336914062,0.042724609375,638.8638916015625,547.8800048828125,0.8764076232910156,507.73760986328125,588.9578857421875,0.005463361740112305
1575,305.4169616699219,475.7072448730469,0.9999336004257202,557.45703125,554.948486328125,0.023364484310150146,792.8392333984375,558.0592041015625,0.9995939135551453,550.9898071289062,566.1773681640625,0.9962249994277954,508.0908203125,586.0645751953125,0.9986981153488159,556.0716552734375,568.2348022460938,0.05490690469741821,549.9833984375,588.9606323242188,0.13724440336227417,606.8310546875,571.4086303710938,0.9966080188751221,512.65185546875,592.9613647460938,0.018320441246032715,636.3927001953125,547.6288452148438,0.023870468139648438,638.6060180664062,548.3864135742188,0.831214964389801,507.5995788574219,588.9664306640625,0.00484234094619751
1576,305.30926513671875,475.9255676269531,0.9999335408210754,557.4122924804688,554.9378051757812,0.022599518299102783,290.952392578125,575.6904907226562,0.9997064471244812,551.70556640625,566.2390747070312,0.9964540004730225,508.2071533203125,586.0169067382812,0.9989116787910461,556.5640869140625,568.1565551757812,0.05888614058494568,549.3251342773438,588.767333984375,0.12909331917762756,606.7052001953125,571.5380859375,0.9960339069366455,602.3997192382812,572.4035034179688,0.018402934074401855,636.9664916992188,546.9203491210938,0.045307934284210205,639.0086669921875,547.7832641601562,0.8415772318840027,635.5270385742188,542.1380615234375,0.005389541387557983
1577,305.54534912109375,476.0611572265625,0.9999302625656128,557.010498046875,554.6831665039062,0.02021041512489319,792.5720825195312,558.2591552734375,0.9996368885040283,551.51025390625,566.3805541992188,0.9968069791793823,507.6515197753906,585.942138671875,0.9987866878509521,556.8348388671875,568.26318359375,0.047076404094696045,549.1324462890625,589.013427734375,0.12322947382926941,607.0711669921875,571.166015625,0.9963876605033875,606.7657470703125,572.253173828125,0.01679772138595581,637.1808471679688,546.887939453125,0.036235958337783813,639.0445556640625,547.9345092773438,0.8593944311141968,507.6158142089844,588.9441528320312,0.005358189344406128
1578,305.7468566894531,475.74920654296875,0.9999209642410278,557.6082153320312,554.9967041015625,0.022272378206253052,292.30755615234375,575.9337768554688,0.9998325705528259,551.2774658203125,566.2382202148438,0.9963463544845581,507.8807373046875,586.1469116210938,0.9986628293991089,556.2673950195312,568.0814208984375,0.0612483024597168,548.9189453125,588.713134765625,0.12789607048034668,606.9412841796875,571.3048706054688,0.9974396228790283,608.8086547851562,571.5471801757812,0.018541574478149414,636.9113159179688,546.9829711914062,0.041089802980422974,639.0089111328125,547.6167602539062,0.8406563401222229,507.6694641113281,588.9744873046875,0.005413800477981567
1579,305.8553771972656,475.9061279296875,0.9999388456344604,557.6718139648438,554.9383544921875,0.0256941020488739,292.6395568847656,576.1383056640625,0.9997494220733643,551.1566162109375,566.25048828125,0.9948714971542358,507.7529296875,585.85546875,0.9987128973007202,556.344970703125,568.1921997070312,0.07716992497444153,549.6821899414062,588.8543090820312,0.1405615508556366,607.1516723632812,571.0374755859375,0.9965672492980957,608.8851318359375,571.3748168945312,0.017535805702209473,636.7564086914062,547.0305786132812,0.04392045736312866,638.770751953125,547.6861572265625,0.81538987159729,507.71441650390625,588.8765869140625,0.005183011293411255
1580,306.26861572265625,475.6505432128906,0.9999256134033203,557.6188354492188,555.0753784179688,0.022570520639419556,293.2002258300781,576.5818481445312,0.9998301267623901,551.0472412109375,566.3700561523438,0.9971393346786499,508.09930419921875,585.9115600585938,0.9990022778511047,556.2926025390625,568.0964965820312,0.05198097229003906,548.9520263671875,589.1559448242188,0.08128920197486877,606.9681396484375,571.1301879882812,0.9969456195831299,602.5357055664062,572.3114013671875,0.016712099313735962,637.475341796875,546.6736450195312,0.04853734374046326,639.164306640625,547.5466918945312,0.8523653745651245,507.6591796875,588.932861328125,0.00558742880821228
1581,306.24481201171875,475.5936279296875,0.9999493360519409,557.8069458007812,554.902099609375,0.023640096187591553,293.2972717285156,576.0765991210938,0.99983811378479,550.8403930664062,566.3869018554688,0.996705174446106,507.6171569824219,586.1314697265625,0.9988127946853638,555.9306030273438,568.2564697265625,0.07364365458488464,549.103515625,589.1155395507812,0.14451050758361816,606.9894409179688,571.3804321289062,0.9972695112228394,602.6902465820312,572.207275390625,0.019950151443481445,637.1304931640625,546.9422607421875,0.050109654664993286,638.90283203125,547.8917846679688,0.8535853028297424,635.53662109375,542.1653442382812,0.0057878196239471436
1582,306.6264953613281,475.6082458496094,0.9999529123306274,557.6920776367188,554.7927856445312,0.02465444803237915,293.8957824707031,576.393310546875,0.9998288154602051,551.2155151367188,566.2972412109375,0.9946687817573547,507.3850402832031,585.9443359375,0.9988073706626892,557.1336059570312,565.7904663085938,0.09742563962936401,549.5267333984375,588.5667114257812,0.17867028713226318,607.9103393554688,570.462646484375,0.9958473443984985,609.1495971679688,571.0267944335938,0.019953668117523193,636.4591064453125,547.5013427734375,0.035231322050094604,638.8914794921875,548.207763671875,0.765239417552948,507.7481384277344,588.9464721679688,0.005371958017349243
1583,306.4939270019531,475.81689453125,0.9999547004699707,171.69232177734375,12.760675430297852,0.03326207399368286,293.6595153808594,576.4404907226562,0.9998167753219604,550.6442260742188,566.679443359375,0.9968266487121582,507.12274169921875,586.0157470703125,0.9988470077514648,556.1831665039062,566.4718627929688,0.06666290760040283,549.5564575195312,589.0938110351562,0.12622445821762085,606.7857055664062,570.791748046875,0.9954022169113159,602.2900390625,572.020751953125,0.016636580228805542,636.57421875,547.5328979492188,0.03349664807319641,638.969482421875,548.185546875,0.7989646792411804,507.7286376953125,588.9383544921875,0.005718261003494263
1584,306.4339294433594,475.7166748046875,0.9999514818191528,557.4815673828125,554.9920043945312,0.028367429971694946,294.3052673339844,576.6082763671875,0.9997514486312866,551.620849609375,566.4688720703125,0.9965656995773315,507.5199279785156,586.0301513671875,0.9985554218292236,556.6793212890625,568.0269165039062,0.07497859001159668,549.7559814453125,589.045166015625,0.16733792424201965,607.1793823242188,570.7836303710938,0.9966529607772827,609.0079345703125,571.2360229492188,0.016622215509414673,636.337890625,547.09521484375,0.04081222414970398,638.8519897460938,547.7564086914062,0.8365523219108582,507.70111083984375,588.9341430664062,0.0050827860832214355
1585,306.86279296875,475.4220275878906,0.9999350309371948,557.6613159179688,555.018310546875,0.02227357029914856,294.9051513671875,576.6710205078125,0.9997833967208862,550.7139282226562,565.8475952148438,0.9965004920959473,507.84368896484375,586.9097900390625,0.9989378452301025,556.1835327148438,567.73046875,0.04876434803009033,549.129638671875,588.7825317382812,0.12783515453338623,607.3248901367188,570.9443359375,0.9960498809814453,608.7738647460938,571.4415893554688,0.016772598028182983,636.7945556640625,547.4940185546875,0.040765464305877686,638.9227294921875,548.27490234375,0.8249588012695312,507.7724304199219,588.8425903320312,0.00516858696937561
1586,307.0304260253906,475.5318298339844,0.9999476671218872,557.8486328125,554.95458984375,0.023338735103607178,295.1927185058594,576.6962890625,0.9997426271438599,550.646484375,566.1690063476562,0.9966383576393127,507.33367919921875,585.9790649414062,0.9987916946411133,556.0636596679688,567.9495239257812,0.060653507709503174,549.0933227539062,588.9219970703125,0.12979060411453247,607.155029296875,570.8702392578125,0.9961405992507935,608.902587890625,571.2824096679688,0.019699692726135254,636.624755859375,547.2177124023438,0.0352211594581604,638.6934814453125,548.0033569335938,0.8416420817375183,507.6525573730469,588.9178466796875,0.005771249532699585
1587,307.2880554199219,475.4742431640625,0.9999550580978394,558.0572509765625,554.9207153320312,0.024952083826065063,294.76788330078125,576.9110107421875,0.9997549057006836,550.7018432617188,566.6304321289062,0.9968327879905701,507.43634033203125,587.2953491210938,0.9984687566757202,556.4282836914062,568.3062744140625,0.06436842679977417,548.9817504882812,589.249267578125,0.1086854636669159,606.9624633789062,571.0430908203125,0.9946595430374146,608.8519287109375,571.4554443359375,0.016368597745895386,636.4857788085938,547.6471557617188,0.034957677125930786,638.7888793945312,548.1511840820312,0.8096884489059448,507.67041015625,588.9662475585938,0.005360305309295654
1588,307.414306640625,475.6615905761719,0.9999555349349976,557.615966796875,554.99853515625,0.022468894720077515,295.46270751953125,576.950439453125,0.9997262954711914,550.5255737304688,566.2958374023438,0.9966816902160645,507.37445068359375,585.9016723632812,0.9989908337593079,556.2423706054688,567.8864135742188,0.060168445110321045,549.4701538085938,588.7774658203125,0.1693425178527832,607.5255126953125,570.7612915039062,0.9967803359031677,609.2437133789062,571.1622924804688,0.019099265336990356,636.8071899414062,547.1300048828125,0.04111042618751526,638.93701171875,547.7256469726562,0.8420048952102661,507.662109375,588.9359741210938,0.005216509103775024
1589,307.390869140625,475.65692138671875,0.9999523162841797,557.3045043945312,554.8745727539062,0.025676190853118896,296.66796875,576.8494873046875,0.9996671676635742,550.8665161132812,566.662109375,0.9970606565475464,507.68951416015625,586.0984497070312,0.9989148378372192,556.7862548828125,567.91796875,0.061155736446380615,548.911376953125,588.8612670898438,0.21238359808921814,606.4437255859375,571.2830200195312,0.9960828423500061,602.4611206054688,572.2623901367188,0.018789231777191162,636.6810913085938,547.165283203125,0.051379889249801636,638.7535400390625,547.9802856445312,0.8618103265762329,635.404296875,542.1613159179688,0.00539359450340271
1590,307.6028747558594,475.5666198730469,0.9999513626098633,557.290283203125,554.9893188476562,0.02780282497406006,296.9810485839844,577.129150390625,0.9995592832565308,550.5529174804688,566.3175659179688,0.9969228506088257,507.9233093261719,585.6756591796875,0.9989303350448608,556.3536987304688,567.92236328125,0.06320130825042725,548.7285766601562,588.78173828125,0.18654659390449524,606.431884765625,571.0504760742188,0.9960780739784241,602.178955078125,571.8053588867188,0.014270693063735962,636.56982421875,547.3884887695312,0.039061129093170166,638.8624267578125,548.215087890625,0.8512858748435974,507.6209411621094,588.832763671875,0.0048750340938568115
1591,307.567626953125,475.8314208984375,0.9999489784240723,557.5894165039062,554.9523315429688,0.028396517038345337,792.740966796875,557.659912109375,0.9994713068008423,550.5916137695312,566.04443359375,0.995682954788208,507.27435302734375,585.6212768554688,0.9988206624984741,556.4689331054688,567.6649780273438,0.07180622220039368,549.4940795898438,588.6495971679688,0.19441309571266174,607.0867309570312,570.8958129882812,0.9968117475509644,608.7385864257812,571.141357421875,0.02195197343826294,637.167724609375,547.2105102539062,0.044209420680999756,639.0091552734375,547.9188842773438,0.8701130151748657,507.6220703125,588.9183349609375,0.005032211542129517
1592,307.9943542480469,476.12921142578125,0.9999492168426514,557.7533569335938,554.9627685546875,0.02975451946258545,792.9691772460938,557.246337890625,0.9994418621063232,550.6574096679688,566.281494140625,0.9961424469947815,507.7219543457031,585.561767578125,0.9987646341323853,556.5155029296875,567.9767456054688,0.07900047302246094,549.263671875,588.9690551757812,0.17670798301696777,607.18505859375,570.7069091796875,0.9965031147003174,608.8687133789062,571.1173095703125,0.020425617694854736,636.785400390625,547.3872680664062,0.03455311059951782,639.3273315429688,548.1707153320312,0.8650384545326233,507.52374267578125,588.8115844726562,0.00479811429977417
1593,308.13531494140625,476.0299377441406,0.9999462962150574,557.8099365234375,554.9486694335938,0.026495009660720825,792.2303466796875,556.9528198242188,0.9994351863861084,550.1324462890625,566.3468627929688,0.9970099925994873,507.3108825683594,586.8458862304688,0.9987766146659851,556.2611694335938,567.8822021484375,0.0726182758808136,549.00830078125,589.2037963867188,0.19451504945755005,606.3177490234375,571.2440795898438,0.9970011711120605,608.3875732421875,571.5696411132812,0.01586630940437317,636.5179443359375,547.6526489257812,0.0346522331237793,638.708740234375,548.2760620117188,0.8537371158599854,507.6014099121094,588.9039306640625,0.005456715822219849
1594,308.37060546875,476.0257263183594,0.999945878982544,557.5936889648438,555.1611328125,0.032091379165649414,792.188232421875,557.727294921875,0.9995742440223694,551.1312866210938,566.3038330078125,0.9968180656433105,507.6548156738281,585.8380737304688,0.9988095760345459,556.5394897460938,567.8251342773438,0.06227308511734009,549.5745239257812,588.8812866210938,0.21067658066749573,606.553955078125,571.3667602539062,0.9951315522193909,608.48583984375,571.4520874023438,0.01776564121246338,636.5728759765625,547.4223022460938,0.03554275631904602,638.9393310546875,548.0604248046875,0.8275402784347534,507.6235656738281,588.9368896484375,0.005144774913787842
1595,308.52081298828125,476.2890930175781,0.9999386072158813,558.1235961914062,554.7703247070312,0.026557713747024536,792.1071166992188,557.5195922851562,0.9996209144592285,550.0775756835938,566.3502197265625,0.9966464042663574,507.1654357910156,585.4713745117188,0.9987882375717163,555.8737182617188,567.8997192382812,0.09006676077842712,549.0877685546875,588.985595703125,0.19470593333244324,606.56396484375,571.1974487304688,0.9966475367546082,602.3645629882812,571.912353515625,0.022062748670578003,636.7113037109375,547.3406982421875,0.042616814374923706,638.8173828125,548.2289428710938,0.869486927986145,507.5772399902344,588.8810424804688,0.005218207836151123
1596,308.8089904785156,476.5097351074219,0.9999490976333618,556.8699340820312,554.9727783203125,0.030977576971054077,791.6763916015625,558.749267578125,0.9996731281280518,551.9517822265625,566.2361450195312,0.9961227178573608,507.64178466796875,585.4890747070312,0.9989200830459595,557.4234619140625,567.9266357421875,0.053738176822662354,548.7122192382812,588.6257934570312,0.1670648455619812,606.7205810546875,571.6477661132812,0.9970527291297913,602.8717651367188,572.6512451171875,0.017944544553756714,636.872314453125,547.2976684570312,0.04076269268989563,638.7115478515625,548.580078125,0.8867598176002502,507.7044372558594,588.95849609375,0.00599437952041626
1597,308.8424987792969,476.29840087890625,0.9999485015869141,557.8375244140625,554.7535400390625,0.027807891368865967,791.847900390625,558.2904052734375,0.9996384978294373,551.2056274414062,566.3386840820312,0.9957693815231323,507.261474609375,585.7657470703125,0.999020516872406,556.8047485351562,567.9096069335938,0.06655275821685791,548.9181518554688,588.7678833007812,0.1432005763053894,607.3447875976562,570.9401245117188,0.997093915939331,608.9664916992188,571.2545166015625,0.01907441020011902,636.4890747070312,547.4453735351562,0.033101826906204224,638.7291870117188,548.2307739257812,0.8423113822937012,507.498779296875,588.9686279296875,0.005535155534744263
1598,308.7244873046875,476.50994873046875,0.9999511241912842,557.40869140625,554.7311401367188,0.033226191997528076,792.0121459960938,558.1895141601562,0.999633252620697,550.9613037109375,566.243896484375,0.9969351887702942,507.3895263671875,586.2572631835938,0.9986746311187744,556.648681640625,567.8036499023438,0.06719285249710083,548.771484375,589.0897827148438,0.17816799879074097,607.9412231445312,570.586669921875,0.997259259223938,609.1172485351562,571.2867431640625,0.02282002568244934,637.3529663085938,547.2531127929688,0.04547619819641113,639.185546875,548.091064453125,0.8746699690818787,507.4114685058594,588.9743041992188,0.005198806524276733
1599,308.9776306152344,476.5546569824219,0.9999492168426514,557.8504638671875,555.065673828125,0.03278496861457825,791.9817504882812,558.0654907226562,0.9996006488800049,550.499267578125,566.2259521484375,0.9954661130905151,507.4847717285156,586.333984375,0.998809814453125,556.543701171875,567.9360961914062,0.0718904435634613,548.700927734375,588.6920166015625,0.1980358362197876,607.5545654296875,570.8885498046875,0.9956985712051392,609.20654296875,571.3383178710938,0.025305479764938354,636.788818359375,546.9871215820312,0.04547455906867981,638.7572631835938,548.1012573242188,0.8600080013275146,635.3065795898438,542.154052734375,0.005666196346282959
1600,309.34893798828125,476.3607177734375,0.999947190284729,558.1486206054688,554.820556640625,0.026775628328323364,791.74072265625,558.0375366210938,0.999631404876709,550.6009521484375,566.448974609375,0.9960509538650513,507.125,586.5150756835938,0.9982824325561523,556.3759155273438,567.8974609375,0.07706034183502197,548.7568359375,588.940673828125,0.18965044617652893,607.2644653320312,570.672607421875,0.9951391220092773,608.8876342773438,571.2272338867188,0.014723479747772217,637.1318969726562,546.9862060546875,0.04632791876792908,638.7042236328125,547.9599609375,0.8800783157348633,507.5570373535156,588.9859008789062,0.0053189098834991455
1601,309.446044921875,476.3997497558594,0.9999420046806335,558.2159423828125,554.872802734375,0.038525164127349854,791.1904296875,558.373291015625,0.9997280240058899,550.8237915039062,566.5142211914062,0.9940650463104248,507.3355407714844,585.769287109375,0.9986538887023926,556.54833984375,568.0031127929688,0.08330544829368591,549.1981201171875,588.9071655273438,0.23692506551742554,608.1356811523438,570.4822998046875,0.9959715008735657,609.5670776367188,570.8994140625,0.018795102834701538,637.135009765625,547.3764038085938,0.03703984618186951,639.1361083984375,548.1416625976562,0.8314731121063232,507.6658630371094,589.0020751953125,0.005296170711517334
1602,309.53009033203125,476.6038513183594,0.9999367594718933,557.4537353515625,554.953125,0.035083234310150146,791.551025390625,557.9086303710938,0.9996514916419983,551.0543212890625,566.3732299804688,0.9959679841995239,506.85150146484375,585.3101806640625,0.9985715746879578,556.9618530273438,567.919921875,0.07000353932380676,548.6618041992188,589.0715942382812,0.2164483666419983,608.17041015625,570.9217529296875,0.9966619610786438,609.6256713867188,571.2823486328125,0.022922128438949585,637.0826416015625,547.222900390625,0.03775256872177124,638.7349243164062,548.2442626953125,0.8996082544326782,507.5192565917969,588.966796875,0.005297929048538208
1603,309.7215576171875,476.71435546875,0.9999346137046814,557.6769409179688,554.8576049804688,0.0303228497505188,792.0374755859375,558.5032348632812,0.9996334314346313,551.2249145507812,566.858642578125,0.9969885945320129,506.7003173828125,585.2998046875,0.9983698129653931,556.8885498046875,568.1190795898438,0.06393939256668091,548.5199584960938,589.0051879882812,0.18321523070335388,607.4736938476562,571.2906494140625,0.9977946281433105,607.2989501953125,572.7376098632812,0.019387006759643555,636.96142578125,547.0327758789062,0.041687846183776855,638.83154296875,547.8110961914062,0.8898099064826965,507.6322326660156,589.0425415039062,0.005500674247741699
1604,309.8968505859375,476.8529052734375,0.9999474287033081,557.9335327148438,554.7512817382812,0.03079080581665039,791.8070678710938,558.3036499023438,0.9996263980865479,551.2741088867188,566.5555419921875,0.9964337348937988,506.6943359375,585.4488525390625,0.9986282587051392,556.6800537109375,568.0607299804688,0.08164399862289429,548.8312377929688,588.9778442382812,0.1950535774230957,606.3055419921875,571.4008178710938,0.9972119331359863,608.52099609375,571.6058349609375,0.02177107334136963,635.69677734375,547.2461547851562,0.037241220474243164,637.8151245117188,548.39501953125,0.9172043800354004,507.5728759765625,589.0197143554688,0.00559660792350769
1605,309.82568359375,477.2596435546875,0.9999394416809082,557.6331787109375,554.8865966796875,0.03097712993621826,791.1422119140625,558.7963256835938,0.9996023178100586,550.4194946289062,566.7477416992188,0.9965670704841614,506.82489013671875,585.1929321289062,0.998638391494751,556.72216796875,566.4212646484375,0.08578312397003174,548.603759765625,589.2064819335938,0.15174013376235962,607.0916748046875,571.09326171875,0.9957945942878723,608.83447265625,571.5036010742188,0.02064874768257141,636.7041625976562,547.3494262695312,0.039877623319625854,638.587158203125,548.2533569335938,0.8678012490272522,507.5046081542969,588.9334716796875,0.005718201398849487
1606,309.85736083984375,477.3952331542969,0.9999363422393799,557.9385375976562,554.8304443359375,0.03122621774673462,792.116455078125,558.2377319335938,0.9995812177658081,550.5426635742188,566.4869384765625,0.9957969188690186,507.09649658203125,586.4663696289062,0.9985799789428711,556.1612548828125,568.0026245117188,0.07941052317619324,548.8603515625,589.0059204101562,0.18500444293022156,607.8407592773438,570.9290771484375,0.996247410774231,609.3953857421875,571.216064453125,0.027800559997558594,636.7897338867188,547.1616821289062,0.046544671058654785,638.5072021484375,548.3163452148438,0.8721702098846436,507.5635986328125,588.959716796875,0.006041854619979858
1607,309.9788818359375,477.54156494140625,0.9999369382858276,557.5859985351562,554.8584594726562,0.031219571828842163,791.6828002929688,557.9120483398438,0.9996844530105591,550.850830078125,566.4344482421875,0.9955369234085083,506.9865417480469,585.2241821289062,0.9985789656639099,556.6871337890625,567.9298095703125,0.07844763994216919,548.882568359375,588.9456176757812,0.21596726775169373,607.9861450195312,570.8556518554688,0.9967131614685059,609.433349609375,571.3114624023438,0.021674007177352905,636.56298828125,547.0399780273438,0.03305134177207947,638.82666015625,548.122802734375,0.8501095771789551,507.6273498535156,589.0363159179688,0.005093902349472046
1608,310.2742919921875,477.6504211425781,0.9999209046363831,558.1920166015625,554.7572021484375,0.03287017345428467,791.6988525390625,557.7476196289062,0.999518871307373,550.9447631835938,566.8937377929688,0.9959841370582581,507.2267761230469,585.3147583007812,0.9988840818405151,556.7742919921875,568.2982177734375,0.06662166118621826,548.579833984375,589.2067260742188,0.15580427646636963,607.4843139648438,571.2593994140625,0.9963414669036865,609.052001953125,571.5244140625,0.022469520568847656,636.7034912109375,546.6637573242188,0.04016983509063721,638.6236572265625,547.9046020507812,0.8254451751708984,507.6199035644531,589.0177612304688,0.005577385425567627
1609,310.4378662109375,477.5999450683594,0.9999250173568726,557.9776611328125,555.0853881835938,0.031182706356048584,791.9476928710938,558.0352783203125,0.9996154308319092,551.2811279296875,566.77734375,0.995720624923706,506.6811828613281,585.1141357421875,0.998833954334259,556.7694702148438,568.1981201171875,0.07039439678192139,548.9449462890625,589.02685546875,0.16657590866088867,606.960693359375,571.3856201171875,0.995613694190979,608.7948608398438,571.7955322265625,0.018518060445785522,636.5977783203125,546.8867797851562,0.06043446063995361,638.4551391601562,547.9210205078125,0.8830041885375977,635.36181640625,542.0728149414062,0.006182074546813965
1610,310.6385498046875,477.8656921386719,0.9999340772628784,558.0564575195312,554.8573608398438,0.03509780764579773,791.4888916015625,558.16064453125,0.9996412396430969,551.3859252929688,566.820556640625,0.9972158670425415,506.83599853515625,585.27392578125,0.9987906217575073,557.134765625,568.04541015625,0.06258141994476318,548.3126831054688,589.130126953125,0.17722898721694946,608.2451782226562,570.7102661132812,0.9953169822692871,609.4677124023438,571.23779296875,0.02605384588241577,636.4234619140625,547.0820922851562,0.0302811861038208,638.8515625,548.4053955078125,0.833392858505249,557.1512451171875,556.7730712890625,0.0050341784954071045
1611,310.6278076171875,477.93145751953125,0.9999356269836426,557.6275634765625,555.0768432617188,0.03260543942451477,791.7021484375,558.2467041015625,0.9996787309646606,551.35205078125,566.8862915039062,0.9961259365081787,506.9582824707031,585.6246948242188,0.998902440071106,556.96826171875,568.1307983398438,0.04978993535041809,549.1828002929688,589.184814453125,0.15167301893234253,607.7027587890625,571.0994262695312,0.9947714805603027,609.1787719726562,571.5147094726562,0.023157894611358643,636.1071166992188,547.166015625,0.037681370973587036,638.5573120117188,548.2481079101562,0.857050895690918,635.2606201171875,542.202392578125,0.005027890205383301
1612,310.972412109375,477.8189697265625,0.9999244213104248,557.2192993164062,554.6605834960938,0.032234787940979004,791.5252075195312,558.187255859375,0.9996837973594666,555.3118286132812,566.7294311523438,0.9972353577613831,506.86138916015625,585.2994995117188,0.9989528656005859,558.0703125,568.111083984375,0.05447503924369812,548.0380859375,589.1961669921875,0.26131904125213623,607.1738891601562,571.3692626953125,0.9948430061340332,608.9678344726562,571.6243896484375,0.02386912703514099,635.5728149414062,546.8543090820312,0.041345804929733276,638.2933959960938,548.1809692382812,0.8424599170684814,635.3384399414062,542.2594604492188,0.005406886339187622
1613,310.9999084472656,478.2266845703125,0.9999128580093384,557.93994140625,554.8372192382812,0.031891822814941406,791.1765747070312,557.9990234375,0.9996897578239441,551.317138671875,566.8150634765625,0.996735692024231,506.6430969238281,585.5863037109375,0.9988335371017456,557.2904052734375,568.0928344726562,0.07195591926574707,548.2767944335938,588.9537963867188,0.2310427725315094,607.8505249023438,571.3475341796875,0.9951542019844055,609.4775390625,571.8799438476562,0.024243086576461792,635.984619140625,546.6456298828125,0.04595893621444702,638.5626831054688,548.0510864257812,0.8356467485427856,635.3546752929688,542.2698974609375,0.005465000867843628
1614,311.416015625,477.96148681640625,0.9999029040336609,557.8134765625,554.8040771484375,0.027420759201049805,791.0479736328125,557.7467041015625,0.9996750354766846,551.0756225585938,566.8709106445312,0.9958008527755737,507.34783935546875,585.2085571289062,0.9989427328109741,557.5081176757812,566.4217529296875,0.06976065039634705,548.1648559570312,589.4500122070312,0.15295261144638062,606.736083984375,571.7557373046875,0.9950640201568604,606.61083984375,572.9356079101562,0.021600395441055298,635.7981567382812,546.8388671875,0.04153704643249512,638.4238891601562,547.98046875,0.8176178336143494,507.5155029296875,588.8527221679688,0.005470216274261475
1615,311.606201171875,478.3583068847656,0.9999001622200012,557.3016357421875,554.7703247070312,0.033192843198776245,791.026611328125,558.5656127929688,0.9997729063034058,551.9705810546875,566.8513793945312,0.9966511726379395,507.45709228515625,585.4331665039062,0.998834490776062,557.5362548828125,568.166015625,0.05614420771598816,547.9403076171875,589.113037109375,0.17792585492134094,607.6596069335938,571.0029907226562,0.9953269958496094,609.215576171875,571.5188598632812,0.022379398345947266,635.9710693359375,546.8406982421875,0.035319387912750244,638.2385864257812,548.3997192382812,0.8571970462799072,507.5456848144531,588.8448486328125,0.005804240703582764
1616,311.936767578125,478.3265075683594,0.9998883008956909,557.4680786132812,554.6873779296875,0.030719131231307983,791.091796875,558.5057983398438,0.9997237324714661,551.4735107421875,566.622314453125,0.997317910194397,506.6966857910156,585.1549072265625,0.998589038848877,556.8681640625,568.0028076171875,0.07268449664115906,548.2384643554688,589.4694213867188,0.19011175632476807,607.0938110351562,571.5636596679688,0.9949613213539124,608.9661865234375,571.92578125,0.02176705002784729,636.2631225585938,546.666748046875,0.04307559132575989,638.6394653320312,547.8104858398438,0.8631464838981628,507.58447265625,588.9946899414062,0.005690217018127441
1617,312.0146179199219,478.6495056152344,0.9998651742935181,557.5104370117188,554.71240234375,0.03767147660255432,790.7744140625,558.0194091796875,0.9997174739837646,551.5892333984375,566.739501953125,0.9964309334754944,506.1529235839844,584.631591796875,0.9984444379806519,557.2008666992188,568.2190551757812,0.07300332188606262,548.6962280273438,589.1558837890625,0.16324028372764587,606.939697265625,571.5330810546875,0.9969261884689331,608.54931640625,571.8538818359375,0.0227663516998291,635.910400390625,546.6090087890625,0.04514738917350769,638.4595336914062,547.8775024414062,0.8222396373748779,507.54840087890625,589.0101928710938,0.005271583795547485
1618,311.9237365722656,478.8836669921875,0.9998816251754761,557.1199340820312,554.7220458984375,0.03104284405708313,791.0503540039062,558.1445922851562,0.9997375011444092,552.3787841796875,566.6434936523438,0.996228814125061,506.3896484375,584.7160034179688,0.9989566802978516,557.5621948242188,568.1119384765625,0.04923814535140991,548.8857421875,588.9566650390625,0.14612740278244019,606.9190673828125,571.9290161132812,0.9965062141418457,606.9158325195312,572.963623046875,0.02256709337234497,635.9843139648438,546.7679443359375,0.05028381943702698,638.3782348632812,548.1354370117188,0.8606195449829102,635.353271484375,542.2915649414062,0.005693107843399048
1619,312.7746276855469,479.27130126953125,0.9998800754547119,556.8556518554688,554.8527221679688,0.032006651163101196,790.9468383789062,557.8058471679688,0.9997636079788208,551.8819580078125,566.8780517578125,0.9952676296234131,506.47900390625,584.9579467773438,0.9985305070877075,557.7054443359375,568.1549072265625,0.047046512365341187,548.6873168945312,589.1293334960938,0.17702141404151917,607.5005493164062,571.0682373046875,0.9966497421264648,609.2423095703125,571.3045654296875,0.025219082832336426,635.7264404296875,547.1689453125,0.035235852003097534,638.1337890625,548.2838745117188,0.8318905830383301,557.1165771484375,556.5369873046875,0.004905670881271362
1620,312.1977844238281,479.1186218261719,0.9998378753662109,557.322265625,554.8198852539062,0.036195576190948486,790.500732421875,558.401611328125,0.9997477531433105,555.30029296875,566.6992797851562,0.9976317882537842,506.2519226074219,584.899658203125,0.9984960556030273,558.1241455078125,568.0630493164062,0.04718253016471863,548.0579223632812,589.3184204101562,0.19371071457862854,606.1644287109375,571.593505859375,0.9960020780563354,602.30517578125,572.6748046875,0.019075900316238403,635.6469116210938,546.9686279296875,0.04524916410446167,638.0383911132812,548.026611328125,0.8729102611541748,316.57843017578125,476.60125732421875,0.005378603935241699
1621,313.2494812011719,479.44561767578125,0.999840259552002,170.900634765625,13.726194381713867,0.0345081090927124,790.8255004882812,558.6790161132812,0.9997321963310242,551.1204223632812,566.679931640625,0.9965640306472778,506.09832763671875,584.6192626953125,0.9985887408256531,556.9998779296875,568.1531982421875,0.0756697952747345,548.0256958007812,589.2407836914062,0.24211683869361877,606.1104736328125,571.8211059570312,0.9952840805053711,602.2922973632812,572.7464599609375,0.020672857761383057,635.3492431640625,547.1017456054688,0.03544151782989502,637.8587036132812,548.3365478515625,0.8649566173553467,635.2401123046875,542.3245849609375,0.005217552185058594
1622,312.8285827636719,478.92626953125,0.9998458027839661,557.980712890625,554.6549072265625,0.030334144830703735,305.3429260253906,578.8091430664062,0.9997302293777466,550.884521484375,566.9602661132812,0.9954863786697388,506.3047180175781,585.1090087890625,0.9981316328048706,556.6854858398438,568.3921508789062,0.07014289498329163,548.4579467773438,589.1658935546875,0.23272770643234253,606.3145141601562,572.2230834960938,0.9960303902626038,605.4353637695312,572.968505859375,0.01986473798751831,635.028076171875,547.1160278320312,0.04272913932800293,637.536865234375,548.2593383789062,0.8899665474891663,635.05908203125,542.2769775390625,0.005993634462356567
1623,313.1198425292969,478.66314697265625,0.9998273849487305,557.5062255859375,554.4773559570312,0.03222474455833435,305.6012878417969,578.748779296875,0.9997262358665466,550.53076171875,566.7835693359375,0.9962747097015381,506.18939208984375,584.805908203125,0.9983948469161987,556.546142578125,568.01513671875,0.06340828537940979,548.7853393554688,589.297119140625,0.14466339349746704,606.5107421875,571.5245971679688,0.9962815046310425,608.5528564453125,571.6766357421875,0.021627455949783325,635.3180541992188,547.431396484375,0.03413715958595276,637.6724853515625,548.5380249023438,0.8842930197715759,635.1505737304688,542.3402709960938,0.0051569342613220215
1624,313.88629150390625,479.36761474609375,0.9998425245285034,557.7325439453125,554.3388671875,0.025922149419784546,306.4718322753906,578.7357788085938,0.9997736215591431,550.2451171875,566.8753662109375,0.9977798461914062,506.11138916015625,584.7769165039062,0.9983853101730347,556.5223999023438,567.9302368164062,0.05079770088195801,547.4066772460938,589.522216796875,0.18396764993667603,607.1663208007812,572.1787719726562,0.9949115514755249,602.5548095703125,572.9309692382812,0.024436593055725098,634.9065551757812,547.2930297851562,0.055309683084487915,637.172119140625,548.6892700195312,0.8846490383148193,635.2091674804688,542.1411743164062,0.006220787763595581
1625,313.8149719238281,479.4347839355469,0.9998760223388672,557.8018798828125,554.2174072265625,0.0300348699092865,306.24462890625,578.6724853515625,0.9997854828834534,550.8186645507812,566.69140625,0.996976375579834,506.0776672363281,584.5804443359375,0.9984691739082336,556.9461059570312,567.8883666992188,0.0633382499217987,548.0929565429688,589.3680419921875,0.25878244638442993,606.5220947265625,571.7328491210938,0.9935979843139648,608.3818359375,571.9953002929688,0.022419899702072144,635.2205200195312,547.1732177734375,0.046834468841552734,637.3247680664062,548.4745483398438,0.8511241674423218,635.3194580078125,542.1806030273438,0.005579948425292969
1626,313.7184753417969,479.74261474609375,0.9998413920402527,557.51513671875,554.4464721679688,0.030030369758605957,306.9791259765625,578.7987060546875,0.9997713565826416,551.343505859375,566.4680786132812,0.9964642524719238,506.14398193359375,584.6806640625,0.9984047412872314,557.5364990234375,567.8773803710938,0.046770304441452026,547.7913208007812,589.2003784179688,0.20229369401931763,607.233642578125,571.400390625,0.9964614510536194,609.0601806640625,571.7099609375,0.021367132663726807,635.3331909179688,547.0983276367188,0.037144362926483154,637.8031005859375,548.5602416992188,0.892503559589386,635.212646484375,542.1652221679688,0.005287498235702515
1627,313.67498779296875,479.963134765625,0.9998384714126587,173.7442169189453,13.323410034179688,0.039338767528533936,307.593994140625,579.0162963867188,0.9998255968093872,550.8509521484375,566.8023681640625,0.9962823390960693,506.11163330078125,584.4874267578125,0.998473584651947,557.0692138671875,568.30810546875,0.05304864048957825,548.0735473632812,589.4153442382812,0.19082820415496826,607.1935424804688,572.0570678710938,0.9950668811798096,606.1759643554688,573.0875244140625,0.020143598318099976,635.0542602539062,547.609130859375,0.05027878284454346,637.2421264648438,548.619384765625,0.8668805360794067,635.2958984375,542.2171020507812,0.005331993103027344
1628,313.9555358886719,479.74652099609375,0.9998416900634766,557.6537475585938,554.3422241210938,0.025088876485824585,307.6242980957031,579.1932983398438,0.9998122453689575,551.4174194335938,567.0133056640625,0.9966841340065002,506.05914306640625,584.7553100585938,0.9985189437866211,557.7997436523438,568.2092895507812,0.036857783794403076,548.0205688476562,589.3129272460938,0.19951054453849792,606.8593139648438,572.1785278320312,0.994036078453064,608.1632080078125,572.1895751953125,0.018786877393722534,635.3781127929688,547.4301147460938,0.0483832061290741,637.3653564453125,548.751220703125,0.8871768712997437,635.3204345703125,542.17333984375,0.005420416593551636
1629,314.2445983886719,479.32501220703125,0.999794602394104,173.56320190429688,13.145148277282715,0.03151834011077881,308.13446044921875,579.5540161132812,0.9998331069946289,551.3638916015625,566.9951782226562,0.9967713356018066,506.4871520996094,584.7730712890625,0.9983792901039124,557.096923828125,568.3084716796875,0.049043118953704834,547.55322265625,589.427734375,0.17565685510635376,607.05908203125,571.8992309570312,0.9925944209098816,606.5896606445312,572.6598510742188,0.02012196183204651,635.6843872070312,547.4346313476562,0.053105562925338745,637.7596435546875,548.6699829101562,0.8553681969642639,635.4851684570312,542.192626953125,0.005651652812957764
1630,314.3121032714844,479.0966796875,0.9998172521591187,557.4400634765625,554.55126953125,0.025925904512405396,308.2108154296875,579.8822021484375,0.999860405921936,551.4769897460938,566.9199829101562,0.9966843128204346,506.3984680175781,584.6304931640625,0.998174786567688,557.7665405273438,568.2716064453125,0.0443381667137146,547.8004760742188,589.4157104492188,0.15139520168304443,607.3826293945312,571.522705078125,0.9899022579193115,608.8798217773438,571.947265625,0.027513056993484497,635.6171875,547.201416015625,0.057175785303115845,637.979248046875,548.5055541992188,0.8627898693084717,635.3463745117188,542.151611328125,0.005927979946136475
1631,314.33599853515625,479.2220764160156,0.9998024106025696,557.1801147460938,554.60400390625,0.02336612343788147,308.45794677734375,579.6845703125,0.9998380541801453,551.406982421875,567.4775390625,0.9973387122154236,505.94110107421875,584.6255493164062,0.9987229704856873,557.6671142578125,568.37841796875,0.025299131870269775,547.5925903320312,589.4705200195312,0.12977644801139832,607.5657958984375,572.2691650390625,0.9952555894851685,606.0919189453125,573.4745483398438,0.021814286708831787,634.7697143554688,547.318115234375,0.04222381114959717,637.1561889648438,548.6485595703125,0.8889864683151245,635.1881103515625,542.2494506835938,0.0061893463134765625
1632,314.2068786621094,479.3547668457031,0.9997977614402771,557.6513671875,554.4428100585938,0.02265229821205139,308.97314453125,579.6492309570312,0.9998489022254944,550.802734375,567.1866455078125,0.9969727993011475,506.42218017578125,584.3934326171875,0.9987590909004211,557.0540771484375,568.406494140625,0.03805103898048401,548.0189208984375,589.5721435546875,0.16602572798728943,606.56591796875,571.9736938476562,0.9941840171813965,608.6590576171875,572.1163940429688,0.028251349925994873,635.0867309570312,546.9144287109375,0.046106934547424316,637.562255859375,548.372314453125,0.890320897102356,316.5548400878906,476.11834716796875,0.006049484014511108
1633,314.30780029296875,479.5113830566406,0.9998552799224854,557.8818969726562,554.3888549804688,0.02292957901954651,308.5968322753906,579.7295532226562,0.9998353719711304,550.8510131835938,567.5086059570312,0.9977402687072754,506.304931640625,584.7892456054688,0.998592734336853,557.1307983398438,568.70263671875,0.036195456981658936,547.5010986328125,589.8304443359375,0.15125596523284912,606.9030151367188,571.747802734375,0.9934816360473633,608.6776733398438,571.9891357421875,0.030134528875350952,635.2797241210938,546.9926147460938,0.0424705445766449,637.7650756835938,548.4141845703125,0.8731714487075806,635.055419921875,542.2651977539062,0.005880028009414673
1634,314.1419677734375,479.6932067871094,0.9998683929443359,173.49366760253906,14.66647720336914,0.044828981161117554,308.8178405761719,579.9036254882812,0.9998443126678467,551.251953125,566.9304809570312,0.9966166019439697,506.25543212890625,584.4840087890625,0.9986323118209839,557.3168334960938,568.4013061523438,0.04220360517501831,548.0576171875,589.4844970703125,0.2060372531414032,606.8128051757812,572.36669921875,0.995179295539856,605.580322265625,572.92431640625,0.02053973078727722,635.4429321289062,546.648681640625,0.05059453845024109,637.5369873046875,548.331298828125,0.9197902679443359,635.0347290039062,542.24853515625,0.006794005632400513
1635,314.578125,479.6614074707031,0.9998829364776611,557.9518432617188,554.3819580078125,0.024876832962036133,308.7942199707031,580.1929321289062,0.9998762607574463,550.1773071289062,567.379150390625,0.9972190856933594,506.3080139160156,584.3588256835938,0.9988335371017456,556.7357177734375,568.51806640625,0.042215704917907715,547.8143920898438,589.5170288085938,0.14339253306388855,607.1431884765625,572.2210693359375,0.9926817417144775,608.2194213867188,572.2471313476562,0.02013513445854187,634.8364868164062,547.3552856445312,0.044741928577423096,637.6298828125,548.5339965820312,0.8672260642051697,635.1665649414062,542.2911987304688,0.006062030792236328
1636,314.5118408203125,479.4007873535156,0.9998726844787598,557.7175903320312,554.350341796875,0.025739341974258423,309.3667297363281,580.1203002929688,0.9998575448989868,550.9539184570312,567.1688842773438,0.9975379705429077,506.1766052246094,584.5770263671875,0.9984798431396484,556.9749755859375,568.4666748046875,0.049710363149642944,547.718505859375,589.6087646484375,0.15609291195869446,606.7052001953125,572.4052734375,0.9951237440109253,605.6475219726562,572.8795776367188,0.019334733486175537,635.5608520507812,547.21142578125,0.046703189611434937,637.9341430664062,548.5136108398438,0.8825028538703918,635.2439575195312,542.2116088867188,0.005987614393234253
1637,314.688232421875,479.36260986328125,0.9998824596405029,173.20208740234375,12.59953498840332,0.04484117031097412,309.2702331542969,580.1683349609375,0.9998933672904968,550.9144287109375,566.9708862304688,0.9977686405181885,506.3034362792969,584.70849609375,0.9985585808753967,557.2928466796875,568.23779296875,0.04577338695526123,547.5152587890625,589.4967041015625,0.16814309358596802,606.4082641601562,572.5072021484375,0.9958837032318115,605.310791015625,573.3509521484375,0.020525485277175903,635.00244140625,546.967529296875,0.04485604166984558,637.4209594726562,548.47265625,0.9086251854896545,635.1259155273438,542.2901000976562,0.006286710500717163
1638,314.9778747558594,479.73162841796875,0.9998990893363953,557.664794921875,554.4947509765625,0.029843509197235107,309.3192138671875,580.2237548828125,0.9998658895492554,551.1051635742188,567.0676879882812,0.9961463212966919,506.14385986328125,584.5838623046875,0.9989069700241089,556.760009765625,568.4492797851562,0.058295607566833496,548.28271484375,589.4540405273438,0.1716424822807312,605.9475708007812,571.9345092773438,0.9959501028060913,605.9815673828125,573.0857543945312,0.018690645694732666,635.1447143554688,547.1915283203125,0.04488536715507507,637.5123291015625,548.5577392578125,0.8997128009796143,635.0872192382812,542.2747192382812,0.006505608558654785
1639,315.0591735839844,479.4695739746094,0.9999050498008728,557.6438598632812,554.5357055664062,0.02583867311477661,309.505615234375,579.8734741210938,0.9998779296875,551.0498046875,567.119140625,0.9968796968460083,506.1211853027344,584.6239624023438,0.9986428022384644,557.024658203125,568.5264282226562,0.0474296510219574,547.9506225585938,589.49169921875,0.1685326099395752,605.9384155273438,572.8094482421875,0.9951204061508179,605.61572265625,573.1754150390625,0.01936560869216919,635.3955078125,546.8289184570312,0.05182677507400513,637.5459594726562,548.4555053710938,0.8782874345779419,635.1079711914062,542.2326049804688,0.006651818752288818
1640,315.15740966796875,479.3443908691406,0.9998895525932312,557.594970703125,554.605224609375,0.0267941951751709,309.31134033203125,579.7238159179688,0.9998577833175659,551.076171875,567.1897583007812,0.9970722198486328,506.1563415527344,584.282958984375,0.9986920356750488,556.8621826171875,568.4747314453125,0.040922462940216064,548.0684204101562,589.5935668945312,0.14080557227134705,606.2555541992188,571.8873291015625,0.9957313537597656,606.0220336914062,573.1650390625,0.01930353045463562,635.3187255859375,547.2213134765625,0.048006534576416016,637.5415649414062,548.539794921875,0.8731100559234619,635.268798828125,542.2728881835938,0.005658835172653198
1641,315.3264465332031,479.4649658203125,0.9999165534973145,557.3482055664062,554.5081176757812,0.02863207459449768,309.9362487792969,579.759765625,0.999857485294342,550.1216430664062,566.838623046875,0.9963788986206055,505.154052734375,584.19873046875,0.9982019662857056,556.1512451171875,568.3506469726562,0.04960182309150696,547.6560668945312,589.734619140625,0.20377898216247559,605.78515625,573.0635986328125,0.99580317735672,605.43603515625,573.4442138671875,0.022106856107711792,634.6366577148438,547.0301513671875,0.04119664430618286,637.5249633789062,548.465576171875,0.8550878763198853,635.04052734375,542.4492797851562,0.0058754682540893555
1642,315.2044677734375,479.7140808105469,0.9999112486839294,557.4639892578125,554.3284912109375,0.030208498239517212,310.8010559082031,579.48486328125,0.9998405575752258,550.7685546875,567.024658203125,0.997400164604187,506.0595397949219,584.3944091796875,0.9985446929931641,556.7070922851562,568.2196044921875,0.04727792739868164,547.8480834960938,589.5753784179688,0.19657966494560242,606.4873657226562,572.5579833984375,0.9954419136047363,605.9046630859375,573.1748046875,0.021459966897964478,635.2312622070312,546.966064453125,0.04709169268608093,637.4370727539062,548.579345703125,0.8874107599258423,635.06494140625,542.3009643554688,0.005813002586364746
1643,315.4053649902344,479.80047607421875,0.9999152421951294,556.8938598632812,554.3934326171875,0.023524105548858643,310.81866455078125,579.3182983398438,0.9998230338096619,551.5030517578125,566.97412109375,0.9976193904876709,505.9837951660156,584.408447265625,0.9984531402587891,557.409912109375,568.2393188476562,0.028454899787902832,547.5276489257812,589.5177001953125,0.1574721336364746,606.4995727539062,572.546875,0.9967114925384521,605.3008422851562,573.4177856445312,0.02090674638748169,635.3497924804688,546.6889038085938,0.044770658016204834,637.3955078125,548.4046630859375,0.9000176191329956,635.1505126953125,542.2101440429688,0.006102889776229858
1644,315.4528503417969,479.6527099609375,0.9999165534973145,557.8613891601562,554.1819458007812,0.03161036968231201,311.3225402832031,579.4067993164062,0.9998301267623901,550.53515625,567.0191040039062,0.9960771799087524,505.2565002441406,584.1683349609375,0.9983419179916382,556.4699096679688,568.3681030273438,0.060158729553222656,547.649169921875,589.603759765625,0.21401816606521606,606.9927368164062,572.2098388671875,0.9961463212966919,602.1431274414062,572.907958984375,0.019176781177520752,634.6782836914062,547.3580932617188,0.03292384743690491,637.1375732421875,548.9686889648438,0.8959617614746094,635.0863037109375,542.3784790039062,0.00525510311126709
1645,315.4824523925781,479.3706359863281,0.9999096393585205,557.526123046875,554.1956176757812,0.029281020164489746,311.1028137207031,579.4218139648438,0.9998194575309753,551.3151245117188,567.1572875976562,0.9968979954719543,506.3597412109375,584.3834838867188,0.9990119934082031,557.414794921875,568.4737548828125,0.03868722915649414,547.3119506835938,589.7750854492188,0.197412371635437,606.2874755859375,572.2947387695312,0.995476245880127,601.80126953125,572.8756103515625,0.015877246856689453,634.796630859375,547.2308349609375,0.05321571230888367,637.3017578125,548.6810302734375,0.8914237022399902,635.0738525390625,542.1293334960938,0.007175624370574951
1646,315.72552490234375,479.2408752441406,0.9998961687088013,556.9893798828125,554.337646484375,0.02435973286628723,789.1838989257812,558.4798583984375,0.9998422861099243,551.3192138671875,566.8497314453125,0.9943885803222656,505.59844970703125,584.6785888671875,0.9983399510383606,557.8862915039062,568.3185424804688,0.03566533327102661,548.1190185546875,589.2086791992188,0.22501331567764282,607.0349731445312,571.7506103515625,0.9925931692123413,608.581787109375,572.0147705078125,0.021841704845428467,635.162841796875,546.996826171875,0.05075937509536743,637.5144653320312,548.6249389648438,0.9050519466400146,635.0258178710938,542.1644897460938,0.006703108549118042
1647,315.70782470703125,479.2876281738281,0.9999121427536011,557.234130859375,554.2448120117188,0.019128412008285522,311.6150207519531,579.5924072265625,0.9998266696929932,550.0571899414062,567.1739501953125,0.9952610731124878,505.6575622558594,584.5996704101562,0.9985986351966858,556.4899291992188,568.4046020507812,0.03207141160964966,548.2493896484375,589.4432373046875,0.12807133793830872,606.2666625976562,572.3056030273438,0.994179368019104,602.0175170898438,572.338623046875,0.023866266012191772,634.8844604492188,547.0505981445312,0.05597817897796631,637.399169921875,548.4925537109375,0.9030432105064392,635.0711059570312,542.1441650390625,0.0070112645626068115
1648,315.8270263671875,479.3452453613281,0.9999173879623413,171.1409149169922,13.366472244262695,0.03172072768211365,789.218994140625,558.6065063476562,0.9998390674591064,550.5521850585938,567.157958984375,0.9965001344680786,505.7032775878906,584.74462890625,0.9988437294960022,556.9291381835938,568.3701171875,0.04770389199256897,547.8504638671875,589.6549682617188,0.1524086892604828,606.3333740234375,572.0520629882812,0.9912029504776001,606.1502685546875,572.7490844726562,0.02083033323287964,634.5289306640625,547.2945556640625,0.04803812503814697,637.2908325195312,548.6585693359375,0.8839435577392578,635.0655517578125,542.2052612304688,0.0064112842082977295
1649,315.8688049316406,479.38970947265625,0.9999033212661743,173.4527130126953,13.715315818786621,0.08555746078491211,788.6557006835938,558.4365234375,0.9998266696929932,550.609130859375,567.201171875,0.9969421625137329,505.4546203613281,584.58056640625,0.9981899261474609,556.8040161132812,568.5580444335938,0.04102781414985657,548.017333984375,589.5180053710938,0.1736481785774231,606.0242919921875,572.4417114257812,0.9945182800292969,601.7518920898438,572.7221069335938,0.020058393478393555,635.0201416015625,547.1351928710938,0.04269436001777649,637.6396484375,548.5380859375,0.8998175859451294,635.158447265625,542.2869873046875,0.00652584433555603
1650,316.1985778808594,479.29400634765625,0.9999220371246338,558.080078125,554.1802978515625,0.025157183408737183,311.5946960449219,579.7716674804688,0.9998000860214233,549.8776245117188,567.2386474609375,0.9962458610534668,505.1175842285156,584.47509765625,0.9980790019035339,556.69091796875,568.5894775390625,0.04640227556228638,548.0332641601562,589.7620239257812,0.2419576346874237,605.7930908203125,572.8621215820312,0.9956094622612,601.6488647460938,572.7832641601562,0.021500766277313232,634.5156860351562,547.1931762695312,0.05357900261878967,637.181396484375,548.5027465820312,0.8897198438644409,634.9400024414062,542.2183837890625,0.006931275129318237
1651,316.1737060546875,479.46539306640625,0.9999180436134338,173.6077117919922,13.542546272277832,0.029969781637191772,311.4898986816406,579.4943237304688,0.999779224395752,549.7595825195312,567.184326171875,0.996620774269104,505.7142639160156,584.5020141601562,0.9987071752548218,556.629638671875,568.5466918945312,0.03405943512916565,547.8603515625,589.5387573242188,0.15573760867118835,606.761474609375,572.1987915039062,0.9932146072387695,607.8832397460938,572.19775390625,0.025082379579544067,635.0181274414062,546.9627075195312,0.04693436622619629,637.6553344726562,548.316650390625,0.891823947429657,635.0396728515625,542.2286987304688,0.006783813238143921
1652,316.208984375,479.6063537597656,0.9999241828918457,171.07933044433594,13.62397289276123,0.033871859312057495,788.4788208007812,558.5369262695312,0.9998213648796082,550.027099609375,566.8836059570312,0.9966709613800049,505.6728515625,584.508544921875,0.9985960721969604,556.7772216796875,568.5485229492188,0.04622790217399597,547.4824829101562,589.5425415039062,0.2502736449241638,607.264404296875,572.1820068359375,0.9922450184822083,608.0217895507812,572.09521484375,0.025700479745864868,634.7571411132812,547.1832275390625,0.0399167537689209,637.596435546875,548.38916015625,0.8794164061546326,635.052001953125,542.258544921875,0.006051838397979736
1653,316.2646789550781,479.79290771484375,0.9999288320541382,557.87744140625,554.1507568359375,0.019019782543182373,787.4764404296875,558.4124755859375,0.9998092651367188,549.8092651367188,566.9645385742188,0.9967790246009827,505.1156921386719,584.798095703125,0.998225212097168,556.38134765625,568.4807739257812,0.04188072681427002,547.386962890625,589.6486206054688,0.17505782842636108,606.7154541015625,572.2094116210938,0.9938135743141174,601.9375610351562,572.4472045898438,0.022632360458374023,635.0476684570312,547.3543701171875,0.04289001226425171,637.5375366210938,548.8294677734375,0.9023913145065308,635.002197265625,542.2889404296875,0.006242960691452026
1654,316.007568359375,479.7640075683594,0.9999282360076904,173.35806274414062,13.982807159423828,0.04213276505470276,788.7555541992188,557.9593505859375,0.99976646900177,550.104736328125,566.8674926757812,0.9968717098236084,505.2153625488281,584.7109375,0.9982357621192932,556.5581665039062,568.5339965820312,0.04959562420845032,547.4862060546875,589.5720825195312,0.23167210817337036,606.5331420898438,572.190185546875,0.9937467575073242,601.88671875,572.4906616210938,0.022486895322799683,634.5338745117188,547.424072265625,0.03744223713874817,637.4519653320312,548.6188354492188,0.8944971561431885,635.021484375,542.3834228515625,0.0056594014167785645
1655,316.2415466308594,479.53533935546875,0.9999253749847412,558.1371459960938,553.9312133789062,0.026518404483795166,311.8572998046875,579.8724975585938,0.9997736215591431,549.8916015625,566.9363403320312,0.9967629909515381,505.3810119628906,584.6258544921875,0.9980496764183044,556.3565673828125,568.5288696289062,0.08027613162994385,547.469482421875,589.7880859375,0.23239225149154663,606.8193359375,572.3363037109375,0.994410514831543,601.9745483398438,572.5477294921875,0.02525228261947632,634.414794921875,547.3568115234375,0.03872457146644592,637.4481201171875,548.6519165039062,0.8937835693359375,635.0777587890625,542.3757934570312,0.005833745002746582
1656,316.53680419921875,479.609619140625,0.999909520149231,557.3001708984375,554.3035278320312,0.024072915315628052,787.207763671875,557.7260131835938,0.9998095631599426,550.9306640625,567.0687866210938,0.9968993663787842,505.3497314453125,584.6380615234375,0.9984750747680664,557.1236572265625,568.352783203125,0.05607864260673523,547.285400390625,589.8696899414062,0.20736020803451538,605.94677734375,572.412841796875,0.9953489303588867,601.425537109375,572.4158935546875,0.02490141987800598,634.5025634765625,547.3614501953125,0.033380091190338135,637.1910400390625,548.3886108398438,0.8783141374588013,635.013916015625,542.4458618164062,0.0058110058307647705
1657,316.3201599121094,479.5775451660156,0.9999352097511292,557.7528076171875,554.115966796875,0.025684118270874023,788.2105102539062,559.1362915039062,0.9998403787612915,550.8949584960938,567.0281982421875,0.9967535734176636,505.5563049316406,584.447265625,0.9985743761062622,557.0609130859375,568.313720703125,0.061304569244384766,547.189208984375,589.6973266601562,0.23992043733596802,606.3739624023438,572.3583374023438,0.9943835139274597,601.87890625,572.6058349609375,0.02476966381072998,634.373779296875,547.4947509765625,0.03615158796310425,637.2387084960938,548.4415893554688,0.8520189523696899,634.9326782226562,542.4335327148438,0.005863755941390991
1658,316.4714660644531,479.81475830078125,0.9999386072158813,557.6109619140625,554.1990356445312,0.02679044008255005,788.1380004882812,558.8088989257812,0.9998528361320496,551.224853515625,567.1271362304688,0.996237576007843,505.2302551269531,584.5333862304688,0.99835205078125,557.4920654296875,568.4677734375,0.056145936250686646,547.5051879882812,589.6676635742188,0.19462808966636658,605.68505859375,572.7451171875,0.9960215091705322,601.2702026367188,572.7645263671875,0.02525848150253296,634.6351318359375,547.4442749023438,0.04420807957649231,637.1757202148438,548.4193725585938,0.8937724828720093,635.1028442382812,542.21337890625,0.006522148847579956
1659,316.5483093261719,479.6443176269531,0.9999207258224487,174.264892578125,13.909858703613281,0.03095036745071411,788.2576904296875,557.9271850585938,0.9998115301132202,549.9597778320312,567.1757202148438,0.9971184730529785,505.3006896972656,584.607666015625,0.9985579252243042,556.3853759765625,568.3296508789062,0.05391380190849304,547.2720336914062,589.5702514648438,0.21887433528900146,604.7779541015625,573.3677368164062,0.9974554777145386,600.9249877929688,573.0901489257812,0.021790802478790283,634.6918334960938,547.2620849609375,0.043253809213638306,637.3226318359375,548.2885131835938,0.9149620532989502,634.9998168945312,542.34033203125,0.006898552179336548
1660,316.5726318359375,479.7419128417969,0.9999321103096008,170.9556884765625,14.359170913696289,0.02874976396560669,787.6478881835938,558.9601440429688,0.9998083114624023,550.1698608398438,566.8402099609375,0.996911883354187,505.2745056152344,584.8232421875,0.9983518123626709,556.8313598632812,568.1822509765625,0.04980441927909851,547.8840942382812,589.4368896484375,0.23380154371261597,605.6837768554688,572.6714477539062,0.9952054023742676,601.5091552734375,572.6710205078125,0.02474537491798401,633.9740600585938,547.4349365234375,0.04822593927383423,636.6915893554688,548.457275390625,0.9007264375686646,635.0382690429688,542.3234252929688,0.0067996978759765625
1661,316.6292724609375,479.73779296875,0.9999337792396545,173.25067138671875,13.347601890563965,0.03648480772972107,788.12646484375,558.3735961914062,0.9998219013214111,549.9666137695312,567.04248046875,0.9971498250961304,505.0851745605469,584.5277099609375,0.9983229637145996,557.165771484375,568.2615356445312,0.054475098848342896,547.2656860351562,589.6749877929688,0.2245180308818817,605.5787353515625,572.817626953125,0.9960405826568604,601.3976440429688,572.710693359375,0.026356548070907593,634.3040161132812,547.4310302734375,0.04512524604797363,636.9304809570312,548.6298828125,0.924663782119751,634.8475952148438,542.2685546875,0.006127446889877319
1662,316.6158447265625,479.5652160644531,0.9999188184738159,173.1829376220703,12.927289009094238,0.14017590880393982,787.8839721679688,558.8510131835938,0.9998007416725159,550.1873779296875,566.9295043945312,0.9958041906356812,505.1294860839844,584.6575317382812,0.9980957508087158,557.1493530273438,568.4498291015625,0.05008202791213989,547.3815307617188,589.5228271484375,0.18080556392669678,605.1656494140625,573.0667724609375,0.9967141151428223,601.0214233398438,572.9529418945312,0.019593030214309692,634.8740234375,547.2811889648438,0.048698604106903076,637.1818237304688,548.5653686523438,0.9178868532180786,635.0313720703125,542.1677856445312,0.007137477397918701
1663,317.03692626953125,479.64056396484375,0.9999215006828308,557.8555297851562,554.2454833984375,0.02824079990386963,787.2529907226562,559.0418090820312,0.9998468160629272,550.1283569335938,566.9260864257812,0.9968823194503784,504.7962646484375,584.46826171875,0.9985193610191345,556.9251098632812,568.0883178710938,0.058646827936172485,547.28173828125,589.4761962890625,0.23192477226257324,605.4097290039062,572.7073974609375,0.9959936141967773,601.2234497070312,572.6071166992188,0.0227106511592865,634.5763549804688,547.0980834960938,0.05178940296173096,637.1260375976562,548.3176879882812,0.9107720851898193,634.9407958984375,542.1886596679688,0.007475376129150391
1664,317.0150146484375,479.8450927734375,0.999944806098938,173.3151092529297,13.124286651611328,0.052857041358947754,788.3196411132812,558.3059692382812,0.999801516532898,549.068115234375,566.9169921875,0.9959003925323486,504.6807556152344,584.1434936523438,0.9984167814254761,556.56396484375,568.2542114257812,0.05996197462081909,547.2897338867188,589.4380493164062,0.22903481125831604,604.636474609375,573.3180541992188,0.9956256151199341,600.9876098632812,572.84130859375,0.02955472469329834,631.95263671875,546.922119140625,0.06311392784118652,636.62939453125,548.8544311523438,0.897495687007904,634.9412841796875,542.2764282226562,0.007183104753494263
1665,317.16796875,479.6839599609375,0.9999265670776367,557.7589721679688,554.5932006835938,0.027564823627471924,787.9221801757812,558.9912719726562,0.9998463988304138,550.389404296875,566.8018188476562,0.9938185811042786,504.76861572265625,584.9066162109375,0.9975872039794922,557.4388427734375,568.1353149414062,0.049053072929382324,547.9058227539062,589.2262573242188,0.24520722031593323,606.2614135742188,572.3893432617188,0.9948774576187134,607.4337158203125,572.5177612304688,0.01757889986038208,634.6382446289062,547.5491943359375,0.033748775720596313,637.6476440429688,548.669677734375,0.8709478378295898,332.0151672363281,476.4093322753906,0.006193280220031738
1666,317.1157531738281,479.9298400878906,0.9999375343322754,558.2625732421875,554.0716552734375,0.021775037050247192,787.6132202148438,558.114990234375,0.9998524188995361,548.6817626953125,567.2352905273438,0.9954073429107666,505.2652893066406,584.8602294921875,0.9983785152435303,555.5291137695312,568.4635009765625,0.044752150774002075,548.0068359375,589.682373046875,0.17454317212104797,605.9146728515625,572.6500244140625,0.9935791492462158,601.6276245117188,572.5090942382812,0.028331667184829712,634.505859375,547.5697631835938,0.040988922119140625,637.0532836914062,548.7969970703125,0.910280704498291,332.03265380859375,476.3983154296875,0.006250888109207153
1667,317.14410400390625,480.0988464355469,0.999940037727356,173.13929748535156,13.228937149047852,0.04326432943344116,787.8859252929688,558.2767333984375,0.9997866749763489,549.5413208007812,566.7044677734375,0.9956254959106445,505.11883544921875,584.6259765625,0.9986066222190857,556.5962524414062,568.0673828125,0.06692394614219666,548.0559692382812,589.4841918945312,0.2293691337108612,606.5224609375,572.3124389648438,0.9924986362457275,602.1608276367188,572.4468994140625,0.023943156003952026,634.7677001953125,547.1972045898438,0.047349631786346436,637.2194213867188,548.701416015625,0.9127969741821289,635.1192626953125,542.2151489257812,0.006584465503692627
1668,317.2151794433594,479.8227844238281,0.9999355673789978,172.9322967529297,14.780926704406738,0.04605415463447571,787.8150634765625,558.0468139648438,0.9998260140419006,549.4448852539062,567.029052734375,0.9949519634246826,504.8076171875,584.57666015625,0.9982914924621582,557.1888427734375,568.2479858398438,0.045889437198638916,547.3829345703125,589.4266357421875,0.19540005922317505,606.381591796875,572.3701171875,0.9938315749168396,601.6110229492188,572.6467895507812,0.018272370100021362,634.854248046875,547.2330932617188,0.03824293613433838,637.1728515625,548.7476196289062,0.9048023223876953,635.1307983398438,542.2660522460938,0.006283432245254517
1669,317.1396789550781,479.76678466796875,0.9999340772628784,173.4269256591797,14.345951080322266,0.03803977370262146,787.8095092773438,558.337646484375,0.9998470544815063,549.6152954101562,566.798828125,0.995002031326294,504.8333740234375,584.4796752929688,0.9983526468276978,557.2068481445312,568.1103515625,0.05666768550872803,547.19873046875,589.7100830078125,0.21544590592384338,606.705810546875,571.9835815429688,0.9909857511520386,608.277099609375,571.6790161132812,0.03350076079368591,634.4376831054688,547.4678344726562,0.0351470410823822,637.30517578125,548.5249633789062,0.8834618926048279,332.01763916015625,476.3315124511719,0.006265997886657715
1670,317.39154052734375,479.7294616699219,0.999926745891571,173.18582153320312,13.881811141967773,0.10715195536613464,787.1923828125,558.8802490234375,0.9998561143875122,549.7627563476562,566.69873046875,0.9952192306518555,505.19781494140625,584.7804565429688,0.9985380172729492,557.0374145507812,568.2412109375,0.06643396615982056,547.0660400390625,589.5807495117188,0.27712780237197876,606.5751342773438,572.6701049804688,0.9949514865875244,607.5726318359375,572.5753784179688,0.026174157857894897,634.3324584960938,547.1715698242188,0.05570042133331299,636.6819458007812,548.6063842773438,0.9208524823188782,634.9375,542.17724609375,0.007204234600067139
1671,317.43280029296875,479.9060974121094,0.9999313950538635,173.38548278808594,13.668680191040039,0.106943279504776,786.936279296875,558.4924926757812,0.9998443126678467,549.9537963867188,567.054931640625,0.995976448059082,505.1518249511719,584.7490234375,0.9986308813095093,557.29736328125,568.2787475585938,0.07266512513160706,547.1241455078125,589.832763671875,0.2267952561378479,605.7803344726562,572.8466796875,0.9944960474967957,601.5554809570312,572.65380859375,0.026954174041748047,634.0813598632812,547.4122314453125,0.038968056440353394,636.7925415039062,548.707275390625,0.8944061398506165,331.89453125,476.3799743652344,0.005994200706481934
1672,317.4691162109375,479.6839599609375,0.9999397993087769,172.89122009277344,12.570449829101562,0.034784287214279175,787.1934204101562,557.7798461914062,0.9998626708984375,550.7395629882812,566.8699340820312,0.994524359703064,505.2545471191406,584.4967651367188,0.9987162351608276,558.01220703125,568.240966796875,0.05257153511047363,547.288818359375,589.5724487304688,0.22883695363998413,606.3258666992188,572.6056518554688,0.9954653978347778,607.5902099609375,572.2958984375,0.02694547176361084,634.8687744140625,547.2342529296875,0.03099203109741211,637.1599731445312,548.7119140625,0.8974512815475464,634.9154052734375,542.2279052734375,0.0058349668979644775
1673,317.33245849609375,480.1123046875,0.9999436140060425,172.60794067382812,13.230381965637207,0.15584000945091248,787.3470458984375,558.1007080078125,0.9998239874839783,550.0265502929688,567.0004272460938,0.996540367603302,505.11810302734375,584.3702392578125,0.998883843421936,556.9649658203125,568.1437377929688,0.04503917694091797,547.097412109375,589.6068115234375,0.17365813255310059,606.3696899414062,572.4900512695312,0.9964745044708252,601.5401611328125,572.8186645507812,0.01901400089263916,634.8878784179688,547.1577758789062,0.03528597950935364,637.1904907226562,548.666015625,0.9070305824279785,635.0601196289062,542.17333984375,0.006229668855667114
1674,317.38824462890625,479.9399108886719,0.9999368190765381,173.43804931640625,13.586320877075195,0.042319297790527344,787.4832763671875,557.9793701171875,0.9998593330383301,550.0508422851562,566.7525024414062,0.9947124719619751,504.8935241699219,584.558349609375,0.9985321164131165,557.102783203125,568.0780029296875,0.04742053151130676,547.32568359375,589.4315795898438,0.23594072461128235,606.9512329101562,572.3362426757812,0.9938547015190125,608.077880859375,572.0260620117188,0.02506554126739502,635.1109008789062,547.1530151367188,0.041940003633499146,637.3331298828125,548.720703125,0.9196970462799072,634.99658203125,542.2123413085938,0.005975306034088135
1675,317.4793701171875,479.8211669921875,0.9999347925186157,558.1463623046875,554.2922973632812,0.025418847799301147,787.2726440429688,558.0144653320312,0.9998695850372314,550.1649169921875,567.0884399414062,0.9968863725662231,505.2762756347656,584.5249633789062,0.9988206624984741,556.7222290039062,568.089111328125,0.05099552869796753,547.2282104492188,589.7166137695312,0.19702956080436707,606.7821044921875,572.3153076171875,0.9952731728553772,607.9267578125,572.208740234375,0.024576783180236816,635.0769653320312,546.8588256835938,0.04698896408081055,637.3155517578125,548.4609985351562,0.9130511283874512,635.0233154296875,542.1414794921875,0.0068895816802978516
1676,317.4355163574219,479.75103759765625,0.9999375343322754,557.8457641601562,554.2181396484375,0.02262401580810547,786.9998779296875,558.04248046875,0.9998685121536255,549.5706176757812,566.93310546875,0.9969490170478821,504.82415771484375,584.4415283203125,0.9988030195236206,556.3438720703125,567.9785766601562,0.06130558252334595,547.7490234375,589.5297241210938,0.18250182271003723,605.2178955078125,572.6556396484375,0.9962282180786133,600.9705200195312,572.5592651367188,0.02931031584739685,634.240478515625,547.3343505859375,0.03628244996070862,636.7432861328125,548.85546875,0.9171159863471985,634.8358154296875,542.2169799804688,0.0060517191886901855
1677,317.76483154296875,479.6680908203125,0.9999301433563232,557.76123046875,554.3017578125,0.019694656133651733,786.26904296875,558.086181640625,0.9998207092285156,546.38037109375,567.5594482421875,0.9948557615280151,504.87255859375,584.4293823242188,0.9986711144447327,555.9990844726562,568.2214965820312,0.046357959508895874,547.78466796875,589.4891357421875,0.2050539255142212,606.4149780273438,572.3649291992188,0.9950088858604431,601.7623901367188,572.4297485351562,0.020505547523498535,634.6206665039062,547.3951416015625,0.028460562229156494,637.408935546875,548.6243286132812,0.8888067007064819,332.04815673828125,476.3647155761719,0.005995512008666992
1678,318.4642333984375,480.1469421386719,0.9999375343322754,173.5001983642578,12.798120498657227,0.025756001472473145,786.8331298828125,558.6853637695312,0.9998542070388794,549.6753540039062,567.0772705078125,0.9966766238212585,505.17889404296875,584.5858764648438,0.9988566637039185,556.714599609375,568.1961059570312,0.03650307655334473,547.3885498046875,589.8135375976562,0.21269157528877258,605.8588256835938,572.6812133789062,0.9963078498840332,601.7501220703125,572.684814453125,0.027162820100784302,634.8204956054688,546.8359375,0.051048099994659424,637.0228271484375,548.3800048828125,0.9354513883590698,634.9448852539062,542.1080322265625,0.007300347089767456
1679,318.3606262207031,480.1575927734375,0.9999427795410156,173.12257385253906,13.423287391662598,0.06864702701568604,786.2218627929688,558.0399780273438,0.9998565316200256,549.1990356445312,566.8619384765625,0.9968971014022827,505.20501708984375,584.5220336914062,0.9988178014755249,556.0408325195312,568.244140625,0.05095842480659485,546.89111328125,589.6485595703125,0.24230065941810608,606.2078247070312,572.6318359375,0.9957549571990967,601.7523193359375,572.5122680664062,0.024411946535110474,635.2537841796875,547.3486938476562,0.03977501392364502,637.4751586914062,548.5494995117188,0.8874832391738892,331.98095703125,476.2956237792969,0.0058772265911102295
1680,318.6228942871094,480.29278564453125,0.9999560713768005,172.8194580078125,13.089802742004395,0.09986689686775208,787.3882446289062,558.18505859375,0.9998781681060791,548.8569946289062,566.8623046875,0.9970414638519287,504.8582458496094,584.6182250976562,0.9987884759902954,555.797607421875,568.2262573242188,0.051142722368240356,547.2818603515625,589.9391479492188,0.23657271265983582,605.9221801757812,572.4920654296875,0.9952116012573242,601.67529296875,572.3741455078125,0.02869275212287903,634.8098754882812,547.3944702148438,0.035212934017181396,637.197021484375,548.7582397460938,0.9030678272247314,331.8852844238281,476.29315185546875,0.006082296371459961
1681,318.6595458984375,480.24072265625,0.9999350905418396,173.4212646484375,13.539366722106934,0.045943260192871094,786.9214477539062,558.4985961914062,0.9998854398727417,549.01513671875,566.8799438476562,0.9972285032272339,504.8428649902344,584.6802978515625,0.9986709356307983,555.7197265625,568.19775390625,0.04584217071533203,547.1217651367188,589.9082641601562,0.21138623356819153,604.33642578125,573.3231811523438,0.9970990419387817,600.6312866210938,572.9766235351562,0.03090083599090576,634.3651123046875,547.4089965820312,0.0435713529586792,636.73046875,548.7279663085938,0.9285528659820557,634.9248657226562,542.2978515625,0.006294459104537964
1682,318.8906555175781,479.9819641113281,0.9999402761459351,171.1809539794922,13.378795623779297,0.05537694692611694,786.4513549804688,558.6455688476562,0.9998960494995117,549.8187255859375,566.6197509765625,0.9966965913772583,505.016357421875,584.82421875,0.9984937310218811,556.7060546875,567.8504638671875,0.04552900791168213,547.4163818359375,589.847900390625,0.26708224415779114,605.594970703125,572.601806640625,0.9966179728507996,601.3653564453125,572.6168823242188,0.02595803141593933,634.308837890625,547.3050537109375,0.038561612367630005,636.5015258789062,548.8029174804688,0.9287647008895874,634.8032836914062,542.228515625,0.0064046382904052734
1683,318.96392822265625,480.0391540527344,0.9999324083328247,173.41128540039062,13.30177116394043,0.08885601162910461,786.7677001953125,558.2183227539062,0.9998615980148315,549.2869262695312,566.7735595703125,0.9971656799316406,505.06072998046875,584.736572265625,0.9987131357192993,556.4158325195312,568.1588134765625,0.04384621977806091,547.3302612304688,589.6295776367188,0.2039373219013214,606.29443359375,572.4376831054688,0.9961704611778259,605.4573364257812,572.8579711914062,0.022342443466186523,634.6873779296875,547.2507934570312,0.04895758628845215,636.938720703125,548.407958984375,0.9394189119338989,634.9705200195312,542.2084350585938,0.00678253173828125
1684,319.02880859375,480.17022705078125,0.9999485611915588,172.99632263183594,13.199949264526367,0.03787916898727417,786.6497192382812,558.1187744140625,0.999886155128479,549.994140625,566.9462890625,0.9971389770507812,505.1451416015625,584.483642578125,0.9988054037094116,556.8703002929688,568.1492309570312,0.04551553726196289,547.3873901367188,589.679443359375,0.2238391637802124,605.4205932617188,572.6158447265625,0.9960100650787354,601.433349609375,572.6436767578125,0.025705069303512573,634.8033447265625,547.0391235351562,0.03084617853164673,637.2637329101562,548.63916015625,0.9085574746131897,331.8466796875,476.3033447265625,0.005781650543212891
1685,319.1033630371094,480.2178039550781,0.9999533891677856,172.84022521972656,12.63051700592041,0.08510112762451172,785.9546508789062,558.48193359375,0.9998905658721924,550.2691650390625,566.8546752929688,0.9962725639343262,504.8947448730469,584.88916015625,0.9984233379364014,557.3385009765625,568.1021728515625,0.04515838623046875,547.3010864257812,589.6392211914062,0.20224368572235107,605.6905517578125,572.5640869140625,0.995398223400116,607.704345703125,572.03173828125,0.023547738790512085,634.6124267578125,547.4305419921875,0.02973845601081848,637.0567626953125,548.745361328125,0.8881295919418335,331.7569580078125,476.23968505859375,0.00587734580039978
1686,319.0679016113281,480.3346862792969,0.9999591112136841,557.9420166015625,554.2117919921875,0.026106178760528564,786.5350952148438,557.4009399414062,0.999869704246521,549.9639892578125,566.7548217773438,0.9956896305084229,504.9339599609375,584.7122192382812,0.9986681938171387,556.8992919921875,568.0112915039062,0.05545857548713684,547.3331298828125,589.4749145507812,0.2895943522453308,607.1132202148438,572.0474853515625,0.993330717086792,607.9363403320312,571.6558227539062,0.026560723781585693,634.6239624023438,547.4878540039062,0.030858278274536133,637.1746215820312,548.6456298828125,0.8764594793319702,331.8563232421875,476.3348693847656,0.006432145833969116
1687,318.943603515625,480.30914306640625,0.9999499320983887,173.28904724121094,12.895349502563477,0.050790250301361084,786.1874389648438,557.8164672851562,0.9998470544815063,549.80419921875,566.688720703125,0.9957508444786072,504.7423400878906,584.4439697265625,0.9987183809280396,556.9091186523438,568.0510864257812,0.04243946075439453,547.0406494140625,589.595947265625,0.21304088830947876,606.1160888671875,572.7162475585938,0.9969647526741028,605.1896362304688,573.0418090820312,0.0205230712890625,634.1878051757812,546.9422607421875,0.034401118755340576,636.705810546875,548.4381713867188,0.8950027823448181,331.7928466796875,476.278076171875,0.006581127643585205
1688,319.00506591796875,480.20892333984375,0.9999516606330872,173.13406372070312,13.236352920532227,0.03549948334693909,785.7621459960938,558.0270385742188,0.9998606443405151,549.7385864257812,566.719482421875,0.9959006309509277,505.0776672363281,584.4705200195312,0.9987100958824158,556.8555297851562,567.9636840820312,0.047691941261291504,547.3661499023438,589.3091430664062,0.22497302293777466,606.8356323242188,572.3872680664062,0.9955683946609497,607.9866943359375,571.9091796875,0.02543237805366516,634.8063354492188,547.13623046875,0.03629106283187866,637.2059936523438,548.423095703125,0.8940562009811401,331.7415771484375,476.2589416503906,0.006058543920516968
1689,319.1332702636719,480.3200988769531,0.9999562501907349,557.6493530273438,554.1012573242188,0.0191325843334198,785.8405151367188,558.1367797851562,0.9998477697372437,549.8936157226562,566.7011108398438,0.9967841506004333,504.9538269042969,584.7478637695312,0.9984166026115417,556.7028198242188,568.1292724609375,0.04744434356689453,547.1487426757812,589.5219116210938,0.24255308508872986,606.2840576171875,572.406982421875,0.9956122636795044,607.5180053710938,572.1512451171875,0.02630022168159485,634.7021484375,547.3213500976562,0.025704652070999146,636.9298095703125,548.6708374023438,0.8832869529724121,331.81536865234375,476.2176513671875,0.006634324789047241
1690,319.1896667480469,480.5614013671875,0.9999496936798096,172.8671875,13.878717422485352,0.044390976428985596,786.125,558.1094360351562,0.9998857975006104,550.1034545898438,566.7145385742188,0.9956672787666321,505.11669921875,584.6007080078125,0.9987120032310486,556.6220092773438,567.9899291992188,0.06239965558052063,547.4606323242188,589.467529296875,0.2795461416244507,606.5711669921875,572.4376220703125,0.9948483109474182,601.9873657226562,572.2327270507812,0.02680113911628723,634.6085815429688,547.2933959960938,0.02748003602027893,636.999267578125,548.7227172851562,0.905180811882019,331.6676940917969,476.2432556152344,0.006617873907089233
1691,319.3525085449219,480.3100891113281,0.9999498128890991,172.96456909179688,13.245841979980469,0.07297384738922119,785.6849975585938,558.3457641601562,0.99986732006073,549.4136962890625,566.58251953125,0.9963561296463013,505.23095703125,584.6690063476562,0.9989076852798462,556.5142822265625,568.0320434570312,0.049131572246551514,547.1260986328125,589.6964721679688,0.27701056003570557,607.2286376953125,572.2222900390625,0.9935011863708496,607.9834594726562,571.7951049804688,0.023769229650497437,634.6131591796875,547.6019287109375,0.025818824768066406,637.13818359375,548.7774658203125,0.8750991821289062,331.69561767578125,476.2948913574219,0.006636291742324829
1692,319.50164794921875,480.4936218261719,0.9999564290046692,172.84303283691406,13.115918159484863,0.04357278347015381,786.5253295898438,557.8385620117188,0.9998738765716553,549.2214965820312,566.6807250976562,0.9972599744796753,505.1038818359375,584.4912719726562,0.9985805749893188,556.222900390625,567.9088134765625,0.0580105185508728,547.5582275390625,589.778076171875,0.279256135225296,606.5313110351562,572.33740234375,0.9951760172843933,601.9703979492188,572.4963989257812,0.029006928205490112,632.3177490234375,547.1233520507812,0.023347318172454834,637.1906127929688,548.873779296875,0.8664374351501465,331.68096923828125,476.2484436035156,0.0064439475536346436
1693,319.3071594238281,480.4413146972656,0.9999421834945679,172.70462036132812,13.159917831420898,0.04158630967140198,786.3339233398438,557.77587890625,0.9998807311058044,550.5423583984375,566.8143310546875,0.9973815679550171,505.437255859375,584.7371826171875,0.9988036751747131,330.2612609863281,475.0983581542969,0.037605226039886475,546.8502807617188,589.6088256835938,0.171308696269989,606.4649047851562,572.6195678710938,0.9948374032974243,605.8521728515625,572.6435546875,0.02462679147720337,635.0298461914062,547.2661743164062,0.03574270009994507,637.2999267578125,548.6815795898438,0.892807126045227,331.614501953125,476.2314758300781,0.006648063659667969
1694,319.62384033203125,480.6338195800781,0.9999567270278931,172.73434448242188,13.004432678222656,0.0751238763332367,786.4176025390625,557.43359375,0.9998733401298523,550.0917358398438,567.0266723632812,0.9965179562568665,504.92266845703125,584.5648193359375,0.9985849857330322,330.3993835449219,475.05267333984375,0.036971837282180786,547.2350463867188,589.406005859375,0.1819637417793274,605.7636108398438,572.6102905273438,0.9968159198760986,604.7935791015625,573.1887817382812,0.02087804675102234,634.3876953125,547.8568725585938,0.023756414651870728,636.9308471679688,549.0791625976562,0.8750541806221008,331.6750793457031,476.2834777832031,0.006811290979385376
1695,319.660400390625,480.61358642578125,0.9999618530273438,173.22604370117188,13.110566139221191,0.046226829290390015,786.722412109375,557.3182983398438,0.9998526573181152,549.9091796875,566.78369140625,0.9960788488388062,505.025146484375,584.5856323242188,0.9986523389816284,556.7328491210938,567.9818725585938,0.049291759729385376,547.371826171875,589.3206787109375,0.20996496081352234,606.2372436523438,572.7289428710938,0.9953628778457642,607.384521484375,572.4864501953125,0.023686259984970093,634.6752319335938,547.2501220703125,0.03881186246871948,636.9730834960938,548.5487060546875,0.8978613615036011,331.6088562011719,476.322021484375,0.0065465569496154785
1696,319.6705017089844,480.4859619140625,0.9999698400497437,557.8309326171875,554.245361328125,0.019120872020721436,786.2222900390625,558.0518798828125,0.9998602867126465,550.1652221679688,566.8364868164062,0.9978988170623779,505.174560546875,584.5736083984375,0.9987083673477173,556.70751953125,567.79150390625,0.0427490770816803,547.1246948242188,589.785888671875,0.16393551230430603,604.9879760742188,572.7600708007812,0.996766209602356,601.08740234375,572.7489013671875,0.01942497491836548,634.645263671875,547.26318359375,0.04142415523529053,636.852294921875,548.6827392578125,0.9074994325637817,634.9764404296875,542.25,0.006350696086883545
1697,319.77587890625,480.7688293457031,0.9999668598175049,172.02398681640625,12.995583534240723,0.0379176139831543,785.8234252929688,557.4205932617188,0.9998561143875122,549.7980346679688,566.6658935546875,0.996884822845459,505.1658935546875,584.3976440429688,0.9987655878067017,556.3471069335938,567.9569702148438,0.05524492263793945,547.0380859375,589.6798095703125,0.23781675100326538,605.6012573242188,572.5914306640625,0.9954562783241272,601.4520874023438,572.4647827148438,0.02874937653541565,634.69091796875,547.2625732421875,0.03689572215080261,637.0669555664062,548.5313720703125,0.885607123374939,331.4475402832031,476.3394775390625,0.006566137075424194
1698,319.94378662109375,480.7526550292969,0.9999759793281555,172.77537536621094,12.92289924621582,0.04156172275543213,786.1485595703125,557.0081176757812,0.9998378753662109,549.96044921875,566.7205810546875,0.9980044960975647,504.6374816894531,584.3278198242188,0.9987213611602783,556.4402465820312,567.7573852539062,0.049709975719451904,546.9138793945312,589.6209106445312,0.20980072021484375,604.001220703125,573.5379638671875,0.9976814389228821,600.7014770507812,573.2146606445312,0.02823430299758911,634.2867431640625,547.2744750976562,0.046283066272735596,636.75048828125,548.7044067382812,0.921466588973999,635.0250854492188,542.2627563476562,0.006380140781402588
1699,319.75482177734375,480.6182556152344,0.9999814629554749,172.6761474609375,11.870686531066895,0.025228530168533325,786.1240234375,557.5012817382812,0.9998719692230225,549.6360473632812,566.9393310546875,0.9969770312309265,504.9184265136719,584.46875,0.998770534992218,556.4241333007812,567.951904296875,0.04909190535545349,546.8495483398438,589.62158203125,0.20956504344940186,605.7293090820312,572.4992065429688,0.9966049194335938,601.486572265625,572.4520263671875,0.021919071674346924,634.2850341796875,547.0183715820312,0.04168432950973511,636.8383178710938,548.4984741210938,0.9183826446533203,634.9559326171875,542.3072509765625,0.006319999694824219
1700,320.13385009765625,480.8735046386719,0.999976396560669,173.5856170654297,12.472915649414062,0.03312531113624573,786.2111206054688,557.8538818359375,0.9998886585235596,549.3219604492188,566.7752685546875,0.9961622953414917,505.3497009277344,584.563720703125,0.9988413453102112,556.0347290039062,567.8955688476562,0.05396145582199097,547.41162109375,589.4799194335938,0.22264307737350464,605.7887573242188,572.6951293945312,0.9959754943847656,601.4833984375,572.5368041992188,0.025199443101882935,634.5996704101562,547.4993896484375,0.02758517861366272,637.0673828125,548.99462890625,0.924675703048706,331.3905944824219,476.31134033203125,0.005991190671920776
1701,319.88720703125,480.6560974121094,0.9999778270721436,172.19186401367188,12.904938697814941,0.02538585662841797,786.0394287109375,557.9721069335938,0.9998828172683716,549.7731323242188,566.5955200195312,0.9974455833435059,504.8106689453125,584.5160522460938,0.998624324798584,557.00244140625,567.6627197265625,0.03669974207878113,546.81201171875,589.6130981445312,0.19566470384597778,605.9041137695312,572.6246948242188,0.9962946772575378,604.923583984375,573.2607421875,0.023983865976333618,634.5206909179688,546.9388427734375,0.04018685221672058,636.8492431640625,548.5575561523438,0.9214655160903931,634.92138671875,542.1854248046875,0.00616145133972168
1702,319.9121398925781,480.9420166015625,0.9999821186065674,173.5004119873047,13.117399215698242,0.027840495109558105,786.1884765625,557.3711547851562,0.9998775720596313,549.2167358398438,566.5703125,0.997154176235199,504.5701904296875,584.7109375,0.9982209205627441,556.0215454101562,567.715576171875,0.052793264389038086,547.0276489257812,589.4215698242188,0.22848623991012573,606.0668334960938,572.63037109375,0.9963908195495605,605.1437377929688,572.9681396484375,0.02246364951133728,634.3292846679688,547.2614135742188,0.03504645824432373,636.7586669921875,548.54931640625,0.9134954214096069,634.9100952148438,542.2120361328125,0.0058266520500183105
1703,319.8938903808594,480.8454284667969,0.9999857544898987,172.1380615234375,12.709197044372559,0.04164019227027893,786.5105590820312,557.1670532226562,0.9998894929885864,549.6758422851562,566.6575317382812,0.9968538284301758,505.1902160644531,584.686279296875,0.9988008737564087,556.7481689453125,567.7958984375,0.03844687342643738,546.9620971679688,589.6083984375,0.2162293791770935,606.4432983398438,572.308837890625,0.9960005879402161,605.314208984375,573.1314697265625,0.021875649690628052,634.6171875,546.9871826171875,0.04712381958961487,636.7306518554688,548.6737670898438,0.9402333498001099,634.9200439453125,542.1118774414062,0.0066030025482177734
1704,319.9982604980469,480.9120178222656,0.999984860420227,172.45245361328125,13.169471740722656,0.1481722593307495,786.973388671875,557.2275390625,0.9999045133590698,549.9112548828125,566.536865234375,0.9965822696685791,505.0384216308594,584.296630859375,0.9986248016357422,556.8489379882812,567.7639770507812,0.045469820499420166,547.0530395507812,589.303955078125,0.19330045580863953,605.2119750976562,572.6629028320312,0.9969894886016846,604.4531860351562,573.1223754882812,0.019343197345733643,634.3677368164062,547.3792114257812,0.03542900085449219,636.716064453125,548.7935791015625,0.9265507459640503,634.86865234375,542.3160400390625,0.005697757005691528
1705,320.11676025390625,480.9344177246094,0.9999841451644897,557.2509155273438,554.7767944335938,0.018815159797668457,785.7157592773438,557.5128173828125,0.9998871088027954,550.4171142578125,566.5672607421875,0.9973846673965454,505.1893310546875,584.4805297851562,0.9988439083099365,557.576904296875,567.5037231445312,0.027908027172088623,546.8822021484375,589.1826782226562,0.19427233934402466,605.65087890625,572.421630859375,0.9965213537216187,604.73193359375,573.1903686523438,0.018532752990722656,634.8260498046875,546.6594848632812,0.040042728185653687,636.7683715820312,548.4366455078125,0.9416191577911377,634.9730834960938,542.1880493164062,0.006354212760925293
1706,319.9562072753906,480.6836853027344,0.9999831914901733,557.9505004882812,554.7020874023438,0.0186062753200531,785.62548828125,557.612548828125,0.9998906850814819,549.7705688476562,566.9874267578125,0.9966407418251038,504.6510009765625,584.1605224609375,0.9989322423934937,556.5150146484375,567.8857421875,0.04329720139503479,547.0865478515625,589.3212280273438,0.22290551662445068,605.8426513671875,572.2997436523438,0.9954612255096436,604.985107421875,572.9609985351562,0.021070271730422974,634.7825317382812,547.0946655273438,0.04035624861717224,637.1072387695312,548.607177734375,0.9397709369659424,634.9286499023438,542.180908203125,0.006135135889053345
1707,319.8568420410156,480.85223388671875,0.9999823570251465,172.6681365966797,13.429037094116211,0.05061936378479004,786.580322265625,557.4556884765625,0.9998953938484192,550.3803100585938,566.6067504882812,0.997492790222168,504.80657958984375,584.3758544921875,0.9985814094543457,557.2711181640625,567.6544799804688,0.034674882888793945,546.8341674804688,589.67626953125,0.2230718433856964,606.160400390625,572.3081665039062,0.9960091710090637,605.2613525390625,572.8470458984375,0.02045464515686035,634.6188354492188,547.0064697265625,0.03216278553009033,636.906982421875,548.3905029296875,0.9366787672042847,635.09619140625,542.0980834960938,0.00543096661567688
1708,320.0144348144531,480.86676025390625,0.9999803304672241,557.5595092773438,554.658935546875,0.0199529230594635,786.609375,557.5350952148438,0.9998886585235596,550.130126953125,566.5416259765625,0.9973913431167603,504.77362060546875,584.2301635742188,0.9987679719924927,556.8599243164062,567.4911499023438,0.030261248350143433,547.0855712890625,589.1473388671875,0.20655396580696106,605.8220825195312,572.1156616210938,0.9959610104560852,607.2864990234375,572.1611938476562,0.019846171140670776,634.9581298828125,546.959716796875,0.0386541485786438,636.907958984375,548.4782104492188,0.9411122798919678,635.025146484375,542.1070556640625,0.0063130855560302734
1709,320.1063537597656,480.9155578613281,0.9999799728393555,172.54800415039062,13.4371337890625,0.10134023427963257,786.3709716796875,557.5449829101562,0.999891459941864,549.832763671875,566.945556640625,0.9974361062049866,504.7129211425781,584.3400268554688,0.9987789988517761,330.2230224609375,474.6812438964844,0.03293505311012268,547.0145263671875,589.6359252929688,0.1842004358768463,604.771484375,572.7786254882812,0.9971855878829956,601.247314453125,572.6168212890625,0.02178969979286194,634.595703125,546.9357299804688,0.037801146507263184,636.6287841796875,548.4820556640625,0.9412825107574463,331.4601135253906,476.3722839355469,0.006018787622451782
1710,320.4798583984375,481.1584167480469,0.9999809861183167,171.70123291015625,12.286076545715332,0.0787445604801178,785.6672973632812,557.6983642578125,0.9998738765716553,550.6464233398438,566.7788696289062,0.9974339008331299,505.20831298828125,584.5380859375,0.99888676404953,557.3280639648438,567.708740234375,0.03384515643119812,547.35302734375,589.3489990234375,0.19431152939796448,605.6571655273438,572.2131958007812,0.9965204000473022,604.7330322265625,573.0939331054688,0.0185890793800354,635.0394897460938,546.6869506835938,0.03411757946014404,637.033203125,548.540283203125,0.948792576789856,331.3393249511719,476.3233337402344,0.006153762340545654
1711,320.4917297363281,480.89569091796875,0.9999793767929077,172.16236877441406,13.773557662963867,0.058748483657836914,785.9675903320312,557.1206665039062,0.9998647570610046,550.8463745117188,566.7131958007812,0.9965130090713501,504.61279296875,584.0838012695312,0.9989409446716309,330.2126770019531,474.65789794921875,0.0308668315410614,547.4949340820312,589.1533813476562,0.2043655514717102,605.8013305664062,572.3952026367188,0.9967688918113708,604.79296875,573.0935668945312,0.018590569496154785,634.9310913085938,546.8758544921875,0.039089202880859375,636.7145385742188,548.5214233398438,0.9447215795516968,331.4575500488281,476.29425048828125,0.0064165592193603516
1712,320.6814270019531,481.00885009765625,0.9999791383743286,172.62217712402344,13.96475601196289,0.11076810956001282,785.3134765625,557.5133666992188,0.9998810291290283,551.4217529296875,567.1139526367188,0.9971413612365723,504.8215026855469,584.5528564453125,0.9988282918930054,557.8529663085938,567.9692993164062,0.031286150217056274,547.142333984375,589.2937622070312,0.17667031288146973,605.6598510742188,572.4412231445312,0.9973644018173218,604.6968383789062,573.2985229492188,0.017557114362716675,635.19140625,546.8285522460938,0.027281999588012695,637.2101440429688,548.50244140625,0.9274548292160034,331.34521484375,476.2966003417969,0.005779385566711426
1713,320.7269287109375,481.30303955078125,0.9999855160713196,173.37696838378906,13.368949890136719,0.16708940267562866,786.6339111328125,556.9819946289062,0.9998788237571716,550.62939453125,567.098876953125,0.9970685839653015,504.376953125,584.304931640625,0.9984244108200073,557.27197265625,567.9445190429688,0.028429239988327026,547.3975830078125,589.296142578125,0.13590794801712036,604.880126953125,572.7832641601562,0.9972891807556152,604.164306640625,573.5322265625,0.02126854658126831,634.9059448242188,546.9064331054688,0.04307657480239868,636.7694091796875,548.482177734375,0.9478462338447571,635.0792236328125,542.1341552734375,0.0065850019454956055
1714,320.636474609375,481.1851501464844,0.9999838471412659,173.6741180419922,13.678597450256348,0.1136530339717865,786.359130859375,556.7584228515625,0.999882698059082,550.5910034179688,566.6978149414062,0.996493935585022,504.532470703125,584.3832397460938,0.998023271560669,557.2041625976562,567.74853515625,0.03567475080490112,547.3595581054688,589.2229614257812,0.21134382486343384,605.1878051757812,572.2396240234375,0.9969071745872498,607.0911254882812,572.4957275390625,0.01708453893661499,635.1846923828125,546.5654907226562,0.034303754568099976,637.1412353515625,548.3562622070312,0.9396628737449646,635.0808715820312,542.1240844726562,0.006338983774185181
1715,320.64532470703125,481.1737976074219,0.9999856948852539,172.83892822265625,13.591129302978516,0.06058615446090698,785.786865234375,557.51220703125,0.9998753666877747,549.04931640625,567.1461791992188,0.9959655404090881,504.8726501464844,584.4965209960938,0.9987149238586426,556.0266723632812,567.9856567382812,0.04390263557434082,547.3572387695312,589.3439331054688,0.17896801233291626,604.27587890625,572.8706665039062,0.9968844652175903,603.7050170898438,573.3777465820312,0.021393418312072754,634.8976440429688,547.3316040039062,0.035776287317276,636.756103515625,548.7705078125,0.9243715405464172,634.9970703125,542.236328125,0.0058515071868896484
1716,320.5878601074219,481.0101013183594,0.9999855756759644,172.7747802734375,13.343973159790039,0.19015556573867798,785.9618530273438,556.9429321289062,0.9999117255210876,549.5885620117188,566.8452758789062,0.9947186708450317,504.50494384765625,584.5321044921875,0.9981439113616943,556.8119506835938,567.7818603515625,0.037625521421432495,547.3450317382812,589.2687377929688,0.19852879643440247,605.5887451171875,572.1343994140625,0.996334433555603,607.0722045898438,572.5074462890625,0.017686039209365845,634.888427734375,546.8760375976562,0.042367368936538696,636.7413940429688,548.2468872070312,0.9506561756134033,634.9849853515625,541.953857421875,0.00683361291885376
1717,320.6329345703125,481.0746154785156,0.9999842643737793,172.8736114501953,12.04173469543457,0.04287967085838318,786.9728393554688,556.5950317382812,0.9998871088027954,550.1456298828125,566.8993530273438,0.995026707649231,504.4300842285156,584.367431640625,0.9986863136291504,557.5794677734375,567.633056640625,0.034503161907196045,547.3167114257812,588.972900390625,0.16255512833595276,605.3961181640625,572.5377807617188,0.9971625804901123,604.5343627929688,573.2993774414062,0.01961943507194519,634.9987182617188,546.6693725585938,0.04064950346946716,636.9599609375,548.273681640625,0.9508730173110962,634.9571533203125,542.0406494140625,0.006766855716705322
1718,320.7032165527344,481.0554504394531,0.9999812245368958,557.710693359375,554.7207641601562,0.01966792345046997,786.0574951171875,557.2101440429688,0.9998844861984253,550.2118530273438,566.9236450195312,0.9967190027236938,504.3092346191406,584.54248046875,0.9985438585281372,557.1399536132812,567.6858520507812,0.03748467564582825,547.3651123046875,589.2432861328125,0.2067262828350067,604.6088256835938,572.7727661132812,0.9973034262657166,600.9124755859375,572.7435302734375,0.020271122455596924,634.9000244140625,546.8287353515625,0.04285702109336853,636.6640014648438,548.388671875,0.9535182118415833,635.024658203125,542.056640625,0.006801187992095947
1719,320.5569763183594,481.1589660644531,0.9999840259552002,172.52120971679688,12.251792907714844,0.09503945708274841,786.64892578125,556.9337158203125,0.999903678894043,549.7791137695312,567.2327270507812,0.9973549842834473,504.4383239746094,584.5423583984375,0.9984098076820374,556.506591796875,567.86767578125,0.04763674736022949,547.3323364257812,589.135986328125,0.15222489833831787,604.134765625,572.8367309570312,0.9976480007171631,600.5565185546875,572.827392578125,0.02094075083732605,635.074462890625,546.8392944335938,0.04070800542831421,636.6669921875,548.4888916015625,0.9541029334068298,635.012939453125,542.1678466796875,0.006825387477874756
1720,320.7337951660156,481.1528625488281,0.9999830722808838,558.3729248046875,554.5696411132812,0.021100550889968872,786.5382690429688,556.4744262695312,0.9998968839645386,549.673095703125,567.4755859375,0.9982954263687134,504.2068786621094,584.4461669921875,0.9981616735458374,556.0556640625,567.967041015625,0.03716081380844116,547.1031494140625,589.635498046875,0.14539861679077148,603.9110107421875,573.0206298828125,0.9977238178253174,600.1842651367188,572.8141479492188,0.02442905306816101,634.9871826171875,547.038818359375,0.04118502140045166,636.7911376953125,548.4845581054688,0.9365682601928711,635.0772094726562,542.0873413085938,0.00694236159324646
1721,320.7229919433594,481.1286926269531,0.9999769926071167,171.8418426513672,13.207042694091797,0.11754024028778076,786.1259155273438,555.8743896484375,0.9998424053192139,550.4078369140625,567.4141845703125,0.9973313808441162,504.3600158691406,584.4116821289062,0.9982675313949585,556.778076171875,568.0009155273438,0.03492513298988342,547.1187133789062,589.3895263671875,0.1530952751636505,603.5512084960938,573.1453857421875,0.9977781176567078,600.0767211914062,573.1119384765625,0.020254075527191162,634.9622192382812,546.7603149414062,0.05616918206214905,636.4942016601562,548.395263671875,0.9411453604698181,635.0418701171875,542.0888671875,0.007831394672393799
1722,321.0559997558594,481.30316162109375,0.9999828934669495,173.36659240722656,13.258148193359375,0.24725604057312012,786.8515625,556.331787109375,0.9998856782913208,549.8479614257812,567.2694091796875,0.9973891973495483,504.0854797363281,584.5086059570312,0.9977630376815796,556.6486206054688,567.9210205078125,0.036904484033584595,547.1975708007812,589.2655029296875,0.16532105207443237,603.715576171875,573.4500122070312,0.9982838034629822,600.1971435546875,573.3209228515625,0.02045530080795288,635.0075073242188,546.666259765625,0.043424636125564575,636.6716918945312,548.470947265625,0.9478738307952881,634.9384765625,542.184326171875,0.006871610879898071
1723,321.2655029296875,481.2901611328125,0.9999828934669495,172.9499053955078,12.178396224975586,0.023297935724258423,785.2496337890625,557.4373779296875,0.9998756051063538,554.5902709960938,566.8672485351562,0.9979366064071655,504.35723876953125,584.2747192382812,0.9980071187019348,557.89990234375,567.8438720703125,0.026793092489242554,547.0983276367188,589.1449584960938,0.1818755567073822,604.0137329101562,572.8877563476562,0.9975131750106812,600.5868530273438,572.9673461914062,0.0185030996799469,635.15380859375,546.3853149414062,0.05133688449859619,636.8433837890625,548.2227172851562,0.9416454434394836,634.9790649414062,542.0889282226562,0.007582902908325195
1724,321.2581481933594,481.2377014160156,0.9999855160713196,173.73106384277344,13.160789489746094,0.022557169198989868,786.6719360351562,557.1467895507812,0.9998883008956909,551.0718383789062,567.4268798828125,0.9974692463874817,504.6467590332031,584.3961791992188,0.9985990524291992,557.5347290039062,568.1219482421875,0.024465709924697876,547.5408935546875,589.2955322265625,0.13164833188056946,604.0776977539062,573.2380981445312,0.9980274438858032,600.4177856445312,573.0557250976562,0.019339770078659058,635.2922973632812,546.7991333007812,0.0378623902797699,637.337646484375,548.3092041015625,0.928574800491333,635.1024780273438,542.1929321289062,0.006333351135253906
1725,321.51751708984375,481.4327087402344,0.9999852180480957,173.21356201171875,12.995244026184082,0.033796221017837524,785.534423828125,556.8021240234375,0.9998703598976135,555.0028076171875,566.704833984375,0.9971708059310913,504.4412841796875,584.40966796875,0.9987080693244934,330.15472412109375,474.7629699707031,0.023549318313598633,547.5905151367188,588.9429931640625,0.12378624081611633,604.0350341796875,573.1074829101562,0.9977891445159912,603.467529296875,573.3786010742188,0.018221914768218994,635.431640625,546.7252807617188,0.04672539234161377,637.0363159179688,548.4383544921875,0.9385929107666016,635.0089111328125,542.1219482421875,0.007252335548400879
1726,321.4698181152344,481.3199462890625,0.9999865293502808,173.59591674804688,13.420242309570312,0.07349207997322083,786.277587890625,556.7388305664062,0.9998877048492432,550.6414184570312,567.1302490234375,0.9973798990249634,504.43194580078125,584.1699829101562,0.998744785785675,557.3729248046875,567.8230590820312,0.020984530448913574,547.4727172851562,588.9527587890625,0.10097894072532654,604.5747680664062,572.62255859375,0.9972196817398071,600.5642700195312,572.6495361328125,0.01790720224380493,635.2191772460938,546.8150634765625,0.033028095960617065,637.11279296875,548.3736572265625,0.9268218278884888,634.9221801757812,542.250732421875,0.005961775779724121
1727,321.54388427734375,481.4467468261719,0.9999873638153076,173.75967407226562,13.826807022094727,0.19476866722106934,786.5882568359375,555.7469482421875,0.9998692274093628,550.9603271484375,567.3477172851562,0.9972522258758545,504.5372009277344,584.4855346679688,0.9984608292579651,557.6133422851562,567.9996337890625,0.025143712759017944,547.3180541992188,589.0466918945312,0.13642919063568115,603.0093383789062,573.5534057617188,0.9980889558792114,599.8215942382812,573.2230834960938,0.018823832273483276,634.6106567382812,546.6907958984375,0.04931393265724182,636.2866821289062,548.4788818359375,0.942753791809082,635.0487060546875,542.1690673828125,0.007197439670562744
1728,321.6790771484375,481.3702087402344,0.9999833106994629,172.78611755371094,13.261747360229492,0.021527409553527832,787.0125122070312,556.5184326171875,0.9998762607574463,550.9811401367188,567.1576538085938,0.9972502589225769,504.3753967285156,584.7493896484375,0.9986445903778076,557.1412353515625,567.90869140625,0.03171733021736145,548.0136108398438,588.943603515625,0.11025869846343994,603.9718017578125,573.07861328125,0.9976317882537842,600.3527221679688,572.8495483398438,0.023033827543258667,635.4671630859375,546.587646484375,0.03874725103378296,637.1447143554688,548.1825561523438,0.9371111989021301,635.0521850585938,542.128173828125,0.006468594074249268
1729,321.8342590332031,481.3982238769531,0.9999884366989136,174.41290283203125,13.55803108215332,0.11938938498497009,787.3631591796875,556.2710571289062,0.9998874068260193,550.873291015625,567.094970703125,0.9975045919418335,504.47076416015625,584.7603759765625,0.998263418674469,557.3821411132812,567.8794555664062,0.03408938646316528,547.3728637695312,588.9508056640625,0.19138839840888977,604.3121948242188,573.1599731445312,0.9973682165145874,603.8646850585938,573.4371948242188,0.022731781005859375,634.7076416015625,546.9312133789062,0.05566266179084778,636.5941772460938,548.6240234375,0.9346431493759155,634.801513671875,542.2045288085938,0.007847130298614502
1730,321.9140319824219,481.221923828125,0.9999881982803345,172.98223876953125,13.41049575805664,0.07762038707733154,786.7109375,555.8003540039062,0.9998679757118225,550.989501953125,567.1690063476562,0.9972967505455017,504.425048828125,584.556884765625,0.9982094764709473,557.419921875,567.7709350585938,0.035390645265579224,547.5169067382812,589.217041015625,0.14402753114700317,604.5196533203125,573.0905151367188,0.9975227117538452,603.8102416992188,573.6974487304688,0.020320534706115723,635.2437133789062,546.5963134765625,0.04351446032524109,637.1688232421875,548.304931640625,0.928383469581604,634.9829711914062,542.2491455078125,0.007004588842391968
1731,322.1305847167969,481.2026672363281,0.9999873638153076,172.58924865722656,13.134496688842773,0.06845492124557495,786.3978881835938,556.5756225585938,0.9999090433120728,554.6939086914062,566.8087158203125,0.997429609298706,504.5693359375,584.444580078125,0.9983895421028137,557.9815063476562,567.841064453125,0.024420976638793945,547.4583740234375,588.9597778320312,0.10427230596542358,603.6541748046875,573.3258056640625,0.997936487197876,603.1914672851562,573.6968383789062,0.017769455909729004,635.3255004882812,546.7369384765625,0.045027971267700195,637.0383911132812,548.43505859375,0.9381699562072754,635.1141357421875,542.1486206054688,0.006912559270858765
1732,322.25653076171875,481.0456848144531,0.9999887347221375,173.05905151367188,13.404779434204102,0.04667532444000244,786.0104370117188,556.0776977539062,0.999866247177124,550.7301635742188,567.1065063476562,0.9977211952209473,504.888427734375,586.3756103515625,0.99797523021698,557.3023681640625,567.6922607421875,0.029428094625473022,547.34375,589.29638671875,0.1345445215702057,603.6664428710938,573.4065551757812,0.9980219602584839,603.3407592773438,573.8214721679688,0.018835514783859253,635.1209716796875,546.6680297851562,0.04775649309158325,636.8438720703125,548.4080200195312,0.938960075378418,635.0497436523438,542.157470703125,0.007343888282775879
1733,322.3253479003906,480.8351745605469,0.9999879002571106,172.59820556640625,12.746915817260742,0.0658835768699646,786.73583984375,555.9747924804688,0.9998641014099121,550.8971557617188,566.930419921875,0.9969923496246338,504.1769714355469,584.468994140625,0.9981415271759033,557.6029052734375,567.7723999023438,0.03305813670158386,547.525146484375,589.1084594726562,0.12217625975608826,604.0850830078125,573.44921875,0.9976900815963745,603.7544555664062,573.537109375,0.020147740840911865,635.3440551757812,546.7022705078125,0.04365900158882141,637.1998901367188,548.4357299804688,0.933771550655365,635.097900390625,542.2894287109375,0.0067112743854522705
1734,322.64434814453125,480.9493713378906,0.9999863505363464,171.73472595214844,12.97003173828125,0.06425473093986511,786.2504272460938,555.9240112304688,0.9998728036880493,550.3292236328125,567.1710205078125,0.9964451789855957,504.44122314453125,584.5840454101562,0.998117983341217,557.0079956054688,567.83544921875,0.05101621150970459,547.245361328125,589.1754760742188,0.19730797410011292,603.5888671875,573.5308837890625,0.9975075721740723,600.3221435546875,573.165771484375,0.021453022956848145,635.280029296875,546.8484497070312,0.041412562131881714,637.11865234375,548.2939453125,0.9312126636505127,635.1343994140625,542.1609497070312,0.0066582560539245605
1735,322.82049560546875,480.8523254394531,0.9999879002571106,172.0919952392578,12.961505889892578,0.07207021117210388,786.1805419921875,556.1317138671875,0.9998852014541626,550.2839965820312,566.8755493164062,0.9962112903594971,504.5232238769531,584.397705078125,0.9977930188179016,557.4193115234375,567.6836547851562,0.0440058708190918,547.29541015625,589.1171264648438,0.17579275369644165,604.3516845703125,572.9468994140625,0.9968214631080627,600.7908935546875,572.64794921875,0.020992368459701538,634.8416137695312,546.7115478515625,0.042163193225860596,636.759765625,548.3627319335938,0.9341408014297485,635.0684204101562,542.1898803710938,0.006737947463989258
1736,323.10028076171875,480.9769287109375,0.9999847412109375,558.2131958007812,554.4097290039062,0.020221441984176636,786.300048828125,556.1393432617188,0.9998761415481567,550.7015380859375,566.9585571289062,0.9957813024520874,504.19403076171875,585.4462280273438,0.9982507824897766,557.4425048828125,567.9393310546875,0.04432067275047302,547.378173828125,589.3616943359375,0.19910946488380432,603.0313720703125,573.8833618164062,0.9976752996444702,602.957275390625,573.9050903320312,0.02348262071609497,634.4886474609375,547.0150146484375,0.04422706365585327,636.6552124023438,548.5484008789062,0.943087100982666,635.0045776367188,542.2553100585938,0.0067580342292785645
1737,322.97381591796875,480.6459045410156,0.9999837875366211,172.47731018066406,13.613779067993164,0.058123230934143066,786.7705078125,556.0038452148438,0.9998911619186401,550.5269775390625,566.7716674804688,0.994932234287262,503.6636962890625,585.5132446289062,0.9981193542480469,557.575439453125,567.6420288085938,0.04287528991699219,547.8389282226562,589.011962890625,0.2184021770954132,603.6444702148438,573.5506591796875,0.9974881410598755,600.4146728515625,573.1376342773438,0.021210551261901855,634.6798095703125,547.3671875,0.0319916307926178,636.8895263671875,548.74560546875,0.927836537361145,635.0513916015625,542.2211303710938,0.005618095397949219
1738,323.0629577636719,480.7927551269531,0.9999817609786987,634.200439453125,551.0849609375,0.01914331316947937,786.5230102539062,556.0101318359375,0.9999010562896729,550.2686767578125,566.93310546875,0.9977090358734131,504.6401672363281,584.3917236328125,0.9984086155891418,556.5631103515625,567.6593627929688,0.057103097438812256,547.1027221679688,589.591796875,0.18683484196662903,603.60009765625,573.5164184570312,0.9972550868988037,600.371337890625,573.2102661132812,0.028189420700073242,634.6473388671875,546.964599609375,0.04534986615180969,636.6127319335938,548.4153442382812,0.9279914498329163,635.0556640625,542.1835327148438,0.007117927074432373
1739,323.36724853515625,481.01885986328125,0.9999833106994629,172.53089904785156,13.183859825134277,0.07921212911605835,786.6358032226562,555.7600708007812,0.999872088432312,551.052978515625,566.7914428710938,0.9974364042282104,504.3065490722656,584.5702514648438,0.9981882572174072,557.2908935546875,567.5951538085938,0.040033429861068726,547.511474609375,589.3746337890625,0.16757291555404663,603.6927490234375,573.44921875,0.9973365068435669,600.54833984375,573.0368041992188,0.025089412927627563,634.9769897460938,546.9092407226562,0.035950928926467896,636.9530639648438,548.3487548828125,0.9330755472183228,635.1137084960938,542.18359375,0.0062698423862457275
1740,323.6186218261719,480.7088928222656,0.999980628490448,173.6972198486328,13.401986122131348,0.017802715301513672,786.06689453125,556.3680419921875,0.9998807907104492,550.1676635742188,566.9793090820312,0.9967718124389648,504.4512939453125,584.5635986328125,0.9980992674827576,556.3883666992188,567.9337158203125,0.05358770489692688,547.5286865234375,589.5289916992188,0.18437930941581726,602.8755493164062,573.7782592773438,0.9974161982536316,600.0435791015625,573.3160400390625,0.022919654846191406,634.8941040039062,547.1702880859375,0.030664801597595215,637.333251953125,548.44970703125,0.8912782669067383,635.0497436523438,542.2063598632812,0.005824238061904907
1741,323.47210693359375,480.8575744628906,0.999981701374054,557.5684204101562,554.4899291992188,0.01897817850112915,786.7461547851562,555.5537109375,0.9998619556427002,550.3719482421875,566.470703125,0.9973640441894531,504.50482177734375,584.5421142578125,0.9982613325119019,556.8311157226562,567.6616821289062,0.04583632946014404,547.0385131835938,589.3017578125,0.2477215826511383,603.7981567382812,573.4996948242188,0.9972928166389465,603.7709350585938,573.5239868164062,0.024915575981140137,634.7871704101562,546.9485473632812,0.035435885190963745,636.6751708984375,548.6194458007812,0.9416266083717346,634.9785766601562,542.1727905273438,0.006092697381973267
1742,323.7146911621094,480.7707214355469,0.9999825358390808,172.7863006591797,13.022905349731445,0.2001919448375702,786.0750122070312,555.6693115234375,0.9998680353164673,550.5565185546875,566.8594970703125,0.9975868463516235,504.22332763671875,585.2286987304688,0.9983887672424316,557.0860595703125,567.7879638671875,0.034596025943756104,547.5980834960938,589.4535522460938,0.16310039162635803,603.055908203125,573.69091796875,0.9978408217430115,603.0760498046875,573.6018676757812,0.02051451802253723,634.3656005859375,547.10205078125,0.03335639834403992,636.5494995117188,548.695068359375,0.9499223232269287,634.8853149414062,542.2371215820312,0.005910366773605347
1743,324.0128479003906,480.5772399902344,0.999987006187439,994.5144653320312,50.330257415771484,0.024818629026412964,786.064453125,556.0325317382812,0.999881386756897,551.1100463867188,566.454345703125,0.9964994192123413,504.45855712890625,584.36181640625,0.9986113905906677,557.745361328125,567.5916137695312,0.03630116581916809,547.8717651367188,589.0517578125,0.21363592147827148,604.8541259765625,572.981689453125,0.9948075413703918,607.1181640625,572.55615234375,0.023095816373825073,634.969482421875,547.0951538085938,0.04306718707084656,637.1145629882812,548.51708984375,0.9441560506820679,634.9722290039062,542.1110229492188,0.0062386393547058105
1744,324.05474853515625,480.51007080078125,0.9999834299087524,172.54933166503906,13.740680694580078,0.10846167802810669,786.0829467773438,556.1068725585938,0.9998708963394165,550.7184448242188,566.8568725585938,0.9975992441177368,504.2194519042969,585.2374877929688,0.9985826015472412,557.5625,567.8379516601562,0.02822473645210266,547.5401000976562,589.2614135742188,0.1697339117527008,604.1165771484375,573.6368408203125,0.9974803924560547,604.0511474609375,573.7347412109375,0.02651345729827881,634.92626953125,546.946044921875,0.04005482792854309,637.089599609375,548.5010375976562,0.93792724609375,635.0226440429688,542.172119140625,0.006333053112030029
1745,324.3585510253906,480.72015380859375,0.9999812841415405,549.39501953125,552.4804077148438,0.017622023820877075,785.850830078125,556.0384521484375,0.9998598098754883,551.2089233398438,566.85302734375,0.9975289106369019,504.3633728027344,584.4194946289062,0.9982846975326538,557.8152465820312,567.8212280273438,0.027547329664230347,547.4026489257812,589.2615356445312,0.20754820108413696,604.5410766601562,572.9730834960938,0.9966094493865967,604.1115112304688,573.1696166992188,0.022927522659301758,634.6622924804688,547.0394897460938,0.038501352071762085,636.7193603515625,548.6629028320312,0.9461073875427246,634.9135131835938,542.181640625,0.006099909543991089
1746,324.6067199707031,480.64495849609375,0.9999822378158569,172.0982666015625,13.345662117004395,0.06447640061378479,786.2020874023438,556.0241088867188,0.9998766183853149,554.8956909179688,566.918701171875,0.997848391532898,504.4336242675781,584.7454223632812,0.998153805732727,558.2592163085938,567.998291015625,0.026045918464660645,547.7373046875,589.3081665039062,0.15292540192604065,602.479248046875,573.8484497070312,0.9980745315551758,600.0573120117188,573.1925659179688,0.0219135582447052,634.44384765625,547.1641235351562,0.03340992331504822,636.6575317382812,548.6428833007812,0.9284094572067261,635.1544799804688,542.2417602539062,0.005775898694992065
1747,324.6007080078125,480.4585266113281,0.999984622001648,172.11863708496094,14.327787399291992,0.07700306177139282,786.50537109375,555.021484375,0.9998597502708435,551.2060546875,566.8241577148438,0.9976229667663574,504.3592529296875,584.3778076171875,0.9982753992080688,557.5091552734375,567.9425659179688,0.0306890606880188,547.5426025390625,589.3713989257812,0.1894647479057312,604.1773681640625,573.5216064453125,0.9979300498962402,604.1093139648438,573.5445556640625,0.02429381012916565,635.1724853515625,547.1044311523438,0.028800636529922485,637.095947265625,548.6041870117188,0.9306927919387817,635.0574951171875,542.2510375976562,0.005433768033981323
1748,324.9914855957031,480.33282470703125,0.9999797344207764,173.35581970214844,13.412609100341797,0.026698291301727295,786.357666015625,555.1099853515625,0.9998202323913574,550.7987670898438,566.8831176757812,0.9975399374961853,504.3767395019531,584.5335083007812,0.9983712434768677,556.9813842773438,567.8950805664062,0.0328541100025177,547.610595703125,589.4530639648438,0.18229401111602783,603.8289184570312,573.8339233398438,0.9980733394622803,603.6819458007812,573.797607421875,0.02596116065979004,635.180419921875,547.0739135742188,0.03757670521736145,636.9890747070312,548.734375,0.9309819936752319,635.04736328125,542.3609008789062,0.006007581949234009
1749,324.9710388183594,480.27471923828125,0.9999804496765137,172.40817260742188,13.2453031539917,0.026190727949142456,787.0286865234375,555.1349487304688,0.9998480081558228,550.740966796875,566.9658813476562,0.997685432434082,504.17578125,584.1597900390625,0.9983967542648315,557.0469360351562,567.8655395507812,0.043388932943344116,547.615478515625,589.4891357421875,0.18432492017745972,602.8707275390625,574.0120239257812,0.9973213076591492,600.3267822265625,573.040771484375,0.024900972843170166,635.1572265625,547.1038818359375,0.029450923204421997,637.2518310546875,548.7681884765625,0.9330171346664429,635.1146240234375,542.3263549804688,0.005502969026565552
1750,325.2506408691406,480.3575744628906,0.9999822378158569,172.50025939941406,13.379551887512207,0.0744180977344513,786.2432861328125,555.3399047851562,0.9998641014099121,550.5239868164062,566.867431640625,0.9984513521194458,504.476318359375,584.1884765625,0.9988288879394531,556.6505737304688,567.8796997070312,0.037970155477523804,547.40771484375,589.4729614257812,0.16671276092529297,602.9951782226562,573.729248046875,0.9974499940872192,600.2994995117188,573.1267700195312,0.024201244115829468,634.8491821289062,547.4371337890625,0.032815396785736084,636.9234619140625,548.9224853515625,0.9342399835586548,635.171875,542.29541015625,0.005719602108001709
1751,325.191162109375,480.12493896484375,0.9999817609786987,172.9278106689453,13.850593566894531,0.045827656984329224,787.0054321289062,554.4454956054688,0.9998320937156677,550.2761840820312,567.1148681640625,0.9985376596450806,504.5356140136719,584.2096557617188,0.9983760118484497,556.3782348632812,568.0127563476562,0.04440823197364807,547.3519897460938,589.7500610351562,0.12815216183662415,602.4683837890625,573.6649780273438,0.9973981380462646,599.820068359375,573.281494140625,0.020460933446884155,634.8295288085938,547.4810791015625,0.02899375557899475,637.0165405273438,549.0827026367188,0.9239108562469482,635.1712036132812,542.335693359375,0.005246192216873169
1752,325.3773498535156,480.53662109375,0.9999804496765137,172.2234649658203,13.493938446044922,0.07462328672409058,785.511962890625,555.3147583007812,0.9998368620872498,550.5465087890625,566.3470458984375,0.997789204120636,504.406005859375,584.5534057617188,0.9984754920005798,556.9892578125,567.7176513671875,0.036110132932662964,547.614990234375,589.2108764648438,0.1572115421295166,603.502197265625,573.390380859375,0.9971706867218018,603.3533325195312,573.634521484375,0.019684433937072754,635.0155029296875,547.013427734375,0.027673155069351196,637.1204223632812,548.42724609375,0.9082692861557007,635.1280517578125,542.2457275390625,0.005666404962539673
1753,325.50244140625,480.2601013183594,0.9999778270721436,172.89039611816406,12.775156021118164,0.04262825846672058,785.9873046875,555.0773315429688,0.9998475909233093,550.632080078125,566.2687377929688,0.997259259223938,504.5128173828125,584.3473510742188,0.9984068870544434,556.7427368164062,567.9056396484375,0.04713866114616394,547.6234741210938,589.3605346679688,0.17418518662452698,602.5751953125,573.9440307617188,0.9979665279388428,600.0769653320312,573.1726684570312,0.023454636335372925,635.2138061523438,546.8773193359375,0.03851160407066345,637.158447265625,548.6235961914062,0.9505565762519836,635.1406860351562,542.188720703125,0.0065933167934417725
1754,325.5394592285156,480.27001953125,0.9999743700027466,172.34963989257812,12.902277946472168,0.030549734830856323,785.8252563476562,555.2822265625,0.9998579025268555,550.9047241210938,566.9576416015625,0.997812807559967,503.9367980957031,585.0591430664062,0.9984397292137146,556.9373168945312,568.1475830078125,0.04784822463989258,547.5859375,589.427001953125,0.18232902884483337,602.9663696289062,573.8056640625,0.9979031682014465,600.277099609375,573.3230590820312,0.01973620057106018,634.9640502929688,547.0069580078125,0.03555312752723694,636.936279296875,548.6935424804688,0.9463141560554504,635.1682739257812,542.3368530273438,0.0059462785720825195
1755,325.58258056640625,480.22686767578125,0.9999788999557495,172.52178955078125,12.929155349731445,0.04157280921936035,785.8032836914062,556.0101318359375,0.9998900890350342,551.1298217773438,567.0486450195312,0.9977998733520508,504.03961181640625,584.8907470703125,0.9985743165016174,557.1727905273438,568.2548217773438,0.041150838136672974,547.1416625976562,589.505615234375,0.17291158437728882,602.7693481445312,573.7666625976562,0.9981533288955688,600.0045166015625,573.5115966796875,0.02113974094390869,635.3485107421875,546.813720703125,0.03479856252670288,637.2439575195312,548.2564086914062,0.9363717436790466,635.1528930664062,542.1705932617188,0.006476014852523804
1756,325.6551208496094,480.2639465332031,0.9999750852584839,173.3477020263672,13.161951065063477,0.09720587730407715,786.0369873046875,554.9257202148438,0.999830961227417,554.62939453125,566.4827880859375,0.9982024431228638,504.4344787597656,585.1227416992188,0.9987004995346069,557.9459838867188,568.050048828125,0.02917352318763733,547.1962280273438,589.340576171875,0.24371272325515747,603.3687133789062,573.6107177734375,0.9977244138717651,600.4266357421875,573.1988525390625,0.02289995551109314,635.3336791992188,546.8229370117188,0.02533295750617981,637.2562866210938,548.393310546875,0.9380027651786804,635.326416015625,542.2398681640625,0.005327314138412476
1757,325.624755859375,480.1980285644531,0.9999745488166809,172.86346435546875,13.908904075622559,0.13901320099830627,786.2332763671875,554.4927368164062,0.99984210729599,554.5791625976562,566.8563842773438,0.9982494115829468,503.9783935546875,584.8765258789062,0.9983185529708862,557.9844360351562,568.196044921875,0.024424463510513306,547.2167358398438,589.3593139648438,0.18657439947128296,602.8815307617188,573.8084106445312,0.9978829622268677,600.23974609375,573.45947265625,0.020723730325698853,634.6441650390625,547.2335815429688,0.03856790065765381,636.9112548828125,548.7644653320312,0.9510720372200012,635.193603515625,542.2698364257812,0.005948841571807861
1758,325.7176818847656,480.21142578125,0.9999737739562988,173.6046600341797,13.00638198852539,0.06123438477516174,786.3432006835938,554.3113403320312,0.9998323917388916,554.6672973632812,566.8572998046875,0.9982643723487854,504.7680358886719,584.0950927734375,0.9986447095870972,557.9287719726562,568.2386474609375,0.02433556318283081,547.3281860351562,589.4308471679688,0.13978317379951477,602.9739379882812,573.6746826171875,0.9978588819503784,600.3411865234375,573.290283203125,0.018235474824905396,635.0220336914062,546.9390258789062,0.035328686237335205,636.9871215820312,548.5558471679688,0.9600695371627808,635.2151489257812,542.2427368164062,0.005941271781921387
1759,325.7914733886719,480.1715393066406,0.9999743700027466,556.773193359375,554.5040893554688,0.021506786346435547,785.9273681640625,555.2890625,0.9998557567596436,554.6898803710938,566.8334350585938,0.9984309673309326,504.7386474609375,584.1198120117188,0.998666524887085,557.9645385742188,568.1094970703125,0.025967925786972046,547.1700439453125,589.5328369140625,0.18710654973983765,603.6925048828125,573.4063720703125,0.9972822666168213,600.7276611328125,573.2433471679688,0.021133631467819214,635.5861206054688,546.85205078125,0.03471025824546814,637.4718017578125,548.4050903320312,0.9408783912658691,635.2725830078125,542.1268310546875,0.005708187818527222
1760,325.7321472167969,480.2222595214844,0.9999725818634033,556.8428955078125,554.6840209960938,0.02545270323753357,786.3504028320312,554.6861572265625,0.9998288154602051,555.4209594726562,567.0458984375,0.9983056783676147,504.50128173828125,584.17041015625,0.9985719919204712,558.5381469726562,568.2168579101562,0.023769795894622803,547.2195434570312,589.2308959960938,0.15982303023338318,602.9388427734375,573.9963989257812,0.9980831742286682,603.0730590820312,574.0174560546875,0.020050406455993652,635.0194702148438,546.8281860351562,0.04029765725135803,636.7568969726562,548.471435546875,0.9667398929595947,635.2177124023438,542.1251831054688,0.006212472915649414
1761,325.9399108886719,479.8750915527344,0.9999716877937317,172.40228271484375,12.865934371948242,0.05802363157272339,785.8052368164062,554.3228759765625,0.9998191595077515,555.7722778320312,566.5978393554688,0.9980759620666504,504.66485595703125,584.0774536132812,0.998586893081665,558.6981201171875,568.0767211914062,0.023509323596954346,547.560302734375,589.1525268554688,0.15065258741378784,603.95068359375,573.4171752929688,0.997900128364563,603.7930297851562,573.7861328125,0.021075934171676636,635.2816772460938,546.5800170898438,0.03575551509857178,637.1303100585938,548.3043823242188,0.9628466367721558,635.1988525390625,542.1481323242188,0.006138473749160767
1762,325.89520263671875,480.1566162109375,0.9999752044677734,556.4956665039062,554.6239013671875,0.021453022956848145,785.3684692382812,555.1826782226562,0.9998356103897095,555.288330078125,566.9003295898438,0.9986848831176758,505.0065002441406,584.0811767578125,0.9987759590148926,558.4580688476562,568.1069946289062,0.021622896194458008,546.7141723632812,589.4752807617188,0.154095858335495,603.6852416992188,573.640869140625,0.9980490207672119,603.5775756835938,574.0094604492188,0.022079676389694214,635.3834228515625,546.5965576171875,0.04341432452201843,637.2017211914062,548.4403076171875,0.9591968655586243,635.2683715820312,542.134521484375,0.006460726261138916
1763,326.0242614746094,479.97772216796875,0.9999758005142212,172.34130859375,13.255306243896484,0.05303487181663513,786.2838745117188,554.5294189453125,0.9998385906219482,555.3937377929688,567.0321655273438,0.9979220628738403,504.9745178222656,584.1648559570312,0.9989778995513916,558.4594116210938,568.232421875,0.02496892213821411,547.3881225585938,589.1149291992188,0.15680605173110962,603.5679321289062,573.52001953125,0.9977265000343323,603.3892211914062,573.5338745117188,0.020971298217773438,635.1597900390625,546.8433227539062,0.03207716345787048,636.94091796875,548.5592651367188,0.9560157060623169,635.1785278320312,542.1463623046875,0.005679488182067871
1764,326.1988830566406,479.5721435546875,0.9999640583992004,172.936279296875,14.894001007080078,0.09402349591255188,786.1796875,554.1729736328125,0.9998300671577454,554.9251098632812,566.88671875,0.9980480670928955,504.71453857421875,584.4712524414062,0.9984630346298218,558.0599365234375,568.236328125,0.022898197174072266,547.4006958007812,589.2083740234375,0.18604034185409546,603.4972534179688,573.7293701171875,0.9980173110961914,603.5608520507812,573.3984375,0.018166005611419678,634.7824096679688,546.8815307617188,0.03665325045585632,636.7943115234375,548.5867309570312,0.9578059911727905,635.1237182617188,542.1361083984375,0.0058889687061309814
1765,326.2936096191406,479.6056823730469,0.9999630451202393,557.0036010742188,554.5659790039062,0.021851062774658203,785.6029052734375,554.78564453125,0.99982750415802,554.519775390625,567.0636596679688,0.9983546733856201,504.6492004394531,584.5743408203125,0.9979737401008606,557.661865234375,568.1648559570312,0.027151912450790405,547.4774780273438,589.4295654296875,0.13675016164779663,602.7493896484375,574.0191650390625,0.9985586404800415,602.7760009765625,573.9514770507812,0.02062612771987915,634.9445190429688,546.6968994140625,0.03684490919113159,636.752197265625,548.4620361328125,0.9615424275398254,635.1831665039062,542.0593872070312,0.006370335817337036
1766,326.1746826171875,479.4934387207031,0.999965488910675,557.1331176757812,554.6134033203125,0.019158929586410522,785.4432983398438,554.8665771484375,0.999826192855835,551.1140747070312,567.3262939453125,0.9980984330177307,504.06451416015625,585.3585205078125,0.9981909990310669,556.9227905273438,568.3355102539062,0.02689141035079956,547.5642700195312,589.5591430664062,0.12236467003822327,603.0187377929688,573.7200927734375,0.9980190992355347,600.3949584960938,573.2296142578125,0.019357413053512573,634.7335205078125,547.1373901367188,0.03274136781692505,636.8899536132812,548.4964599609375,0.9562560319900513,635.1069946289062,542.1287841796875,0.0057888031005859375
1767,326.23443603515625,479.50286865234375,0.9999710321426392,172.75234985351562,13.3326997756958,0.04290488362312317,785.9214477539062,554.6707763671875,0.9998153448104858,555.0007934570312,566.7380981445312,0.9979941248893738,504.4661560058594,584.10205078125,0.9982722997665405,558.1014404296875,568.1594848632812,0.02751055359840393,547.6697387695312,589.3809814453125,0.1616884171962738,603.0355834960938,574.0153198242188,0.9981265664100647,603.185791015625,573.72900390625,0.02258560061454773,634.3703002929688,546.8568725585938,0.02701127529144287,636.6318969726562,548.4722290039062,0.9567290544509888,635.0421752929688,542.290771484375,0.0049370527267456055
1768,326.14373779296875,479.46136474609375,0.9999657869338989,173.3663330078125,12.092456817626953,0.028895854949951172,785.052001953125,555.0170288085938,0.9998292922973633,551.32080078125,567.0867309570312,0.9982075095176697,503.8671875,585.1362915039062,0.9985510110855103,557.3423461914062,568.0825805664062,0.020611077547073364,547.6878051757812,589.1378784179688,0.11489394307136536,602.2437744140625,574.2430419921875,0.9987313747406006,602.5016479492188,574.09716796875,0.021070927381515503,634.5457153320312,547.2407836914062,0.027266621589660645,636.85205078125,548.8306884765625,0.9570422768592834,635.0414428710938,542.278564453125,0.005216866731643677
1769,326.4049377441406,479.4653015136719,0.999969482421875,173.5864715576172,12.633139610290527,0.09386000037193298,785.2421875,555.2250366210938,0.9998215436935425,554.4686279296875,566.940673828125,0.9984064102172852,504.4607849121094,585.1976318359375,0.9985027313232422,557.7653198242188,568.1597900390625,0.02536982297897339,547.2244873046875,589.5314331054688,0.13781604170799255,603.34912109375,573.6322021484375,0.9979593753814697,603.1752319335938,573.9915771484375,0.02049916982650757,634.9036254882812,547.1080322265625,0.032078564167022705,636.6921997070312,548.6375122070312,0.9639323949813843,635.0888061523438,542.2318115234375,0.005631953477859497
1770,326.27764892578125,479.4493408203125,0.9999690055847168,173.07337951660156,13.020524978637695,0.04870900511741638,785.2462768554688,554.3673706054688,0.9997841119766235,554.489501953125,566.63525390625,0.9981943368911743,504.1286926269531,584.6357421875,0.997947633266449,557.5643310546875,568.0108642578125,0.029971539974212646,547.3958740234375,589.3145141601562,0.16068628430366516,603.1181640625,573.487548828125,0.9978349208831787,603.14453125,573.8076171875,0.02162611484527588,635.0139770507812,546.9588012695312,0.025380849838256836,637.147705078125,548.4109497070312,0.9383549094200134,635.1270141601562,542.2086791992188,0.005296528339385986
1771,326.57476806640625,479.5653381347656,0.9999722242355347,171.8929901123047,12.087911605834961,0.046351462602615356,786.0474853515625,553.2830200195312,0.9997570514678955,553.654052734375,566.7728271484375,0.9985461235046387,504.11669921875,584.90380859375,0.9985722303390503,557.0401000976562,567.9666137695312,0.02559921145439148,546.7334594726562,589.50146484375,0.14610600471496582,602.980712890625,573.88134765625,0.998659610748291,603.1591796875,574.2747802734375,0.01976028084754944,635.1629028320312,546.8046264648438,0.04257658123970032,637.1870727539062,548.3770751953125,0.9640329480171204,635.2250366210938,542.177001953125,0.006476283073425293
1772,326.5272521972656,479.3998718261719,0.9999709725379944,172.56008911132812,13.088438034057617,0.19853347539901733,785.7184448242188,553.5930786132812,0.9997862577438354,555.7113037109375,566.6435546875,0.9989603757858276,504.6363220214844,583.92529296875,0.9985929131507874,558.79345703125,567.9515991210938,0.019954264163970947,546.8125610351562,589.4678344726562,0.16991400718688965,603.27197265625,573.9515991210938,0.998396635055542,603.4688720703125,574.0306396484375,0.022171467542648315,635.28564453125,546.5560913085938,0.04463052749633789,637.599609375,548.0278930664062,0.9569656848907471,635.3358764648438,542.1852416992188,0.006511807441711426
1773,326.6344299316406,479.35064697265625,0.9999655485153198,172.7794952392578,12.194664001464844,0.03331655263900757,785.2794189453125,554.5083618164062,0.9998174905776978,554.5480346679688,566.7916870117188,0.9988948106765747,504.4654235839844,585.1101684570312,0.9984118938446045,557.787353515625,568.1202392578125,0.023202180862426758,547.193115234375,589.338623046875,0.13413891196250916,602.6257934570312,574.23193359375,0.9988012909889221,602.7032470703125,574.14599609375,0.023124009370803833,634.8019409179688,546.958740234375,0.03949442505836487,636.8236694335938,548.6483154296875,0.9586109519004822,635.0870971679688,542.2607421875,0.0062818825244903564
1774,326.55194091796875,479.1402282714844,0.9999616146087646,556.7686157226562,554.413330078125,0.021484285593032837,784.6681518554688,554.414306640625,0.9998131990432739,554.1586303710938,566.912109375,0.998719334602356,504.42669677734375,585.2738037109375,0.9985727071762085,557.61083984375,568.2747802734375,0.02752748131752014,546.9306030273438,589.5992431640625,0.13301101326942444,602.7549438476562,574.0513305664062,0.9984006285667419,600.1448364257812,573.5476684570312,0.021305829286575317,635.051025390625,547.0382690429688,0.03321218490600586,637.1984252929688,548.6603393554688,0.9597469568252563,635.1849975585938,542.3010864257812,0.005553722381591797
1775,326.7341003417969,479.0910949707031,0.9999509453773499,172.26454162597656,13.017173767089844,0.10401636362075806,784.5582275390625,554.66552734375,0.9998198747634888,555.1739501953125,566.67724609375,0.9990576505661011,504.2946472167969,584.8798217773438,0.9986456632614136,558.3707275390625,568.1234130859375,0.022057801485061646,547.0817260742188,589.1981811523438,0.13535919785499573,603.020263671875,573.7097778320312,0.9981849193572998,603.0029907226562,573.8330688476562,0.019411861896514893,635.0205688476562,546.796142578125,0.04173928499221802,637.00634765625,548.430908203125,0.962591290473938,635.1859130859375,542.15087890625,0.006557047367095947
1776,326.7494201660156,478.7457275390625,0.9999439716339111,172.43617248535156,12.293549537658691,0.11014685034751892,785.1382446289062,554.078857421875,0.9997718334197998,554.4111328125,566.6527099609375,0.998610258102417,504.49334716796875,583.8815307617188,0.997974157333374,557.9190673828125,568.0687255859375,0.02875545620918274,547.0340576171875,589.6123657226562,0.17157799005508423,603.7781982421875,573.48095703125,0.9979758262634277,603.4385986328125,573.9523315429688,0.021187812089920044,635.24365234375,546.6318359375,0.039711833000183105,637.1069946289062,548.3369750976562,0.9616718292236328,635.1893920898438,542.0728759765625,0.006385058164596558
1777,326.854248046875,478.9412536621094,0.9999443888664246,172.5937957763672,12.773240089416504,0.025432199239730835,785.16357421875,553.8582153320312,0.9997415542602539,554.26318359375,566.6111450195312,0.9986163377761841,504.68438720703125,584.16162109375,0.9986779689788818,557.8499145507812,568.1257934570312,0.027093172073364258,546.989990234375,589.5360107421875,0.17931103706359863,603.390380859375,573.5162963867188,0.9979128837585449,603.244384765625,573.864990234375,0.021264255046844482,635.33251953125,546.6387329101562,0.046670615673065186,636.8297729492188,548.392822265625,0.971413254737854,635.1613159179688,542.0515747070312,0.0071038901805877686
1778,327.1401672363281,478.8552551269531,0.9999465942382812,172.28387451171875,13.023093223571777,0.0652572512626648,784.8046264648438,553.7892456054688,0.999724805355072,554.989501953125,566.6075439453125,0.9988479614257812,504.65850830078125,584.096923828125,0.9985619783401489,558.514404296875,567.9586791992188,0.01902177929878235,547.3439331054688,589.1519775390625,0.14049166440963745,602.8848876953125,573.757080078125,0.9982067346572876,602.9644775390625,573.9093017578125,0.01676654815673828,635.3280029296875,546.8819580078125,0.038303524255752563,637.0767822265625,548.4842529296875,0.9664013385772705,635.1796264648438,542.128173828125,0.006436526775360107
1779,327.1167907714844,479.03131103515625,0.9999409317970276,172.49649047851562,12.754148483276367,0.07078182697296143,784.145751953125,554.3733520507812,0.9997096061706543,554.3292236328125,566.6074829101562,0.9984043836593628,504.4711608886719,584.030029296875,0.998202919960022,557.629638671875,568.078369140625,0.028804272413253784,547.7533569335938,589.1284790039062,0.14669319987297058,603.5823974609375,573.5686645507812,0.9979368448257446,603.6246337890625,573.6441650390625,0.01922661066055298,635.0511474609375,546.55810546875,0.04198843240737915,637.2516479492188,548.2019653320312,0.9650280475616455,635.2803955078125,542.0704956054688,0.0063394904136657715
1780,327.21685791015625,478.9222106933594,0.9999436140060425,172.3781280517578,13.54809284210205,0.05733966827392578,785.0718383789062,553.4098510742188,0.9996762871742249,553.5932006835938,566.7074584960938,0.9985212087631226,504.64471435546875,584.3323974609375,0.9981962442398071,557.2357177734375,568.1392822265625,0.02938145399093628,547.2465209960938,589.4256591796875,0.13127365708351135,602.5628662109375,573.7051391601562,0.9983173608779907,600.0847778320312,573.544677734375,0.022587090730667114,635.23388671875,546.6331787109375,0.04390433430671692,636.9529418945312,548.3353271484375,0.9744030237197876,635.1427612304688,542.1853637695312,0.006277024745941162
1781,326.5887145996094,477.9859313964844,0.9999406337738037,172.2998046875,13.543603897094727,0.030391067266464233,784.8587646484375,553.8381958007812,0.9997173547744751,555.2072143554688,566.362060546875,0.9989778399467468,504.8077697753906,583.6747436523438,0.998445451259613,558.3721923828125,567.9833374023438,0.028535127639770508,547.2319946289062,589.2618408203125,0.14883866906166077,603.5711059570312,573.5325317382812,0.99821937084198,603.3577270507812,573.8721923828125,0.01937645673751831,635.3307495117188,546.5101928710938,0.04893997311592102,637.1491088867188,548.0165405273438,0.9703762531280518,635.2564697265625,542.0323486328125,0.006758242845535278
1782,327.37347412109375,478.7823486328125,0.9999314546585083,171.89566040039062,13.11101245880127,0.06200098991394043,784.5916748046875,554.0049438476562,0.9997435808181763,554.8619384765625,566.3800048828125,0.9986791610717773,504.490234375,583.9160766601562,0.9981669187545776,558.15185546875,567.9257202148438,0.030038386583328247,547.50927734375,589.1099243164062,0.20118314027786255,603.523681640625,573.5455932617188,0.9979158043861389,603.5514526367188,573.6509399414062,0.01913025975227356,634.836669921875,546.7557373046875,0.05118918418884277,637.1854248046875,548.17919921875,0.9624114036560059,635.1602172851562,542.0919799804688,0.0070397257804870605
1783,326.82318115234375,477.93701171875,0.999935507774353,173.04673767089844,13.293766975402832,0.11459678411483765,784.4848022460938,553.6016235351562,0.9997040629386902,555.0939331054688,566.3342895507812,0.9987958073616028,504.6801452636719,584.11181640625,0.9983223676681519,558.3193969726562,567.9940185546875,0.027306586503982544,547.174560546875,589.3773193359375,0.15446129441261292,603.1406860351562,573.763916015625,0.9983152747154236,603.2015991210938,573.9498901367188,0.021694481372833252,635.2127685546875,546.6519775390625,0.04090946912765503,637.2373657226562,548.2396850585938,0.9581924676895142,635.1184692382812,542.150390625,0.006555408239364624
1784,326.98565673828125,478.16705322265625,0.9999262094497681,172.1147003173828,13.313886642456055,0.0372387170791626,783.6008911132812,553.784912109375,0.9996224045753479,555.5006103515625,566.294677734375,0.9989409446716309,505.1294250488281,584.059814453125,0.9987847805023193,558.66552734375,567.9342651367188,0.025186806917190552,547.0682373046875,589.409912109375,0.1728602945804596,603.7482299804688,573.427734375,0.9979469776153564,603.748779296875,573.7306518554688,0.020519137382507324,635.2092895507812,546.6098022460938,0.03705868124961853,637.4215698242188,548.0402221679688,0.9645504951477051,635.186279296875,542.1388549804688,0.006147593259811401
1785,327.0110168457031,477.7601318359375,0.9999411106109619,172.0490264892578,13.857807159423828,0.1346498727798462,782.2155151367188,552.559326171875,0.9995198845863342,555.9196166992188,566.3762817382812,0.9988489747047424,504.23468017578125,584.7216796875,0.9983315467834473,558.839599609375,568.1171264648438,0.021710246801376343,547.5,589.0736694335938,0.1905050277709961,604.4103393554688,573.2613525390625,0.9982410073280334,604.2020874023438,573.8411865234375,0.019507527351379395,635.3692016601562,546.4400024414062,0.045311957597732544,637.4560546875,548.130615234375,0.9592440724372864,635.22509765625,542.0596313476562,0.006572127342224121
1786,326.9669494628906,477.8141174316406,0.9999357461929321,556.0738525390625,554.5103759765625,0.02484932541847229,783.3214721679688,554.0158081054688,0.9996199607849121,555.4929809570312,566.2947387695312,0.9988090991973877,503.7023010253906,584.7374267578125,0.9985600709915161,558.5040893554688,568.0516967773438,0.022722214460372925,547.4744873046875,589.4019775390625,0.17492371797561646,603.45849609375,573.435302734375,0.9982163906097412,603.5997924804688,573.7969970703125,0.018942058086395264,635.259521484375,546.6395263671875,0.04499533772468567,637.1091918945312,548.2080078125,0.9660444259643555,635.2728881835938,542.15478515625,0.006194204092025757
1787,327.2233581542969,477.67987060546875,0.9999303817749023,172.98023986816406,12.181989669799805,0.03049829602241516,322.28680419921875,583.4016723632812,0.9995415210723877,555.4188232421875,566.39404296875,0.9989967346191406,504.0417785644531,584.6697387695312,0.9984177947044373,558.3685913085938,568.0661010742188,0.02366843819618225,547.7365112304688,589.1773681640625,0.15348270535469055,603.6366577148438,573.2709350585938,0.9984619617462158,603.4694213867188,573.8381958007812,0.01803925633430481,635.5479125976562,546.0574340820312,0.05129802227020264,637.3856201171875,547.8145141601562,0.9692568778991699,635.2177124023438,542.1940307617188,0.007139742374420166
1788,327.2597351074219,477.8089599609375,0.9999240636825562,173.84246826171875,13.177206039428711,0.030963003635406494,782.8470458984375,553.84814453125,0.9995061159133911,555.1314697265625,565.8485717773438,0.998532772064209,503.6257019042969,584.2872924804688,0.9980517625808716,558.1080322265625,567.8939208984375,0.022800803184509277,547.639892578125,589.4160766601562,0.16393563151359558,604.1151123046875,573.2424926757812,0.9982355833053589,603.9180297851562,573.8280639648438,0.020068109035491943,635.6159057617188,546.1580200195312,0.051955223083496094,637.46142578125,547.8204956054688,0.9683084487915039,635.2130126953125,542.0545043945312,0.006928443908691406
1789,327.245361328125,477.6346740722656,0.9999188184738159,172.20228576660156,12.77656364440918,0.04444897174835205,783.531982421875,553.5123291015625,0.9995226860046387,555.9283447265625,566.3101806640625,0.9990637302398682,504.858642578125,584.0973510742188,0.9984456300735474,558.9363403320312,568.1102294921875,0.02188032865524292,547.3551025390625,589.4886474609375,0.163686603307724,604.6205444335938,573.0281372070312,0.9978809356689453,604.3668823242188,573.5120849609375,0.01779446005821228,635.60400390625,546.35693359375,0.039982616901397705,637.5602416992188,547.9759521484375,0.9656314849853516,635.2670288085938,542.1766967773438,0.006094068288803101
1790,327.517333984375,477.71697998046875,0.9999053478240967,171.38265991210938,13.565311431884766,0.05896899104118347,783.5195922851562,553.953369140625,0.9996541142463684,556.895263671875,566.0447998046875,0.9991313219070435,504.67535400390625,584.0804443359375,0.9982510805130005,559.8025512695312,567.9663696289062,0.01738622784614563,547.224609375,589.3005981445312,0.13050830364227295,603.6329956054688,573.5407104492188,0.9985216856002808,603.6732788085938,573.7922973632812,0.01830485463142395,635.7606811523438,546.4414672851562,0.043621212244033813,637.8984985351562,548.0691528320312,0.9670933485031128,635.2587890625,542.2006225585938,0.006411939859390259
1791,327.5534973144531,477.5535888671875,0.9998917579650879,555.4171752929688,554.4987182617188,0.027101248502731323,782.554931640625,552.0581665039062,0.9994970560073853,556.0095825195312,565.8958740234375,0.9990617036819458,504.799072265625,584.0400390625,0.998233437538147,558.9688720703125,567.9708862304688,0.02462160587310791,547.475830078125,589.3548583984375,0.1324610412120819,603.9343872070312,573.4639892578125,0.9980419874191284,603.7305908203125,573.680419921875,0.019292563199996948,635.2496948242188,546.2705078125,0.058454424142837524,637.2068481445312,547.8233032226562,0.9722554087638855,635.1490478515625,542.0208129882812,0.006464451551437378
1792,327.60479736328125,477.48260498046875,0.9998850226402283,549.264404296875,552.607177734375,0.02298450469970703,781.8636474609375,553.1497802734375,0.9995275735855103,553.7919311523438,566.2105712890625,0.9986974596977234,504.3081970214844,584.513671875,0.9980228543281555,557.2274780273438,567.9988403320312,0.023355960845947266,547.753173828125,589.4050903320312,0.13079115748405457,603.6475830078125,573.3948974609375,0.9984245896339417,603.6676025390625,573.57177734375,0.01754218339920044,635.3970336914062,547.1515502929688,0.029752224683761597,637.7978515625,548.50341796875,0.9524558782577515,332.5942077636719,476.62176513671875,0.004959732294082642
1793,327.6136779785156,477.6351013183594,0.9998799562454224,172.18063354492188,11.51082992553711,0.040711820125579834,323.1424255371094,583.8117065429688,0.9996161460876465,554.89013671875,565.9432983398438,0.9984047412872314,504.6836242675781,583.949462890625,0.9984472990036011,558.1057739257812,567.8766479492188,0.02509811520576477,548.1361694335938,589.1802978515625,0.11663973331451416,603.3197021484375,573.3929443359375,0.9981569051742554,603.3925170898438,573.6685180664062,0.015528202056884766,635.4223022460938,546.637939453125,0.04586070775985718,637.9349975585938,547.8394775390625,0.9501651525497437,635.3052978515625,542.1435546875,0.006583720445632935
1794,327.7895812988281,477.720458984375,0.9998831748962402,172.68997192382812,14.05407428741455,0.1827969253063202,322.8283996582031,583.7940063476562,0.9995534420013428,555.540771484375,566.1033325195312,0.9989660978317261,504.6416015625,583.7488403320312,0.9982417821884155,558.4658813476562,568.2109375,0.020357578992843628,547.5296630859375,589.234375,0.13341259956359863,603.5679931640625,573.5962524414062,0.9981451034545898,603.6979370117188,573.7866821289062,0.019310325384140015,634.7619018554688,546.8033447265625,0.049137771129608154,637.3511352539062,548.26123046875,0.9617242813110352,635.1180419921875,542.1236572265625,0.006086915731430054
1795,327.8812255859375,477.6805419921875,0.9998869299888611,173.675537109375,13.502498626708984,0.03665301203727722,322.9201354980469,583.9066772460938,0.9996116161346436,555.0866088867188,566.147705078125,0.9984756708145142,504.40582275390625,584.44921875,0.9979650378227234,558.3765258789062,568.1157836914062,0.021723628044128418,547.927734375,588.8738403320312,0.14070850610733032,603.7175903320312,573.646240234375,0.9984133243560791,603.8704223632812,573.816162109375,0.019420593976974487,635.1834716796875,546.7723999023438,0.03688815236091614,637.8018798828125,548.177490234375,0.9433716535568237,635.13134765625,542.2308959960938,0.005679100751876831
1796,327.7853698730469,477.6091003417969,0.9998750686645508,172.63235473632812,12.955488204956055,0.037952810525894165,323.36492919921875,584.144287109375,0.9995772838592529,554.8759765625,565.9175415039062,0.9985488653182983,504.383544921875,583.8855590820312,0.9977879524230957,558.0455322265625,567.9951782226562,0.022889643907546997,548.07177734375,588.9143676757812,0.14498943090438843,604.23974609375,573.349853515625,0.9978681802749634,604.2828369140625,573.5889282226562,0.021101564168930054,634.9617309570312,546.6474609375,0.04951512813568115,637.255859375,548.098876953125,0.9592536687850952,635.0999145507812,542.1255493164062,0.006586998701095581
1797,328.08251953125,477.5405578613281,0.9998863935470581,173.4357452392578,13.037976264953613,0.02872958779335022,323.469970703125,583.9717407226562,0.9996802806854248,555.5654296875,566.2073364257812,0.9984207153320312,504.2209777832031,584.4678955078125,0.9976981282234192,558.5615234375,568.1226806640625,0.0220966637134552,547.6934814453125,588.9407348632812,0.15919390320777893,604.1390991210938,573.5946044921875,0.9982078671455383,604.2774658203125,573.7732543945312,0.021637648344039917,635.6724853515625,546.7880859375,0.03714999556541443,638.0191040039062,548.2194213867188,0.9524259567260742,635.1956787109375,542.1157836914062,0.00562402606010437
1798,327.9493713378906,477.5869445800781,0.9998782277107239,549.064453125,552.952880859375,0.02171844244003296,323.3749084472656,583.7288208007812,0.9996147155761719,555.0604248046875,566.3698120117188,0.9980367422103882,504.7027893066406,584.2591552734375,0.9984877109527588,558.216796875,568.2049560546875,0.022440403699874878,547.4492797851562,589.0651245117188,0.13152572512626648,604.4476318359375,573.1926879882812,0.997876763343811,604.3662719726562,573.4374389648438,0.02106359601020813,635.1950073242188,546.7234497070312,0.02811470627784729,637.9696655273438,548.1228637695312,0.9428555965423584,332.8085021972656,476.7300720214844,0.005223602056503296
1799,328.05657958984375,477.3448791503906,0.9998852610588074,548.9998168945312,552.8598022460938,0.022074192762374878,781.8819580078125,553.8128051757812,0.9995721578598022,551.1215209960938,566.4515991210938,0.997958779335022,504.1883850097656,583.8090209960938,0.9981389045715332,557.337890625,568.0069580078125,0.02596837282180786,548.0860595703125,589.052001953125,0.13909810781478882,603.4885864257812,573.7777709960938,0.9983657598495483,603.5263061523438,573.7106323242188,0.021332532167434692,635.5450439453125,546.6331787109375,0.04700273275375366,637.9713745117188,547.9526977539062,0.9523687362670898,635.254638671875,542.2098388671875,0.006003975868225098
1800,328.24847412109375,477.14727783203125,0.9998862743377686,549.0130004882812,552.9602661132812,0.021603137254714966,323.4339599609375,584.3433227539062,0.9996346235275269,555.0530395507812,566.2874145507812,0.9982557892799377,504.60546875,584.0413818359375,0.9981838464736938,558.15771484375,568.1524658203125,0.02122250199317932,547.4507446289062,588.9187622070312,0.14260542392730713,603.0476684570312,573.8309326171875,0.998727560043335,603.3646850585938,573.8401489257812,0.016252845525741577,635.6453857421875,546.592529296875,0.04036089777946472,637.8468627929688,548.2909545898438,0.9475773572921753,635.3214111328125,542.2405395507812,0.005952298641204834
1801,328.307373046875,477.440673828125,0.9998806715011597,172.5419921875,13.896858215332031,0.03848561644554138,324.12823486328125,584.38427734375,0.9997028112411499,554.9302978515625,565.8782348632812,0.9975403547286987,504.4828186035156,584.1650390625,0.9979093670845032,557.8211669921875,567.9955444335938,0.02691715955734253,547.3938598632812,588.9140014648438,0.22116094827651978,603.5877685546875,573.8209838867188,0.9982916712760925,603.9222412109375,573.5419921875,0.022705286741256714,635.3300170898438,546.7819213867188,0.04090258479118347,637.8325805664062,548.49951171875,0.9472095370292664,635.2158203125,542.3114013671875,0.005962938070297241
1802,328.46337890625,477.36846923828125,0.9998637437820435,172.6204376220703,13.131597518920898,0.044864535331726074,781.1665649414062,552.9335327148438,0.9995471239089966,555.935791015625,565.8065185546875,0.9983364343643188,504.0303039550781,584.328369140625,0.9975481033325195,558.6294555664062,567.9434814453125,0.01841995120048523,548.1072998046875,588.9677124023438,0.13439759612083435,603.3995361328125,573.6986083984375,0.998435378074646,603.5243530273438,573.729248046875,0.017876803874969482,634.91259765625,546.7031860351562,0.039715349674224854,637.3886108398438,548.1179809570312,0.9413895606994629,635.2020874023438,542.212890625,0.005953729152679443
1803,328.4549865722656,477.1362609863281,0.9998747706413269,171.45602416992188,13.490788459777832,0.05889779329299927,323.8009948730469,584.0789794921875,0.9995901584625244,556.4182739257812,566.0919799804688,0.998558759689331,503.91741943359375,584.55224609375,0.9977166652679443,559.1935424804688,568.1312255859375,0.015377223491668701,547.4830322265625,589.1266479492188,0.12758168578147888,604.2755737304688,573.592041015625,0.9984049797058105,604.2008056640625,573.7708740234375,0.018838316202163696,635.0653686523438,546.7186279296875,0.038139551877975464,637.778564453125,548.3257446289062,0.9440721273422241,635.196044921875,542.2598266601562,0.005562514066696167
1804,328.66064453125,477.0851745605469,0.9998590350151062,172.70248413085938,12.34097671508789,0.08530795574188232,323.4762878417969,584.1640014648438,0.9994767904281616,556.7691650390625,565.8367309570312,0.9985541105270386,504.8679504394531,583.8372192382812,0.99838787317276,559.2444458007812,568.0355834960938,0.015520304441452026,547.4210205078125,589.0676879882812,0.17025038599967957,604.1102905273438,573.3621215820312,0.9979389905929565,604.135498046875,573.4526977539062,0.01847246289253235,635.5642700195312,546.745849609375,0.043745726346969604,637.9384765625,548.25634765625,0.9532344341278076,635.2914428710938,542.0338134765625,0.006139397621154785
1805,328.6343688964844,477.3003234863281,0.9998482465744019,173.25279235839844,13.035402297973633,0.05803126096725464,323.81219482421875,584.4039916992188,0.9996650218963623,556.357666015625,566.1344604492188,0.9985225796699524,503.34527587890625,584.3809204101562,0.997520923614502,558.991455078125,568.00732421875,0.014802873134613037,547.9185180664062,588.9420776367188,0.12954846024513245,603.9461669921875,573.3974609375,0.9981709718704224,603.9391479492188,573.5894775390625,0.02020561695098877,635.4149169921875,546.2791137695312,0.044491857290267944,638.0411987304688,547.9285278320312,0.9421936869621277,635.28759765625,542.1018676757812,0.00639691948890686
1806,328.60919189453125,477.1739501953125,0.9998734593391418,172.33969116210938,14.03718376159668,0.08484557271003723,781.66650390625,552.704345703125,0.9995158910751343,555.9011840820312,565.6845703125,0.9975125789642334,504.3571472167969,584.014404296875,0.997847318649292,558.7326049804688,567.7965698242188,0.019974350929260254,548.2196655273438,588.708251953125,0.16683965921401978,604.0819091796875,573.3208618164062,0.9979588985443115,604.0009155273438,573.509765625,0.019516199827194214,635.5081787109375,546.3959350585938,0.04446825385093689,637.8366088867188,548.2459106445312,0.9518975019454956,635.3035888671875,542.1182250976562,0.006450831890106201
1807,328.632080078125,477.0912780761719,0.9998723268508911,172.15293884277344,14.100037574768066,0.07650977373123169,324.4402770996094,584.4042358398438,0.9995847344398499,555.003173828125,565.737548828125,0.9973911643028259,504.43359375,583.9445190429688,0.9980812072753906,558.00830078125,567.7359619140625,0.028048068284988403,547.7783203125,588.9126586914062,0.15265265107154846,604.6046752929688,572.9725952148438,0.9971997737884521,604.5866088867188,573.020751953125,0.01940709352493286,635.5650634765625,546.4805908203125,0.0402064323425293,638.0625610351562,548.0933227539062,0.9436473846435547,556.934814453125,555.7787475585938,0.00599023699760437
1808,328.7560119628906,477.141357421875,0.9998586177825928,172.91419982910156,14.5912446975708,0.07935866713523865,324.96923828125,584.0890502929688,0.9997299909591675,555.134765625,565.939453125,0.9977084398269653,504.57122802734375,583.9244384765625,0.9979050159454346,557.9685668945312,567.9766845703125,0.02383449673652649,548.0596313476562,588.8934936523438,0.1379721462726593,604.1639404296875,573.24560546875,0.9981093406677246,604.2127075195312,573.3493041992188,0.018588334321975708,635.8570556640625,546.5022583007812,0.03627505898475647,638.1829223632812,548.0016479492188,0.9376686811447144,635.3758544921875,542.1519165039062,0.00583299994468689
1809,328.9786071777344,476.97625732421875,0.999870777130127,555.3600463867188,554.9271240234375,0.022406071424484253,324.9256896972656,584.3580322265625,0.9995424747467041,555.9214477539062,565.7696533203125,0.998191773891449,504.5751037597656,583.714599609375,0.9982726573944092,558.686767578125,568.0223388671875,0.02574056386947632,547.6139526367188,588.912353515625,0.1848250925540924,604.0034790039062,573.1355590820312,0.9979832172393799,604.134765625,573.4381713867188,0.02051454782485962,635.8223266601562,546.6439819335938,0.035539209842681885,638.4442749023438,548.184814453125,0.9381628036499023,635.343994140625,542.2639770507812,0.005581021308898926
1810,328.92584228515625,476.97650146484375,0.9998646974563599,172.97738647460938,13.181524276733398,0.024760663509368896,325.026611328125,584.1919555664062,0.9997150897979736,556.8312377929688,565.8181762695312,0.9985512495040894,504.86383056640625,583.783203125,0.9986475706100464,559.2900390625,567.9666748046875,0.016596674919128418,548.0139770507812,588.818115234375,0.13374286890029907,604.5978393554688,573.0929565429688,0.9982026815414429,604.5130004882812,573.6536254882812,0.020302295684814453,636.2999267578125,546.465576171875,0.039753496646881104,638.4742431640625,547.9346313476562,0.9480844736099243,635.36962890625,542.098876953125,0.006344437599182129
1811,328.910888671875,477.0091247558594,0.9998753070831299,173.00840759277344,12.870626449584961,0.12278145551681519,324.212890625,584.4468994140625,0.999718189239502,559.5659790039062,566.2085571289062,0.9983447790145874,505.024169921875,583.9542846679688,0.9984027743339539,559.4663696289062,567.9242553710938,0.016678273677825928,547.9928588867188,588.8085327148438,0.12107345461845398,603.9913330078125,573.4215698242188,0.998508095741272,603.9443359375,573.8163452148438,0.019179999828338623,636.129638671875,546.2576904296875,0.03350779414176941,638.5076293945312,547.7010498046875,0.9324892163276672,635.5230712890625,542.1824951171875,0.005728989839553833
1812,328.91650390625,477.07879638671875,0.9998575448989868,172.79859924316406,12.449493408203125,0.05226695537567139,780.9857177734375,552.0711059570312,0.9996497631072998,555.9439697265625,565.8604736328125,0.9980771541595459,504.6664733886719,583.9376831054688,0.9984970688819885,558.7005615234375,567.9000854492188,0.018417954444885254,548.2561645507812,588.8064575195312,0.11579573154449463,605.1909790039062,572.596923828125,0.9974806904792786,607.1012573242188,572.62939453125,0.022857308387756348,636.1318359375,546.2779541015625,0.037175893783569336,638.3905639648438,547.7496337890625,0.9478155970573425,635.311279296875,542.102294921875,0.006106317043304443
1813,329.00494384765625,476.9447326660156,0.9998937845230103,240.49696350097656,467.8507385253906,0.4628026783466339,324.37353515625,584.8938598632812,0.9996891021728516,559.7567749023438,565.9573364257812,0.9984021186828613,504.9930419921875,583.8538818359375,0.9988540410995483,559.6563720703125,567.783447265625,0.01658761501312256,547.5501098632812,589.02734375,0.15480303764343262,605.1337890625,572.9232177734375,0.997653067111969,605.0795288085938,573.4127197265625,0.02366119623184204,636.2549438476562,546.300537109375,0.026231110095977783,638.334716796875,547.9212036132812,0.9442403316497803,635.343017578125,542.3043823242188,0.005067974328994751
1814,329.1991882324219,476.89910888671875,0.9998558163642883,173.0617218017578,13.358341217041016,0.04079064726829529,323.3295593261719,585.296142578125,0.999610185623169,559.5375366210938,566.1564331054688,0.9984612464904785,504.7105712890625,583.9049072265625,0.9979696273803711,559.5855712890625,568.0454711914062,0.015105992555618286,548.1068115234375,588.9674072265625,0.13425227999687195,605.1993408203125,572.8230590820312,0.997740626335144,605.0624389648438,573.3862915039062,0.02002716064453125,636.0897216796875,546.3223266601562,0.03452247381210327,638.2869262695312,547.9954223632812,0.9336801171302795,635.2896728515625,542.1967163085938,0.005764096975326538
1815,329.1089782714844,476.7739562988281,0.9998544454574585,554.7343139648438,554.8590698242188,0.021321088075637817,324.0609436035156,585.1034545898438,0.9996296167373657,557.5902099609375,565.6571655273438,0.9989628791809082,504.9300231933594,583.6345825195312,0.9985488653182983,560.11181640625,567.9259033203125,0.014626383781433105,547.530029296875,588.9232788085938,0.13423115015029907,604.7667236328125,573.0138549804688,0.9981041550636292,604.5270385742188,573.838134765625,0.020537734031677246,635.8554077148438,546.3386840820312,0.03579685091972351,638.1149291992188,548.0284423828125,0.936532199382782,635.37646484375,542.2156982421875,0.005608946084976196
1816,329.1000061035156,477.0157470703125,0.9998602867126465,555.0516967773438,554.86669921875,0.021122783422470093,324.0382995605469,585.2611083984375,0.9996837377548218,557.2381591796875,565.9306640625,0.9987853765487671,504.8855285644531,583.6694946289062,0.9985948204994202,559.6766357421875,568.063720703125,0.01674237847328186,547.6543579101562,589.218017578125,0.13781937956809998,604.341552734375,573.2681274414062,0.9980294704437256,604.39013671875,573.6439819335938,0.020081162452697754,635.6240234375,546.3694458007812,0.03867718577384949,638.1132202148438,547.9503173828125,0.9328334331512451,635.3274536132812,542.1715698242188,0.006071031093597412
1817,329.01617431640625,477.21978759765625,0.9998527765274048,173.5878448486328,13.265396118164062,0.0655038058757782,324.2295837402344,584.9862670898438,0.9997018575668335,559.5313110351562,566.2758178710938,0.9984789490699768,504.6012878417969,583.9244995117188,0.9981836080551147,559.6411743164062,567.9592895507812,0.013782471418380737,548.2817993164062,588.59765625,0.1293317973613739,605.0120239257812,573.12939453125,0.9976428747177124,605.023193359375,573.3497314453125,0.019204020500183105,635.6232299804688,546.4388427734375,0.036727190017700195,638.0250854492188,548.17041015625,0.9250147938728333,635.1411743164062,542.3265380859375,0.00586816668510437
1818,329.2605285644531,476.90997314453125,0.9998843669891357,173.33444213867188,14.057233810424805,0.183334618806839,323.94134521484375,584.8342895507812,0.9996983408927917,557.3264770507812,566.2940673828125,0.9989698529243469,504.9809265136719,583.7791748046875,0.9987082481384277,559.9544677734375,568.1142578125,0.014050275087356567,547.4307250976562,588.955322265625,0.1649514138698578,604.2589721679688,573.54345703125,0.9982905387878418,604.53662109375,573.7589721679688,0.019472390413284302,635.5152587890625,546.2263793945312,0.04465454816818237,637.8245849609375,547.9652709960938,0.9469584822654724,635.1292114257812,542.2294311523438,0.006563067436218262
1819,329.0870666503906,476.9443054199219,0.9998598098754883,172.55934143066406,12.840167999267578,0.05055046081542969,323.92071533203125,584.8466796875,0.9996509552001953,555.7706909179688,566.0995483398438,0.9985778331756592,505.0896301269531,584.2437133789062,0.9988242387771606,558.6482543945312,567.88818359375,0.018239259719848633,547.7310791015625,588.9563598632812,0.1312968134880066,604.2100830078125,573.3279418945312,0.998224139213562,604.4120483398438,573.384765625,0.01739487051963806,635.7340698242188,546.3941040039062,0.03831908106803894,637.9562377929688,547.9102172851562,0.9417991042137146,635.2850341796875,542.3447265625,0.005960673093795776
1820,329.09228515625,476.8448486328125,0.999853789806366,172.0645294189453,12.817012786865234,0.02521657943725586,779.756591796875,552.7141723632812,0.9996559619903564,556.4309692382812,566.1775512695312,0.9988999366760254,505.0173034667969,583.9380493164062,0.9985247850418091,559.2962646484375,567.9603881835938,0.019415438175201416,547.0206909179688,589.0020141601562,0.1435522735118866,605.7549438476562,572.9012451171875,0.9974374175071716,607.6077270507812,572.4407958984375,0.02496090531349182,635.6682739257812,546.5607299804688,0.023311108350753784,638.0841674804688,548.0516967773438,0.930858850479126,557.2713623046875,556.014404296875,0.005670756101608276
1821,329.1931457519531,477.1070556640625,0.9998605251312256,172.70262145996094,13.594758987426758,0.12307396531105042,323.85174560546875,585.4942016601562,0.9996588230133057,555.1661987304688,566.3392333984375,0.9984966516494751,504.7873840332031,584.02978515625,0.9983900785446167,558.2666015625,568.095703125,0.02265116572380066,547.7228393554688,589.0551147460938,0.10063037276268005,604.930908203125,573.1791381835938,0.9978345036506653,605.1766357421875,573.1224975585938,0.022042006254196167,636.0204467773438,546.43505859375,0.02247685194015503,638.472900390625,547.7808837890625,0.906586766242981,556.9867553710938,555.9649047851562,0.005395829677581787
1822,329.1433410644531,477.0178527832031,0.9998816251754761,555.389404296875,554.8999633789062,0.02221927046775818,779.828369140625,552.5023803710938,0.9996257424354553,555.9381713867188,566.2920532226562,0.9985824823379517,505.0606384277344,583.9820556640625,0.9985535740852356,558.7990112304688,567.994140625,0.02361956238746643,547.2849731445312,588.9280395507812,0.15759482979774475,604.6480712890625,573.6898193359375,0.9982914924621582,604.8671264648438,573.4931030273438,0.02362385392189026,635.821044921875,546.4640502929688,0.02981579303741455,637.7691650390625,548.268310546875,0.9498602151870728,557.0784912109375,555.9783325195312,0.0056130290031433105
1823,329.26483154296875,476.9415588378906,0.9998799562454224,172.33956909179688,12.460811614990234,0.08301407098770142,324.46331787109375,584.9439697265625,0.999698281288147,555.9738159179688,566.2525634765625,0.9987455606460571,504.9481201171875,584.0308837890625,0.9986209273338318,558.7122192382812,567.9892578125,0.02499440312385559,548.0382080078125,589.016845703125,0.1427203118801117,604.7538452148438,573.1217651367188,0.9980558156967163,604.5870971679688,573.6328125,0.021051108837127686,635.61328125,546.1954345703125,0.027644217014312744,637.8465576171875,547.9624633789062,0.9487060308456421,557.2822875976562,556.0838623046875,0.005227565765380859
1824,329.0201110839844,477.17816162109375,0.999885082244873,172.23448181152344,13.582977294921875,0.03852808475494385,779.4544677734375,552.5405883789062,0.9996753931045532,556.1843872070312,566.251953125,0.9987266063690186,504.95867919921875,584.0582275390625,0.998540461063385,559.0340576171875,568.034423828125,0.023780137300491333,547.6204833984375,588.7902221679688,0.17521721124649048,604.6419067382812,573.5449829101562,0.9979545474052429,604.7355346679688,573.5498657226562,0.025859206914901733,635.6550903320312,546.3818969726562,0.03518509864807129,637.9865112304688,547.8814697265625,0.9436858892440796,635.3010864257812,542.2352294921875,0.005903333425521851
1825,329.0907287597656,476.9980163574219,0.9998676776885986,173.2403564453125,12.110664367675781,0.03570014238357544,324.10308837890625,585.0579223632812,0.9996452927589417,557.7943725585938,565.970947265625,0.9989499449729919,505.1040344238281,584.14404296875,0.9986230134963989,560.2030029296875,567.861328125,0.015244066715240479,547.5471801757812,588.741455078125,0.14637476205825806,604.8419799804688,573.3433837890625,0.9977803826332092,604.862548828125,573.40234375,0.024587273597717285,635.810546875,545.9471435546875,0.040472060441970825,637.8405151367188,547.5593872070312,0.9583847522735596,635.3587646484375,542.095947265625,0.006280094385147095
1826,329.21588134765625,477.20172119140625,0.99985671043396,554.8585205078125,554.7275390625,0.018241852521896362,323.9776916503906,585.1707153320312,0.9996353387832642,557.5958862304688,565.971923828125,0.9989022612571716,505.1925354003906,584.2679443359375,0.9985046982765198,560.031494140625,567.908203125,0.014241725206375122,547.94921875,588.6791381835938,0.10964331030845642,605.152099609375,572.6409912109375,0.9976760149002075,604.862060546875,573.38330078125,0.01910102367401123,636.1600952148438,545.80224609375,0.03497341275215149,638.2437133789062,547.6839599609375,0.9461613297462463,635.5036010742188,542.1619873046875,0.006378054618835449
1827,329.18914794921875,476.8042907714844,0.9998391270637512,172.51153564453125,12.98405647277832,0.04094719886779785,324.28607177734375,585.4152221679688,0.9997481107711792,556.9871826171875,566.0516357421875,0.998822808265686,505.2101135253906,583.7784423828125,0.9985694289207458,559.6332397460938,567.8538208007812,0.017969250679016113,547.9569702148438,588.7694091796875,0.1330951750278473,604.7640991210938,573.1737060546875,0.9981100559234619,604.4108276367188,573.7838134765625,0.021685928106307983,635.8363037109375,545.79296875,0.039834439754486084,637.9797973632812,547.4533081054688,0.9369416236877441,635.2676391601562,542.1353149414062,0.006588101387023926
1828,329.27032470703125,476.7251892089844,0.9998531341552734,172.13356018066406,12.891851425170898,0.12182113528251648,324.51531982421875,584.957275390625,0.9997787475585938,556.215087890625,566.037109375,0.99882972240448,505.0400695800781,583.7600708007812,0.9985871315002441,559.1966552734375,567.7197265625,0.018306076526641846,548.0025024414062,588.9588623046875,0.1452038288116455,604.81494140625,573.0990600585938,0.9978644251823425,604.5836181640625,573.5093383789062,0.021069109439849854,635.623779296875,545.979248046875,0.03601744771003723,637.6785278320312,548.1550903320312,0.9470047950744629,635.252685546875,542.1699829101562,0.006331533193588257
1829,329.1046447753906,477.175537109375,0.9998365640640259,171.73104858398438,12.822906494140625,0.10318422317504883,324.3572692871094,584.8826293945312,0.9997831583023071,555.7048950195312,566.3148193359375,0.9986914992332458,505.1556091308594,583.8851318359375,0.9988030195236206,558.6439208984375,567.9606323242188,0.016510695219039917,548.16845703125,588.7724609375,0.09923961758613586,604.689208984375,573.174072265625,0.9983421564102173,604.4090576171875,573.5693969726562,0.019117295742034912,635.480224609375,545.9432983398438,0.020902037620544434,637.4918823242188,548.0134887695312,0.9490913152694702,557.1574096679688,556.0462646484375,0.005068957805633545
1830,329.1683654785156,476.8661804199219,0.9998646378517151,172.70909118652344,12.707521438598633,0.03626665472984314,779.3164672851562,551.1383056640625,0.9997519254684448,555.787841796875,566.39208984375,0.9990231990814209,505.4412841796875,584.181884765625,0.9985619783401489,558.8659057617188,567.884765625,0.019315361976623535,547.65478515625,589.3024291992188,0.12000501155853271,604.5728149414062,572.9510498046875,0.9977231025695801,604.2578735351562,573.454833984375,0.018918931484222412,635.7518310546875,545.9148559570312,0.037219613790512085,637.8168334960938,547.6156005859375,0.9346448183059692,635.2987060546875,542.1102294921875,0.006573766469955444
1831,329.03680419921875,477.068603515625,0.9998831152915955,172.0924530029297,13.71351432800293,0.06977039575576782,324.6132507324219,585.4359130859375,0.9997308254241943,555.6920776367188,566.2907104492188,0.9989982843399048,505.15936279296875,584.2106323242188,0.9984701871871948,558.72119140625,567.8571166992188,0.021650582551956177,547.8594360351562,589.0787963867188,0.12545329332351685,604.2587890625,573.3641967773438,0.9981332421302795,604.2091064453125,573.6114501953125,0.02203163504600525,635.7116088867188,545.7182006835938,0.033251941204071045,637.5634765625,547.5941162109375,0.9542819261550903,635.3493041992188,542.15771484375,0.006094753742218018
1832,329.1842956542969,476.95928955078125,0.9998310804367065,555.6250610351562,554.7925415039062,0.024005532264709473,324.73785400390625,585.5381469726562,0.9997776746749878,555.9047241210938,566.12890625,0.9984449148178101,504.8894958496094,583.9153442382812,0.9982293844223022,558.776611328125,567.8648071289062,0.021144241094589233,547.9675903320312,588.9181518554688,0.16204631328582764,604.5177001953125,572.9320678710938,0.9977825880050659,606.8231811523438,572.7333374023438,0.020691603422164917,635.3392944335938,546.0205688476562,0.02669462561607361,637.5169067382812,547.7513427734375,0.947777271270752,557.257080078125,556.0299072265625,0.0053479671478271484
1833,329.43316650390625,477.1773681640625,0.9998199939727783,173.3445281982422,13.45102310180664,0.05579560995101929,324.58966064453125,585.6690063476562,0.999760091304779,556.8435668945312,566.43408203125,0.9989610314369202,505.0263671875,583.9677124023438,0.998518705368042,559.6984252929688,567.9423828125,0.022357165813446045,548.0211791992188,589.047119140625,0.09906652569770813,604.46630859375,573.1273193359375,0.9980888962745667,604.4244384765625,573.4329833984375,0.022380918264389038,635.732666015625,545.5269165039062,0.028679102659225464,637.9148559570312,547.31201171875,0.9444697499275208,635.3251953125,542.25830078125,0.005677312612533569
1834,329.3836669921875,477.04901123046875,0.9998270869255066,173.22918701171875,13.31557846069336,0.08340528607368469,324.4178771972656,585.0761108398438,0.9997377395629883,557.0104370117188,566.1329956054688,0.9993036389350891,505.00360107421875,584.1729125976562,0.9987468719482422,559.9126586914062,567.8873901367188,0.016453564167022705,547.4094848632812,589.2911987304688,0.09965258836746216,604.2428588867188,573.3908081054688,0.9986560344696045,604.2229614257812,573.6854248046875,0.02053898572921753,635.8509521484375,545.5261840820312,0.02695441246032715,638.0608520507812,547.2374267578125,0.9424436688423157,557.342529296875,556.0562744140625,0.005337387323379517
1835,329.30511474609375,477.1102294921875,0.9998664855957031,172.57052612304688,12.367965698242188,0.10056409239768982,324.6912536621094,585.4519653320312,0.9997099041938782,556.6865234375,566.108154296875,0.9990600347518921,505.0848693847656,584.0054321289062,0.9986463785171509,559.5357666015625,567.9053955078125,0.015748560428619385,547.5203247070312,589.1592407226562,0.12226033210754395,604.5870361328125,572.8004760742188,0.9980688095092773,604.358154296875,573.3504638671875,0.018553853034973145,635.7830200195312,545.507568359375,0.03416931629180908,637.7695922851562,547.1784057617188,0.9537384510040283,635.3674926757812,542.1734008789062,0.0057936906814575195
1836,329.3636169433594,477.0943908691406,0.9998372793197632,171.89979553222656,13.204986572265625,0.043709397315979004,324.2748718261719,585.51904296875,0.9996048212051392,557.4995727539062,566.0740356445312,0.9991326928138733,505.35882568359375,584.11572265625,0.9987831115722656,560.096435546875,568.0679931640625,0.015480130910873413,547.6009521484375,589.0755004882812,0.12065398693084717,603.9860229492188,573.0523071289062,0.9983430504798889,603.9925537109375,573.51611328125,0.02052074670791626,635.8749389648438,545.3316040039062,0.03704187273979187,637.8836669921875,547.0018310546875,0.9476802945137024,635.4805297851562,542.167236328125,0.006483137607574463
1837,329.5572814941406,477.0730895996094,0.9998120069503784,171.83428955078125,12.74940299987793,0.12046852707862854,324.86846923828125,585.3927001953125,0.9997493028640747,555.91943359375,566.0781860351562,0.9992653727531433,505.1190490722656,584.0810546875,0.998418927192688,558.7242431640625,567.9076538085938,0.01790642738342285,547.705078125,589.4075927734375,0.10913416743278503,603.4588012695312,573.2933349609375,0.9985393285751343,603.7990112304688,573.59765625,0.021670639514923096,636.1144409179688,545.4845581054688,0.04088369011878967,637.6732788085938,547.1493530273438,0.9647027254104614,635.3106689453125,542.1328735351562,0.006285339593887329
1838,329.5154724121094,477.0348815917969,0.9997900724411011,172.30178833007812,12.00999641418457,0.041404545307159424,325.12060546875,585.340087890625,0.999794602394104,556.5846557617188,565.922607421875,0.9987623691558838,504.9073181152344,584.029541015625,0.9981986880302429,559.04345703125,567.8045043945312,0.01537632942199707,548.2636108398438,588.8505859375,0.10881415009498596,603.8995361328125,572.90283203125,0.9978368878364563,603.822021484375,573.476806640625,0.020403802394866943,635.4367065429688,545.6016235351562,0.040610820055007935,637.4420776367188,547.0859985351562,0.9541538953781128,635.2571411132812,542.1138305664062,0.006942540407180786
1839,329.3880615234375,477.2627258300781,0.9998049736022949,174.22715759277344,13.11906623840332,0.02955341339111328,324.85272216796875,585.1251831054688,0.99978107213974,557.2738037109375,566.0909423828125,0.9991389513015747,504.84710693359375,583.9374389648438,0.9978622794151306,559.8551635742188,568.002197265625,0.013224989175796509,547.8965454101562,588.8453369140625,0.1381627321243286,603.9248657226562,573.0182495117188,0.99797123670578,604.0667724609375,573.5427856445312,0.019372642040252686,635.4627075195312,545.34228515625,0.046176791191101074,637.60595703125,546.9714965820312,0.9424962997436523,635.1312255859375,542.1640014648438,0.007264524698257446
1840,329.2861328125,477.11236572265625,0.9998638033866882,555.4564208984375,554.6941528320312,0.01697862148284912,324.79510498046875,585.357421875,0.9997648000717163,556.7943725585938,566.1614990234375,0.9991423487663269,504.8633728027344,584.0435180664062,0.9980748295783997,559.549072265625,567.935546875,0.01406446099281311,548.0070190429688,588.9180908203125,0.13540983200073242,604.430419921875,572.9954223632812,0.9979393482208252,604.4275512695312,573.382568359375,0.021571248769760132,636.0919799804688,545.2322387695312,0.03935214877128601,638.10986328125,546.767822265625,0.9417216777801514,635.2579956054688,542.0781860351562,0.006951719522476196
1841,329.4034729003906,477.1427307128906,0.9997880458831787,555.7129516601562,554.5447387695312,0.016018718481063843,324.66204833984375,585.56396484375,0.9996241331100464,556.648681640625,566.3931274414062,0.999276876449585,505.3704833984375,584.1240844726562,0.9989168643951416,559.2880249023438,567.946044921875,0.014322340488433838,547.8133544921875,588.9241333007812,0.12797331809997559,603.37548828125,573.1369018554688,0.998173177242279,603.4102783203125,573.5493774414062,0.019132763147354126,635.8504028320312,545.1441040039062,0.034132689237594604,637.845703125,546.6151733398438,0.9538387656211853,635.2920532226562,542.2025756835938,0.005896627902984619
1842,329.4181213378906,477.1236267089844,0.9998254179954529,555.8228149414062,554.8336181640625,0.016970336437225342,325.0768127441406,585.475341796875,0.9997216463088989,556.5409545898438,566.4664916992188,0.9991058111190796,505.4523010253906,584.0388793945312,0.9990967512130737,559.3816528320312,567.9072875976562,0.012850791215896606,547.8530883789062,588.958984375,0.11071401834487915,603.7012329101562,572.9214477539062,0.9979778528213501,603.8171997070312,573.427734375,0.021594136953353882,635.692138671875,545.1651611328125,0.03639131784439087,637.8335571289062,546.518310546875,0.9374775886535645,635.2146606445312,542.2013549804688,0.007011711597442627
1843,329.3687744140625,477.09027099609375,0.9998334050178528,172.83763122558594,12.970296859741211,0.08356437087059021,324.3095397949219,585.5851440429688,0.9997069835662842,557.2353515625,566.3543701171875,0.9991813898086548,505.2181091308594,583.9156494140625,0.9984396696090698,559.923095703125,567.9130859375,0.014072418212890625,547.8917236328125,588.894287109375,0.10361084342002869,603.32275390625,573.1240234375,0.9974836111068726,603.7167358398438,573.415283203125,0.022145479917526245,635.8877563476562,545.1422119140625,0.03584975004196167,638.2119140625,546.3792724609375,0.934209406375885,635.27587890625,542.0989990234375,0.006484895944595337
1844,329.4891662597656,477.0658874511719,0.9998172521591187,173.24545288085938,12.418363571166992,0.04313668608665466,324.6431884765625,585.295654296875,0.9997746348381042,556.4854736328125,566.4962768554688,0.9992516040802002,504.9870910644531,583.867431640625,0.9986943006515503,559.352294921875,567.89892578125,0.01565989851951599,547.1845092773438,589.2720336914062,0.08771762251853943,603.2930297851562,573.0623168945312,0.9982852935791016,603.6124877929688,573.4051513671875,0.022234708070755005,636.13720703125,544.8342895507812,0.0340552031993866,637.8950805664062,546.64208984375,0.9529458284378052,635.4174194335938,542.1251220703125,0.006231367588043213
1845,329.4220275878906,477.0963134765625,0.9998277425765991,171.7151641845703,13.49342155456543,0.0715700089931488,324.1351013183594,585.1063842773438,0.9997984170913696,556.0545043945312,566.3502807617188,0.9990047216415405,505.3291320800781,583.986572265625,0.9984862804412842,559.0050659179688,567.8651733398438,0.018606960773468018,547.1085205078125,588.997802734375,0.11691692471504211,603.4967651367188,572.9713134765625,0.9983197450637817,603.5394287109375,573.5046997070312,0.020154684782028198,635.5870361328125,544.8170776367188,0.0401972234249115,637.47021484375,546.161376953125,0.9482604265213013,635.4326171875,542.0480346679688,0.006386309862136841
1846,329.385009765625,477.12786865234375,0.9998626708984375,172.2024383544922,13.66067886352539,0.08000800013542175,324.8044738769531,585.6707763671875,0.999788224697113,557.2285766601562,566.0807495117188,0.9994041919708252,505.30975341796875,584.0696411132812,0.9989179372787476,559.9720458984375,567.7855834960938,0.015403449535369873,547.2052612304688,589.14208984375,0.11278137564659119,603.6063842773438,572.9183349609375,0.9986087083816528,603.83056640625,573.4603271484375,0.02285870909690857,635.80712890625,545.0535888671875,0.029141545295715332,637.4620971679688,546.7044677734375,0.9594423770904541,557.4863891601562,556.1965942382812,0.005760371685028076
1847,329.4939270019531,477.2059326171875,0.9998255968093872,172.93014526367188,12.784996032714844,0.04753503203392029,325.0431823730469,585.2643432617188,0.9998054504394531,558.5953369140625,565.8165893554688,0.9990817308425903,505.28070068359375,584.2239379882812,0.9988611936569214,560.8175659179688,567.6286010742188,0.012518435716629028,547.5384521484375,588.6142578125,0.09920674562454224,603.7655639648438,572.683349609375,0.9976800680160522,603.7826538085938,573.3234252929688,0.022113054990768433,636.105712890625,545.05419921875,0.026943087577819824,638.2887573242188,546.6056518554688,0.9085456132888794,557.44970703125,556.0961303710938,0.005440354347229004
1848,329.4153137207031,476.91400146484375,0.9998493194580078,172.61044311523438,13.625190734863281,0.05157032608985901,324.861083984375,585.2072143554688,0.9998468160629272,556.8029174804688,566.5708618164062,0.9991520643234253,505.6935729980469,584.1860961914062,0.9987592697143555,559.6337280273438,567.987060546875,0.013837367296218872,547.558349609375,589.1256103515625,0.1077854335308075,603.246826171875,573.2630004882812,0.9984071850776672,603.532958984375,573.6818237304688,0.02314591407775879,635.432373046875,545.191650390625,0.031773775815963745,637.6262817382812,546.63525390625,0.9224649667739868,635.376708984375,542.2482299804688,0.006432533264160156
1849,329.3840637207031,477.1533508300781,0.9998459815979004,173.6202392578125,13.569831848144531,0.09441423416137695,325.1542053222656,585.4425048828125,0.9998486638069153,558.2981567382812,566.0743408203125,0.9989942312240601,505.00836181640625,584.021728515625,0.9987895488739014,560.558837890625,567.6531982421875,0.012384176254272461,547.930419921875,588.5061645507812,0.09611114859580994,603.7505493164062,572.4063110351562,0.9982064962387085,603.450439453125,573.5045166015625,0.020741134881973267,635.4483032226562,544.92626953125,0.04046466946601868,637.3870239257812,546.426513671875,0.9427839517593384,635.2338256835938,542.0494384765625,0.0067916810512542725
1850,329.3331604003906,476.8923034667969,0.9998461604118347,259.5554504394531,489.3893737792969,0.04949551820755005,325.0263977050781,584.9550170898438,0.9998753070831299,556.9877319335938,566.1500854492188,0.9991585612297058,504.48516845703125,583.8674926757812,0.9977816343307495,559.6949462890625,567.6741333007812,0.013043820858001709,547.9567260742188,588.9951782226562,0.09923222661018372,603.0333862304688,573.3252563476562,0.9981831312179565,603.2791748046875,573.6046752929688,0.023603856563568115,635.4295043945312,545.188720703125,0.03599002957344055,637.2418212890625,546.3953247070312,0.9423307180404663,635.2203979492188,542.1007080078125,0.006573587656021118
1851,329.3143005371094,477.0139465332031,0.9998244047164917,175.26963806152344,13.703872680664062,0.02937418222427368,325.047607421875,584.906494140625,0.9998915195465088,557.1480712890625,565.9771118164062,0.9989758729934692,504.3517761230469,583.8419799804688,0.9983230829238892,559.681884765625,567.6240844726562,0.016428768634796143,548.1600341796875,588.5234375,0.14700427651405334,603.4895629882812,572.50146484375,0.9982675313949585,603.4130859375,573.3381958007812,0.02381095290184021,635.1289672851562,544.952880859375,0.03273531794548035,637.0767211914062,546.467041015625,0.9487064480781555,635.1790771484375,542.0557861328125,0.006311744451522827
1852,329.3396911621094,476.9992980957031,0.9998452663421631,174.28713989257812,13.116897583007812,0.04120290279388428,324.45526123046875,584.9448852539062,0.9998621940612793,556.4894409179688,566.0695190429688,0.9990705251693726,505.0614318847656,583.7662353515625,0.9984908103942871,559.426513671875,567.5801391601562,0.016662895679473877,547.7958984375,588.8035278320312,0.13190415501594543,603.425537109375,572.770263671875,0.9977809190750122,603.1925048828125,573.3785400390625,0.02136126160621643,635.4208984375,544.634521484375,0.026015758514404297,637.6964111328125,546.1646728515625,0.9173697233200073,635.2625122070312,542.1731567382812,0.005819827318191528
1853,329.3059387207031,476.73187255859375,0.9998594522476196,259.2444763183594,490.83172607421875,0.7133939862251282,324.41412353515625,585.0869140625,0.9998769760131836,557.456298828125,565.7982788085938,0.9991679191589355,505.017822265625,583.9356079101562,0.9985290765762329,559.8570556640625,567.6077270507812,0.015558093786239624,548.0178833007812,588.762451171875,0.11498552560806274,602.689453125,573.2332763671875,0.998164713382721,603.3779296875,573.3033447265625,0.020340263843536377,635.4440307617188,544.494140625,0.029353946447372437,637.339111328125,546.2460327148438,0.9317006468772888,635.3251342773438,542.1522827148438,0.006026595830917358
1854,329.3276672363281,476.97222900390625,0.9998617768287659,259.44305419921875,490.6079406738281,0.19081002473831177,324.6587219238281,584.8468017578125,0.9998779296875,556.1547241210938,565.5133666992188,0.9991307258605957,504.788818359375,583.8634643554688,0.998742401599884,558.9613037109375,567.3659057617188,0.016660571098327637,547.947021484375,588.8533935546875,0.1589670181274414,603.2201538085938,572.3551025390625,0.9984909892082214,603.2899780273438,573.2406616210938,0.021821916103363037,635.2713012695312,544.4892578125,0.025644272565841675,637.4054565429688,546.1229248046875,0.9068664908409119,635.4317016601562,542.227294921875,0.005605489015579224
1855,329.2161560058594,477.0424499511719,0.9998482465744019,259.5644836425781,490.7035217285156,0.28368574380874634,324.6874084472656,585.1275024414062,0.9998553991317749,556.509033203125,565.5827026367188,0.999178409576416,505.44952392578125,583.883544921875,0.9984455108642578,559.4776611328125,567.5794677734375,0.01720324158668518,547.4038696289062,589.1019897460938,0.14951929450035095,603.1435546875,572.2421264648438,0.9981820583343506,603.1680297851562,573.1002197265625,0.02386796474456787,635.1278076171875,544.5103759765625,0.028410255908966064,637.3424682617188,545.8238525390625,0.8833217024803162,635.47802734375,542.2022094726562,0.006447255611419678
1856,329.2215270996094,476.7938232421875,0.9998692870140076,258.4312744140625,491.37530517578125,0.5134854316711426,324.0580749511719,585.162841796875,0.999853253364563,556.2581787109375,565.5806274414062,0.9990246891975403,505.63909912109375,583.9053955078125,0.9990979433059692,559.1499633789062,567.4462890625,0.0152415931224823,547.9329223632812,588.73193359375,0.11580809950828552,603.7129516601562,571.9390258789062,0.9985039234161377,603.5492553710938,572.8772583007812,0.01940929889678955,635.787353515625,544.5498046875,0.01665574312210083,638.0906372070312,546.147216796875,0.8135387301445007,604.4262084960938,569.6398315429688,0.005061089992523193
1857,329.23944091796875,476.7424621582031,0.9998400807380676,259.02069091796875,490.8981018066406,0.11133015155792236,324.7386474609375,584.8025512695312,0.9998810291290283,556.05419921875,566.0468139648438,0.9992057085037231,505.1661682128906,583.9441528320312,0.9989714622497559,559.1055908203125,567.61767578125,0.016183674335479736,547.8469848632812,589.16259765625,0.09441488981246948,603.1395874023438,572.222412109375,0.9984035491943359,603.2421875,573.123779296875,0.01991027593612671,635.4874267578125,544.1719970703125,0.032735735177993774,637.8604736328125,545.7679443359375,0.874819815158844,635.4887084960938,542.2127075195312,0.006988853216171265
1858,329.2778625488281,476.84698486328125,0.9998480081558228,173.08355712890625,13.495994567871094,0.23135912418365479,323.97589111328125,584.8748168945312,0.9998502731323242,557.0421142578125,565.7329711914062,0.9993726015090942,505.5323791503906,584.2158813476562,0.9989887475967407,559.83154296875,567.4822998046875,0.014071375131607056,547.3873291015625,589.2081909179688,0.11160865426063538,603.4539794921875,571.892578125,0.9985512495040894,603.628173828125,572.9506225585938,0.021336644887924194,635.3300170898438,543.9762573242188,0.035580456256866455,637.4970703125,545.5413208007812,0.9123706817626953,635.4979248046875,542.1256713867188,0.00721779465675354
1859,329.28369140625,476.7018737792969,0.9998437166213989,173.08709716796875,13.384063720703125,0.10391640663146973,324.0111083984375,585.0491943359375,0.999883770942688,556.3787841796875,565.8759765625,0.999235987663269,505.3777160644531,583.9751586914062,0.9992589950561523,559.2648315429688,567.5242309570312,0.013515233993530273,547.4418334960938,588.848876953125,0.10744190216064453,603.5286865234375,571.8944702148438,0.9986007213592529,603.3897705078125,572.9302978515625,0.0226285457611084,635.1932373046875,544.1976318359375,0.03663206100463867,637.1966552734375,545.667724609375,0.9358007311820984,635.26318359375,542.0927124023438,0.006661593914031982
1860,329.1723937988281,476.7645263671875,0.9998345971107483,259.199951171875,490.7624816894531,0.23265579342842102,323.7118835449219,584.9210815429688,0.9998952150344849,556.9780883789062,565.5288696289062,0.9992552399635315,505.5544738769531,583.9561157226562,0.9992649555206299,559.7879638671875,567.3731079101562,0.011240988969802856,547.7901611328125,588.69677734375,0.09387537837028503,603.158203125,571.8007202148438,0.9987729787826538,603.2674560546875,572.9097900390625,0.020853310823440552,635.6767578125,543.9297485351562,0.02992728352546692,637.4815673828125,545.568603515625,0.9173014163970947,635.5464477539062,542.0820922851562,0.006405919790267944
1861,328.99163818359375,476.8045959472656,0.9998531341552734,259.6158752441406,491.37506103515625,0.23775780200958252,323.8212585449219,585.020751953125,0.9998805522918701,556.9358520507812,565.5460815429688,0.9991000890731812,505.6365051269531,584.046630859375,0.999096691608429,559.5961303710938,567.2416381835938,0.013663917779922485,547.4989013671875,588.7142333984375,0.12832865118980408,603.1823120117188,572.1495361328125,0.9985857605934143,603.4187622070312,573.06396484375,0.022127419710159302,635.4315185546875,543.7962646484375,0.02396714687347412,637.5993041992188,545.5902099609375,0.9076941013336182,604.4625854492188,569.6118774414062,0.006099611520767212
1862,328.92852783203125,476.78302001953125,0.999879002571106,173.07139587402344,13.195894241333008,0.04407265782356262,324.0494079589844,585.0802612304688,0.9998822212219238,556.6103515625,565.4169311523438,0.9994473457336426,505.5674743652344,583.9833984375,0.9992800951004028,559.5888671875,567.32373046875,0.012828469276428223,547.1500244140625,588.905517578125,0.09884527325630188,603.1856689453125,571.8995971679688,0.9988165497779846,603.3023681640625,572.8818969726562,0.021171092987060547,635.8057861328125,544.1689453125,0.01841112971305847,637.4557495117188,545.6778564453125,0.8997653722763062,604.4999389648438,569.6131591796875,0.0063100457191467285
1863,328.9031066894531,476.3643798828125,0.9998845458030701,172.99417114257812,13.37093448638916,0.13058790564537048,323.66937255859375,584.9885864257812,0.9998688697814941,558.328125,565.3953857421875,0.9993394613265991,505.65802001953125,583.9774780273438,0.9992616176605225,560.6309814453125,567.4376220703125,0.011486411094665527,547.1537475585938,588.80615234375,0.10313951969146729,603.2091674804688,571.7350463867188,0.9989508986473083,603.2753295898438,572.7610473632812,0.022424250841140747,635.1973876953125,544.1625366210938,0.008548259735107422,636.96826171875,545.8320922851562,0.8119144439697266,604.545654296875,569.4736328125,0.006525307893753052
1864,328.8712158203125,476.6489562988281,0.9998722076416016,173.0614776611328,12.94173812866211,0.01872578263282776,323.0418701171875,584.6434936523438,0.9998499751091003,556.3980102539062,565.3115234375,0.9991278648376465,505.6396179199219,584.3933715820312,0.9988579154014587,559.2105102539062,567.3350830078125,0.014126986265182495,547.4658813476562,589.00146484375,0.12454864382743835,603.0052490234375,571.580322265625,0.9987722635269165,603.2239990234375,572.641357421875,0.02238762378692627,635.6201782226562,543.824951171875,0.016042619943618774,637.4303588867188,545.2957763671875,0.8334827423095703,604.4673461914062,569.584228515625,0.006717562675476074
1865,328.782470703125,476.62860107421875,0.9998587369918823,172.26292419433594,13.370025634765625,0.07420521974563599,323.0757141113281,584.7769165039062,0.9998488426208496,557.0140380859375,565.32275390625,0.9993364214897156,505.95501708984375,584.2967529296875,0.9993025660514832,559.673583984375,567.14306640625,0.01283562183380127,547.5935668945312,588.8321533203125,0.10538524389266968,603.285888671875,571.3389892578125,0.9990252256393433,603.4088134765625,572.6148681640625,0.021959751844406128,635.5532836914062,544.0060424804688,0.010788947343826294,637.2706298828125,545.6622314453125,0.8507789373397827,604.4647216796875,569.4654541015625,0.006485402584075928
1866,328.6675720214844,476.769775390625,0.9998947381973267,172.63587951660156,13.133373260498047,0.05911344289779663,322.6769104003906,584.630615234375,0.9998620748519897,555.962646484375,565.4093017578125,0.9992685914039612,505.3350524902344,584.277587890625,0.9988511800765991,558.8251953125,567.2665405273438,0.014662504196166992,547.6065673828125,588.9900512695312,0.10596325993537903,602.6802978515625,571.6223754882812,0.999016284942627,603.1087646484375,572.8037109375,0.023264050483703613,635.9364013671875,543.745849609375,0.02258378267288208,637.574462890625,545.2960815429688,0.892296314239502,604.4402465820312,569.5263061523438,0.006478846073150635
1867,328.6955871582031,476.8698425292969,0.9998971223831177,259.366943359375,489.5921630859375,0.2953644394874573,323.0499267578125,584.9530029296875,0.9998347759246826,555.755615234375,565.480224609375,0.9993207454681396,505.296875,584.4074096679688,0.9986407160758972,558.7254638671875,567.4254150390625,0.011535584926605225,547.5573120117188,589.1438598632812,0.10358712077140808,602.21923828125,571.7206420898438,0.9988164305686951,602.8889770507812,572.818603515625,0.02149820327758789,634.7488403320312,543.9068603515625,0.019517600536346436,636.6507568359375,545.4364624023438,0.878271758556366,604.5892333984375,569.6979370117188,0.006688445806503296
1868,328.6155700683594,476.6487121582031,0.9999128580093384,173.3045196533203,13.321311950683594,0.024141311645507812,323.6385192871094,584.630859375,0.999843418598175,556.4854736328125,565.5468139648438,0.9992623329162598,505.33343505859375,584.091796875,0.9987044930458069,559.3253784179688,567.3246459960938,0.012145638465881348,547.3751220703125,588.8224487304688,0.12038359045982361,602.355224609375,571.6094360351562,0.9989687204360962,603.2216186523438,572.7025146484375,0.019955188035964966,635.4430541992188,543.5859375,0.01719069480895996,636.9901733398438,545.3291625976562,0.8894144296646118,604.5643310546875,569.630859375,0.006879270076751709
1869,328.31280517578125,476.8564147949219,0.9998974800109863,172.48028564453125,12.828630447387695,0.30455800890922546,324.0054626464844,584.9737548828125,0.9998756647109985,555.8161010742188,565.7787475585938,0.99913489818573,505.9212646484375,584.31640625,0.9991451501846313,558.7216796875,567.4661254882812,0.015085726976394653,547.3644409179688,588.8374633789062,0.11991003155708313,602.771240234375,571.4974365234375,0.9986717104911804,603.3035278320312,572.528076171875,0.02097192406654358,314.3439636230469,581.5260009765625,0.008106619119644165,636.9631958007812,546.146484375,0.789953351020813,604.5023803710938,569.6517944335938,0.007008165121078491
1870,328.3960876464844,476.73394775390625,0.9999110698699951,259.1712646484375,491.17877197265625,0.6952559947967529,323.9087829589844,584.596923828125,0.9998946785926819,556.295166015625,565.2672119140625,0.9993010759353638,505.3973388671875,584.0354614257812,0.9990042448043823,559.1157836914062,567.06982421875,0.012226074934005737,547.4197998046875,588.6983032226562,0.11657944321632385,602.66748046875,571.5836791992188,0.9989053010940552,603.330322265625,572.5543212890625,0.018937885761260986,635.6574096679688,543.6195678710938,0.019644826650619507,637.3938598632812,545.2128295898438,0.8818668127059937,604.468505859375,569.5906372070312,0.006654322147369385
1871,328.35626220703125,476.7236633300781,0.9998975992202759,173.27500915527344,12.844060897827148,0.07946911454200745,323.4993896484375,584.2175903320312,0.9998857378959656,556.0236206054688,565.2815551757812,0.9992464780807495,505.5033874511719,583.7189331054688,0.999035120010376,558.7987670898438,567.1563720703125,0.013392925262451172,547.5648193359375,588.7551879882812,0.1258426010608673,602.6754760742188,571.539794921875,0.9987037181854248,603.0804443359375,572.9778442382812,0.020566105842590332,634.6641235351562,544.7191772460938,0.011148601770401001,636.7075805664062,545.7258911132812,0.7928236126899719,604.5924072265625,569.7538452148438,0.006417602300643921
1872,328.1300048828125,476.5903015136719,0.9998906850814819,259.9490051269531,492.39794921875,0.6017454266548157,324.52862548828125,584.3722534179688,0.9999109506607056,555.708984375,565.3034057617188,0.9993043541908264,505.4803771972656,583.9854736328125,0.9992588758468628,558.7798461914062,567.22216796875,0.015521973371505737,547.06884765625,588.8432006835938,0.12052279710769653,602.8275146484375,571.4413452148438,0.9987990856170654,603.2908325195312,572.6156005859375,0.018662750720977783,634.9551391601562,543.487060546875,0.028508037328720093,637.0541381835938,544.9404296875,0.9052014946937561,635.5855102539062,542.0636596679688,0.006477266550064087
1873,328.2917785644531,476.2951354980469,0.999897837638855,259.6767578125,490.413818359375,0.03744819760322571,322.81451416015625,584.3977661132812,0.9998466968536377,555.3125610351562,565.1780395507812,0.9990229606628418,505.8060302734375,584.1270141601562,0.9990792274475098,558.4030151367188,567.11962890625,0.013535618782043457,547.3223876953125,588.7908325195312,0.11083170771598816,603.0556640625,571.3359375,0.9988397359848022,603.2136840820312,572.5928955078125,0.01949632167816162,635.013916015625,543.723876953125,0.01755550503730774,637.049560546875,545.122314453125,0.872545599937439,604.4900512695312,569.5856323242188,0.00614050030708313
1874,328.08612060546875,476.586669921875,0.9998828768730164,258.7897644042969,490.6166076660156,0.288607656955719,323.3341064453125,584.6248779296875,0.9998514652252197,555.4248657226562,565.0068359375,0.9992534518241882,505.1202087402344,583.8055419921875,0.998883843421936,558.2630615234375,567.017578125,0.014345705509185791,547.5330200195312,588.7494506835938,0.11500045657157898,602.913330078125,571.2039794921875,0.9990397095680237,603.1384887695312,572.3564453125,0.017591238021850586,635.3253173828125,543.8338623046875,0.009220868349075317,636.8912353515625,545.0743408203125,0.8410905599594116,604.5154418945312,569.5755004882812,0.005758464336395264
1875,328.0293273925781,476.67156982421875,0.9998778104782104,172.37135314941406,12.666315078735352,0.2435356080532074,322.88983154296875,584.8616943359375,0.9997951984405518,555.7361450195312,565.382080078125,0.9991783499717712,505.84674072265625,584.1305541992188,0.9989967346191406,558.662353515625,567.1442260742188,0.01233208179473877,547.3399658203125,588.6908569335938,0.11648866534233093,602.6983642578125,571.1818237304688,0.999122142791748,786.4186401367188,552.91845703125,0.01864767074584961,635.4850463867188,543.7957763671875,0.00956842303276062,636.80224609375,545.44482421875,0.8223497867584229,604.5248413085938,569.4305419921875,0.006382405757904053
1876,328.1250305175781,476.5310363769531,0.9999094009399414,173.3373260498047,12.048662185668945,0.021241098642349243,322.73712158203125,585.087890625,0.9997782707214355,555.224365234375,565.2313842773438,0.999222993850708,505.731689453125,584.095458984375,0.9990512132644653,558.1819458007812,567.0853881835938,0.013760566711425781,547.1193237304688,589.10205078125,0.11537790298461914,602.5284423828125,571.3087158203125,0.9989811182022095,603.0714721679688,572.3795166015625,0.02275902032852173,635.5535888671875,542.8829956054688,0.010692119598388672,637.414794921875,544.4093017578125,0.7807656526565552,604.4596557617188,569.7443237304688,0.007109463214874268
1877,328.0395812988281,476.47259521484375,0.9999165534973145,173.3254852294922,12.855894088745117,0.05714207887649536,323.19195556640625,585.4749145507812,0.9997849464416504,555.3508911132812,565.09814453125,0.999214768409729,505.2316589355469,584.0881958007812,0.9988601803779602,558.3729858398438,566.9373168945312,0.014876335859298706,547.8883666992188,588.8772583007812,0.09689974784851074,603.1458740234375,571.1642456054688,0.9991186857223511,603.337890625,572.1685180664062,0.020669221878051758,635.967529296875,542.8074340820312,0.010320097208023071,637.5701293945312,544.30322265625,0.8122209906578064,604.4342651367188,569.5950927734375,0.006371259689331055
1878,328.118896484375,476.3830871582031,0.9999101161956787,172.9550018310547,13.929491996765137,0.054104387760162354,322.4792785644531,585.0761108398438,0.9997972249984741,555.1480102539062,565.0990600585938,0.9992674589157104,505.30926513671875,584.2156372070312,0.9990513324737549,558.2230834960938,567.0047607421875,0.013394862413406372,547.7242431640625,588.7943725585938,0.11970165371894836,602.756591796875,570.887939453125,0.9992482662200928,786.4717407226562,552.5935668945312,0.01779058575630188,635.4818115234375,542.9425048828125,0.007424145936965942,637.3753051757812,544.5718994140625,0.7734010815620422,604.5499267578125,569.4685668945312,0.0061464011669158936
1879,327.8744201660156,476.6729736328125,0.999904215335846,172.83177185058594,12.572072982788086,0.0713699460029602,322.5160217285156,584.6839599609375,0.9998117685317993,555.8097534179688,565.0214233398438,0.9992328882217407,505.3017578125,584.184814453125,0.9988071918487549,558.5713500976562,566.9817504882812,0.014270305633544922,547.6787719726562,588.6124267578125,0.14085668325424194,602.3439331054688,571.3145141601562,0.9989376068115234,602.9972534179688,572.3616333007812,0.02168935537338257,635.3812866210938,542.9485473632812,0.014416426420211792,637.0145263671875,544.492431640625,0.8581951856613159,604.4347534179688,569.707275390625,0.006449788808822632
1880,327.8275146484375,476.65557861328125,0.9998945593833923,173.50592041015625,13.957998275756836,0.042651981115341187,322.7113952636719,584.831298828125,0.9998012185096741,556.5145263671875,564.6144409179688,0.9991564750671387,505.1317443847656,584.259033203125,0.9985822439193726,559.1195678710938,566.7115478515625,0.013612955808639526,547.9175415039062,588.5390014648438,0.13374832272529602,602.6395874023438,570.9292602539062,0.9991966485977173,603.2330932617188,571.8839721679688,0.024221569299697876,635.4152221679688,542.7811279296875,0.027001291513442993,636.982177734375,544.1622314453125,0.8783969879150391,604.4705810546875,569.577880859375,0.007174193859100342
1881,327.7953796386719,476.7441101074219,0.9999135732650757,173.17848205566406,13.257806777954102,0.03862166404724121,322.2677917480469,585.2571411132812,0.9998111128807068,555.6657104492188,564.9002075195312,0.9992598295211792,505.1763000488281,584.12646484375,0.9988619089126587,558.6530151367188,566.8922119140625,0.014228105545043945,547.4708862304688,588.6146850585938,0.14783823490142822,602.8662109375,570.8250732421875,0.9992380142211914,603.1488647460938,571.9738159179688,0.021222293376922607,635.0633544921875,542.4492797851562,0.021491438150405884,636.712646484375,543.931396484375,0.8661417961120605,604.4517211914062,569.4368896484375,0.00663331151008606
1882,327.63934326171875,476.629150390625,0.9999121427536011,259.2821044921875,490.12152099609375,0.13097721338272095,322.91644287109375,584.8826904296875,0.9998552799224854,555.9183959960938,564.3721923828125,0.9992365837097168,505.22723388671875,583.950439453125,0.9987205266952515,558.6109008789062,566.552001953125,0.01666519045829773,547.5743408203125,588.4182739257812,0.13059541583061218,602.6943359375,571.0188598632812,0.9991629123687744,603.0186767578125,572.0599975585938,0.02265608310699463,635.2483520507812,542.7029418945312,0.019422948360443115,636.7367553710938,544.2575073242188,0.9033204317092896,604.466064453125,569.6820068359375,0.006370484828948975
1883,327.7706604003906,476.48260498046875,0.9999338388442993,259.456298828125,490.726318359375,0.1511637270450592,322.6171569824219,585.1763916015625,0.9998140931129456,555.3995361328125,564.7376098632812,0.9992899298667908,505.1989440917969,584.0233154296875,0.9988247752189636,558.2833251953125,566.690673828125,0.015314310789108276,547.8519287109375,588.5381469726562,0.11558595299720764,602.4050903320312,570.8529052734375,0.9991902112960815,603.0474243164062,571.8527221679688,0.023471951484680176,635.0859985351562,542.1953735351562,0.024869799613952637,636.8543701171875,543.5022583007812,0.8662070035934448,604.3915405273438,569.541259765625,0.006848931312561035
1884,327.7683410644531,476.60552978515625,0.9999203085899353,555.252685546875,554.2915649414062,0.014170527458190918,321.2191467285156,585.2609252929688,0.9996784329414368,555.8353881835938,564.9893188476562,0.9993603229522705,505.83514404296875,584.390625,0.9989696741104126,558.5343017578125,566.9158325195312,0.014114737510681152,547.5521850585938,588.6435546875,0.11987930536270142,602.5416259765625,570.7442016601562,0.999301016330719,602.9388427734375,571.9053955078125,0.02305382490158081,634.4846801757812,542.7173461914062,0.02828499674797058,636.1906127929688,544.1714477539062,0.9045373201370239,635.6727294921875,541.9646606445312,0.006591975688934326
1885,327.6711730957031,476.39764404296875,0.9999145269393921,259.38433837890625,490.9174499511719,0.10936844348907471,778.2538452148438,549.2296142578125,0.9997520446777344,556.215576171875,564.780029296875,0.9993878602981567,505.1642150878906,584.220458984375,0.9982364177703857,558.77001953125,566.9130859375,0.013806641101837158,548.0423583984375,588.6778564453125,0.14506050944328308,602.4309692382812,570.9524536132812,0.9991042613983154,603.0673217773438,571.900634765625,0.02342584729194641,634.5426635742188,542.0414428710938,0.03300046920776367,636.0643920898438,543.806396484375,0.9185544848442078,635.7103271484375,541.9957885742188,0.007238954305648804
1886,327.3414611816406,476.2994689941406,0.9999244213104248,258.3887939453125,490.8448791503906,0.9869894981384277,778.2630615234375,548.5242309570312,0.9997270703315735,555.435302734375,564.5637817382812,0.9994010329246521,504.97174072265625,583.982666015625,0.9987198114395142,558.1588745117188,566.694091796875,0.014979332685470581,547.8720703125,588.6019287109375,0.14557713270187378,602.6242065429688,570.394287109375,0.9994849562644958,603.1932983398438,571.2770385742188,0.02169308066368103,635.2471923828125,542.2192993164062,0.02231040596961975,636.6573486328125,543.7756958007812,0.8695817589759827,604.448974609375,569.267578125,0.00648835301399231
1887,327.5822448730469,476.34381103515625,0.9999193549156189,172.18939208984375,12.932830810546875,0.023127108812332153,321.9505615234375,584.9508666992188,0.9997897148132324,556.0886840820312,564.8789672851562,0.9993211030960083,504.96380615234375,584.1804809570312,0.9982470273971558,558.7079467773438,566.8621215820312,0.012828171253204346,547.7048950195312,588.6005249023438,0.13115516304969788,602.4136352539062,570.8927612304688,0.9991214275360107,603.0425415039062,571.9921264648438,0.02356734871864319,634.20947265625,542.4255981445312,0.017681986093521118,635.688232421875,544.16943359375,0.8861606121063232,604.4125366210938,569.5548706054688,0.006587177515029907
1888,327.3949890136719,476.3183898925781,0.9999263286590576,172.33120727539062,13.43930435180664,0.07520684599876404,321.963623046875,585.5292358398438,0.9997687339782715,555.65283203125,565.0678100585938,0.9992985129356384,505.6776428222656,584.0567626953125,0.9990536570549011,558.3056640625,566.9468994140625,0.014905273914337158,548.0230712890625,588.6017456054688,0.1248096227645874,602.3025512695312,570.8121948242188,0.9991803169250488,602.9904174804688,571.732421875,0.02115684747695923,634.6963500976562,541.4812622070312,0.02197018265724182,636.398681640625,543.4003295898438,0.8665781021118164,604.45849609375,569.5228271484375,0.006643027067184448
1889,327.4291076660156,476.28082275390625,0.999924898147583,172.4287109375,12.993383407592773,0.01795312762260437,321.2963562011719,585.31982421875,0.9997814297676086,555.2286987304688,564.7471313476562,0.9993103742599487,505.147705078125,583.9962768554688,0.9988733530044556,557.9619140625,566.83349609375,0.01607641577720642,547.5288696289062,588.6970825195312,0.14298591017723083,602.3512573242188,570.5427856445312,0.9993449449539185,603.0332641601562,571.6257934570312,0.02063658833503723,634.3366088867188,541.4813232421875,0.028428494930267334,636.1925659179688,543.3125610351562,0.9018755555152893,604.4918212890625,569.4742431640625,0.006491184234619141
1890,327.50543212890625,476.1189880371094,0.9999358057975769,172.60400390625,13.672947883605957,0.053460508584976196,322.0478210449219,585.3703002929688,0.9997695684432983,555.32861328125,564.8923950195312,0.9994495511054993,505.375732421875,584.2927856445312,0.9989913702011108,558.3070678710938,566.7335205078125,0.014895737171173096,547.6484985351562,588.6212768554688,0.1093885600566864,602.3294067382812,570.6859741210938,0.9993322491645813,602.9271850585938,571.5230712890625,0.0238666832447052,634.7030639648438,541.9215698242188,0.01965656876564026,636.200439453125,543.9379272460938,0.8963855504989624,604.5274658203125,569.5213012695312,0.00715714693069458
1891,327.3656005859375,476.24761962890625,0.99992436170578,173.56312561035156,12.877697944641113,0.09688717126846313,322.31231689453125,585.429931640625,0.9998202323913574,555.7769775390625,564.9595947265625,0.9992253184318542,505.0069885253906,584.2794799804688,0.9989697933197021,558.6136474609375,566.7584228515625,0.013707786798477173,547.6173095703125,588.3765869140625,0.13865163922309875,602.2589721679688,570.75341796875,0.999220073223114,602.9952392578125,571.6392211914062,0.021195828914642334,633.8284912109375,541.61181640625,0.023533135652542114,635.7128295898438,543.6737060546875,0.8950010538101196,604.5194091796875,569.5523071289062,0.006520271301269531
1892,327.52728271484375,476.1925354003906,0.9999198913574219,171.32220458984375,14.573905944824219,0.018591612577438354,322.06402587890625,585.5179443359375,0.9997457265853882,555.2666625976562,564.879638671875,0.9993448257446289,504.9894714355469,584.1871948242188,0.9986591339111328,558.332275390625,566.6986083984375,0.014929026365280151,547.7462158203125,588.6853637695312,0.12817257642745972,601.9502563476562,570.9086303710938,0.9991322755813599,602.785888671875,571.656005859375,0.024904906749725342,634.2056884765625,541.8666381835938,0.01574188470840454,635.7228393554688,543.6356811523438,0.871154248714447,604.5306396484375,569.6192016601562,0.007507026195526123
1893,327.36328125,476.3457336425781,0.9999192953109741,555.3430786132812,553.9720458984375,0.012811720371246338,321.9110412597656,585.4757080078125,0.999797523021698,555.34716796875,565.0652465820312,0.9994940757751465,505.3205871582031,584.2520751953125,0.9990818500518799,558.3096923828125,566.8048095703125,0.015446394681930542,547.2510986328125,588.8748168945312,0.09912160038948059,601.7070922851562,570.73828125,0.999267578125,602.6913452148438,571.5850219726562,0.02244776487350464,633.7411499023438,541.6104736328125,0.017990857362747192,635.682373046875,543.4841918945312,0.863338828086853,604.5453491210938,569.5755004882812,0.007162272930145264
1894,327.3097839355469,476.5898132324219,0.9999197721481323,173.04905700683594,13.391075134277344,0.05079042911529541,321.2508850097656,585.3062744140625,0.999738335609436,554.4976196289062,565.0242309570312,0.9991327524185181,505.80169677734375,584.5247802734375,0.9990561008453369,557.65625,566.6884765625,0.015936076641082764,547.9386596679688,588.7830200195312,0.12337082624435425,602.0259399414062,570.7839965820312,0.9991427659988403,602.7937622070312,571.5596923828125,0.023675203323364258,634.73095703125,541.8248291015625,0.018179357051849365,636.086669921875,543.7079467773438,0.8836759328842163,604.4783325195312,569.6649169921875,0.006851136684417725
1895,327.28607177734375,476.1900329589844,0.9999244809150696,172.4866180419922,12.768600463867188,0.026984304189682007,321.11322021484375,585.5391235351562,0.9997142553329468,555.862548828125,564.6148681640625,0.999351978302002,505.3225402832031,584.410888671875,0.9987695217132568,558.6111450195312,566.5386352539062,0.012531280517578125,547.8849487304688,588.5438842773438,0.08747777342796326,602.131591796875,570.6967163085938,0.9993537664413452,602.8446655273438,571.59912109375,0.02346336841583252,634.1031494140625,541.9320678710938,0.02069002389907837,635.4924926757812,543.670166015625,0.9005851149559021,604.5064697265625,569.4989013671875,0.006882309913635254
1896,327.2265625,476.3277893066406,0.9999091029167175,173.30926513671875,13.421592712402344,0.04631251096725464,321.69189453125,585.3732299804688,0.9998013973236084,555.6934204101562,564.8353881835938,0.9995123744010925,505.69110107421875,584.28759765625,0.9991003274917603,558.6826171875,566.70458984375,0.014404147863388062,547.6731567382812,588.8201293945312,0.08408275246620178,601.6619262695312,570.8336791992188,0.9993343353271484,602.5565185546875,571.6116333007812,0.021937161684036255,634.2365112304688,541.8741455078125,0.027694344520568848,635.8413696289062,543.6571655273438,0.900179386138916,604.576416015625,569.5794067382812,0.006597369909286499
1897,326.99005126953125,476.44610595703125,0.9999178647994995,173.90980529785156,13.47339153289795,0.05686882138252258,321.85552978515625,585.8435668945312,0.9997743368148804,555.0167236328125,564.7747192382812,0.9994347095489502,505.6983337402344,584.2680053710938,0.9991797208786011,558.0960693359375,566.5471801757812,0.011811822652816772,547.7339477539062,588.7222290039062,0.09915438294410706,601.9644775390625,570.7111206054688,0.9993497133255005,602.6244506835938,571.57421875,0.02157697081565857,633.6331176757812,542.4537353515625,0.015756577253341675,635.3966064453125,543.860595703125,0.8663758635520935,604.5261840820312,569.5861206054688,0.0067074596881866455
1898,327.0680236816406,476.4891357421875,0.9999278783798218,173.41236877441406,13.679296493530273,0.017054200172424316,322.4276123046875,585.7916870117188,0.9997725486755371,554.9996337890625,564.5831909179688,0.9994121789932251,505.5421142578125,584.1163940429688,0.9990363717079163,558.093505859375,566.4396362304688,0.0140666663646698,547.6958618164062,588.8616333007812,0.09993132948875427,602.4946899414062,570.5128784179688,0.9993736147880554,603.0150146484375,571.399169921875,0.0200272798538208,634.3121948242188,541.6336059570312,0.030879080295562744,635.53759765625,543.06005859375,0.9318603873252869,635.6776733398438,542.0206298828125,0.006606340408325195
1899,327.0729064941406,476.7179870605469,0.9999253749847412,172.84437561035156,13.228612899780273,0.03825077414512634,321.55072021484375,585.4609375,0.9997888803482056,555.4435424804688,564.4863891601562,0.9994186162948608,506.04296875,584.2057495117188,0.9991351962089539,558.4466552734375,566.4429321289062,0.012979328632354736,547.6123046875,588.6575927734375,0.11624002456665039,602.0040893554688,570.5276489257812,0.9993234872817993,602.5614013671875,571.3991088867188,0.022410869598388672,633.9102172851562,541.9600219726562,0.02123543620109558,635.3977661132812,543.4711303710938,0.8954727053642273,604.4892578125,569.576171875,0.006523579359054565
1900,326.8989562988281,476.49444580078125,0.9999228119850159,173.79473876953125,12.795129776000977,0.01740202307701111,321.2582092285156,585.1370239257812,0.999810516834259,554.8177490234375,564.7546997070312,0.9993643164634705,505.31982421875,584.207275390625,0.998843789100647,557.9413452148438,566.6192626953125,0.016132861375808716,547.7310180664062,588.8428955078125,0.11530864238739014,602.1334838867188,570.3663330078125,0.999362587928772,602.6873779296875,571.235595703125,0.023285508155822754,633.3408203125,541.3740234375,0.020081520080566406,635.2117309570312,542.9727172851562,0.8765708804130554,604.5335693359375,569.5542602539062,0.0067702531814575195
1901,326.7342529296875,476.65325927734375,0.9999338388442993,174.31570434570312,12.946986198425293,0.02136063575744629,320.62060546875,585.3272705078125,0.9997274279594421,555.1611938476562,564.900390625,0.9995118379592896,505.764404296875,584.201416015625,0.9990988969802856,558.426025390625,566.6812133789062,0.015424162149429321,547.3914794921875,588.7609252929688,0.10311484336853027,601.7853393554688,570.2381591796875,0.9995220899581909,602.439697265625,570.9742431640625,0.021922022104263306,766.11083984375,548.8948364257812,0.01249772310256958,635.1126098632812,543.5571899414062,0.8178199529647827,604.5177001953125,569.3822631835938,0.006425261497497559
1902,326.79876708984375,476.6138916015625,0.999923586845398,174.07098388671875,12.557865142822266,0.03840687870979309,320.6050720214844,585.2942504882812,0.9997433423995972,555.2832641601562,564.6932983398438,0.9995092153549194,505.67059326171875,584.4024047851562,0.9990921020507812,558.6566772460938,566.5022583007812,0.013250410556793213,547.425537109375,588.9269409179688,0.10884237289428711,601.952880859375,570.3920288085938,0.9994392395019531,602.4559936523438,571.2302856445312,0.02303752303123474,312.7480163574219,582.4468383789062,0.009152144193649292,635.3694458007812,543.445556640625,0.8091024160385132,604.5419311523438,569.5075073242188,0.0067379772663116455
1903,326.7904052734375,476.60247802734375,0.9999144673347473,319.3685607910156,581.4962158203125,0.01305466890335083,776.7285766601562,546.9595947265625,0.9997076988220215,554.5737915039062,564.8599243164062,0.9994616508483887,505.8486328125,584.4514770507812,0.9991148710250854,557.8690795898438,566.5357055664062,0.0142536461353302,547.8822631835938,589.0471801757812,0.074708491563797,601.9522094726562,570.3532104492188,0.9994789361953735,602.3330688476562,571.2594604492188,0.024620652198791504,766.4039916992188,548.973388671875,0.010673880577087402,635.2953491210938,543.3748168945312,0.7701157927513123,604.47216796875,569.48486328125,0.006541699171066284
1904,326.7944641113281,476.7436828613281,0.9999306201934814,548.9946899414062,552.603515625,0.012908071279525757,319.9049987792969,585.6072998046875,0.9996840953826904,554.6325073242188,564.634521484375,0.99944007396698,505.5067138671875,584.204833984375,0.999362051486969,558.0580444335938,566.38427734375,0.01345941424369812,547.7691650390625,588.6064453125,0.0706028938293457,601.7874145507812,570.2044067382812,0.9994387626647949,602.302490234375,570.9794921875,0.02322787046432495,766.5176391601562,548.9703979492188,0.008588045835494995,635.1695556640625,542.8851318359375,0.7957508563995361,604.515869140625,569.5436401367188,0.006434500217437744
1905,326.5773010253906,476.8341064453125,0.9999277591705322,548.8700561523438,552.7117919921875,0.013704061508178711,776.9669189453125,546.2290649414062,0.9995685815811157,555.0386962890625,564.7584838867188,0.9994454383850098,505.3629150390625,584.1617431640625,0.9993452429771423,558.2777099609375,566.6127319335938,0.014752179384231567,547.667724609375,588.8890380859375,0.0979863703250885,601.3051147460938,570.5362548828125,0.9993802309036255,601.9365844726562,571.2944946289062,0.023145169019699097,633.7243041992188,540.046142578125,0.015957504510879517,635.3367309570312,542.46044921875,0.8009051084518433,604.53076171875,569.6051025390625,0.006266653537750244
1906,326.6350402832031,476.6651306152344,0.9999305009841919,172.87820434570312,13.575836181640625,0.10681724548339844,320.12640380859375,585.6453247070312,0.9996687173843384,555.1849975585938,564.9052734375,0.9995529651641846,505.782470703125,584.2394409179688,0.9992228746414185,558.3496704101562,566.6441040039062,0.01477658748626709,547.6997680664062,588.818359375,0.11710304021835327,601.5701904296875,570.5643310546875,0.9994429349899292,602.1419677734375,571.1257934570312,0.02297794818878174,766.2659301757812,548.6965942382812,0.009247064590454102,635.1639404296875,543.3187255859375,0.7637395858764648,604.549072265625,569.6076049804688,0.006534665822982788
1907,326.3407897949219,476.75823974609375,0.9999395608901978,173.14279174804688,13.20889663696289,0.022246211767196655,776.5745239257812,547.1065673828125,0.9996560215950012,555.208740234375,564.4612426757812,0.9994876384735107,505.69500732421875,584.3964233398438,0.9993621110916138,558.2924194335938,566.3797607421875,0.015655726194381714,547.6322021484375,588.4535522460938,0.11615529656410217,601.37548828125,570.4442749023438,0.9993906021118164,602.1444702148438,571.0178833007812,0.02458813786506653,766.148681640625,548.7575073242188,0.00874355435371399,635.2700805664062,543.3084716796875,0.6142824292182922,604.5445556640625,569.6593627929688,0.006651192903518677
1908,326.3812561035156,476.932861328125,0.9999231696128845,172.88613891601562,12.494407653808594,0.024405092000961304,776.3272094726562,546.3162841796875,0.9995357990264893,555.0405883789062,564.740234375,0.9994238615036011,505.62518310546875,584.3989868164062,0.9992169737815857,558.5396118164062,567.4570922851562,0.014583230018615723,547.8939819335938,588.73486328125,0.10381665825843811,600.8385009765625,570.6474609375,0.9993442296981812,601.868896484375,571.331298828125,0.024489611387252808,766.2465209960938,548.3271484375,0.008094102144241333,634.6525268554688,543.6091918945312,0.7409852743148804,604.5692749023438,569.7639770507812,0.006110161542892456
1909,326.35321044921875,476.79412841796875,0.9999067783355713,173.63844299316406,14.079500198364258,0.042570799589157104,776.0164184570312,546.7928466796875,0.9997129440307617,554.976318359375,564.6627197265625,0.9994426369667053,505.6453857421875,584.4340209960938,0.9993119239807129,558.01220703125,566.4765625,0.0128689706325531,547.7578735351562,588.7200927734375,0.08111885190010071,601.5723266601562,570.4039916992188,0.9994379878044128,602.2327270507812,570.8489379882812,0.025402307510375977,633.2474365234375,540.7828979492188,0.012378960847854614,634.8792724609375,542.3968505859375,0.7983115911483765,604.490234375,569.5634765625,0.006822735071182251
1910,326.247314453125,477.01873779296875,0.9999358654022217,173.19020080566406,13.367273330688477,0.06935212016105652,776.1316528320312,546.0621948242188,0.999557614326477,554.3003540039062,564.7998046875,0.9994402527809143,505.6908264160156,584.5709228515625,0.999345064163208,557.6220092773438,566.630859375,0.013063222169876099,547.6659545898438,588.685546875,0.07006657123565674,601.0974731445312,570.6484985351562,0.9993683099746704,601.9544677734375,571.2333374023438,0.021863460540771484,765.8549194335938,548.4271240234375,0.00823599100112915,634.7897338867188,542.881591796875,0.6830940246582031,604.573486328125,569.6549072265625,0.006700187921524048
1911,326.2215576171875,476.97393798828125,0.9999364614486694,170.82125854492188,13.654997825622559,0.055347740650177,775.6309814453125,546.4288330078125,0.9997580051422119,555.5001831054688,564.4951782226562,0.9996362924575806,505.8964538574219,584.3575439453125,0.9994494915008545,558.9118041992188,567.463134765625,0.014641255140304565,547.7279052734375,588.647705078125,0.08981519937515259,601.159912109375,570.3355102539062,0.9995378255844116,601.9937133789062,570.823486328125,0.022878408432006836,765.640869140625,548.9175415039062,0.009474605321884155,634.3076782226562,542.9486694335938,0.7968541383743286,604.5692749023438,569.5570678710938,0.0062853991985321045
1912,326.1228942871094,477.01104736328125,0.9999310970306396,173.8016357421875,12.994486808776855,0.02505892515182495,775.7388305664062,546.7935180664062,0.9997430443763733,554.9755859375,564.4234008789062,0.9993903636932373,505.8631591796875,584.3724975585938,0.9994094371795654,558.3319091796875,567.2897338867188,0.012819111347198486,548.1345825195312,588.852294921875,0.07835754752159119,601.34912109375,570.5455322265625,0.9993358850479126,602.0289916992188,570.9141845703125,0.02340194582939148,765.4415283203125,549.159423828125,0.011726945638656616,634.2041625976562,542.7579956054688,0.8268445730209351,604.5982055664062,569.6793212890625,0.006443411111831665
1913,325.9911804199219,477.0922546386719,0.9999372959136963,172.53268432617188,13.227516174316406,0.020401835441589355,776.0443115234375,546.5389404296875,0.9996815323829651,551.132568359375,564.28759765625,0.9992865324020386,506.0066833496094,584.39111328125,0.999520480632782,557.3804321289062,566.0989379882812,0.013022392988204956,548.0117797851562,588.6359252929688,0.09783568978309631,601.3807983398438,570.3814697265625,0.9994164109230042,598.7456665039062,571.2045288085938,0.022321313619613647,766.1585083007812,548.6708984375,0.008142679929733276,634.2761840820312,542.8644409179688,0.7296893000602722,604.6123046875,569.5596313476562,0.006032317876815796
1914,326.12384033203125,477.1199645996094,0.9999207854270935,772.2252197265625,543.9906616210938,0.013690829277038574,775.1557006835938,547.4166870117188,0.9997678995132446,554.8860473632812,564.6025390625,0.9993894696235657,506.0596618652344,584.471923828125,0.9994896054267883,557.8610229492188,566.318359375,0.012086957693099976,547.7843627929688,588.8353881835938,0.09168761968612671,601.4083862304688,570.5072631835938,0.9994219541549683,601.9487915039062,570.9157104492188,0.02342495322227478,633.3175048828125,541.4183959960938,0.013413101434707642,634.7022705078125,542.9552612304688,0.8412224054336548,604.5458374023438,569.52294921875,0.006215006113052368
1915,325.9515380859375,477.07684326171875,0.9999240636825562,173.44886779785156,12.95982837677002,0.029812872409820557,317.0596618652344,584.6509399414062,0.9996602535247803,555.108154296875,564.3565673828125,0.9992902278900146,505.6294860839844,584.296142578125,0.9993086457252502,558.064453125,566.16796875,0.012071341276168823,548.2119750976562,588.4044189453125,0.09957927465438843,601.268798828125,570.06494140625,0.9995652437210083,598.5908813476562,571.1075439453125,0.020811766386032104,633.4337768554688,540.4407348632812,0.012583315372467041,634.649658203125,542.0881958007812,0.7507807016372681,604.5995483398438,569.435546875,0.005738556385040283
1916,325.84307861328125,477.1536865234375,0.9999323487281799,172.90122985839844,13.964326858520508,0.042255938053131104,775.3319702148438,546.1795043945312,0.9997319579124451,551.3765258789062,564.4751586914062,0.9992085695266724,505.70745849609375,584.3577270507812,0.9993281960487366,557.3380126953125,566.2854614257812,0.015022099018096924,548.2796020507812,588.5560302734375,0.09953588247299194,601.3095092773438,570.2022705078125,0.9994798898696899,598.6997680664062,570.9999389648438,0.02445504069328308,633.1282958984375,539.5035400390625,0.024138808250427246,634.9564819335938,540.6095581054688,0.8604391813278198,604.5482177734375,569.4864501953125,0.005847156047821045
1917,325.72174072265625,477.0296325683594,0.9999395608901978,173.38304138183594,13.237071990966797,0.04240885376930237,316.793701171875,584.8351440429688,0.9996551275253296,555.5270385742188,564.2113647460938,0.9992804527282715,505.7826232910156,584.2018432617188,0.9992009997367859,558.4083862304688,566.1502685546875,0.013658136129379272,548.3818969726562,588.3352661132812,0.09392052888870239,601.390625,570.0757446289062,0.9995038509368896,599.0741577148438,571.1094970703125,0.021642327308654785,633.1368408203125,539.2350463867188,0.02087724208831787,635.0113525390625,540.1976318359375,0.813896894454956,604.5513305664062,569.4660034179688,0.005409121513366699
1918,325.6256103515625,477.44830322265625,0.9999380707740784,173.6462860107422,13.739740371704102,0.017172008752822876,316.4431457519531,585.150634765625,0.9995585680007935,554.4222412109375,564.4232177734375,0.9993159770965576,505.6192626953125,584.2738037109375,0.9992368221282959,557.62109375,566.2833862304688,0.015931546688079834,547.77978515625,588.7909545898438,0.12013900279998779,600.536865234375,570.2626953125,0.9993343353271484,601.7494506835938,570.8056640625,0.022704094648361206,766.2549438476562,548.7667846679688,0.007589459419250488,633.869384765625,543.6821899414062,0.6848676204681396,604.5361328125,569.7374877929688,0.00592273473739624
1919,325.5732727050781,477.3252868652344,0.9999253749847412,174.31573486328125,13.226815223693848,0.06481349468231201,774.7208251953125,546.3037719726562,0.99974524974823,554.9139404296875,564.2053833007812,0.9994399547576904,505.4712829589844,584.031982421875,0.9991496801376343,558.0320434570312,566.0789184570312,0.01463550329208374,547.9207153320312,588.66162109375,0.10810181498527527,601.121826171875,569.9742431640625,0.9995630979537964,601.922607421875,570.5601196289062,0.02354264259338379,765.2299194335938,548.6369018554688,0.011433720588684082,633.9423217773438,543.4287109375,0.5751072764396667,604.5646362304688,569.4888916015625,0.0062479376792907715
1920,325.5536193847656,477.3966979980469,0.9999313354492188,172.5278778076172,12.577796936035156,0.045317500829696655,316.7493591308594,584.9625854492188,0.9996110200881958,551.5568237304688,564.1876831054688,0.9993970394134521,505.92877197265625,584.5286254882812,0.9992603063583374,557.5636596679688,566.0355834960938,0.012103766202926636,547.6207275390625,588.6227416992188,0.09707969427108765,601.108154296875,569.841552734375,0.9995965361595154,602.0420532226562,570.38427734375,0.023098349571228027,765.99609375,548.6021728515625,0.008185803890228271,634.046142578125,543.0275268554688,0.7140493392944336,604.5209350585938,569.4144287109375,0.0061875879764556885
1921,325.5129089355469,477.105712890625,0.9999396204948425,173.60154724121094,13.032251358032227,0.085203617811203,774.2896118164062,546.3402709960938,0.9998141527175903,551.4638671875,564.198974609375,0.9993201494216919,505.53656005859375,584.4151000976562,0.9995043873786926,557.4620361328125,566.1893920898438,0.013403117656707764,548.1838989257812,588.5415649414062,0.10809794068336487,600.7817993164062,570.1837158203125,0.99937903881073,601.8317260742188,570.2318115234375,0.025014817714691162,764.6978759765625,548.6892700195312,0.010063529014587402,633.898193359375,543.1823120117188,0.7140461802482605,604.4652099609375,569.587890625,0.006198972463607788
1922,325.3893737792969,477.1472473144531,0.9999285936355591,173.26170349121094,12.073358535766602,0.02334842085838318,775.322998046875,545.7596435546875,0.9996943473815918,554.7528076171875,563.9004516601562,0.999401867389679,505.8275146484375,584.2828369140625,0.9995490908622742,557.9132690429688,565.818603515625,0.013732671737670898,548.3408813476562,588.252197265625,0.10212895274162292,600.783935546875,570.3104248046875,0.9993096590042114,598.6715087890625,571.0651245117188,0.02326110005378723,765.6854248046875,548.7409057617188,0.008822083473205566,634.1463623046875,543.2133178710938,0.6288275718688965,604.5285034179688,569.6387939453125,0.0059663355350494385
1923,325.3794250488281,477.238525390625,0.9999237060546875,173.00161743164062,13.059163093566895,0.03325757384300232,775.2865600585938,546.0217895507812,0.9996435642242432,554.4908447265625,563.9923706054688,0.9995015859603882,505.404052734375,584.2363891601562,0.9994305968284607,557.610107421875,565.9871826171875,0.014074593782424927,547.9805297851562,588.5747680664062,0.09687143564224243,601.0703735351562,570.1251831054688,0.9994411468505859,602.026611328125,570.4196166992188,0.020968616008758545,765.4463500976562,548.5325317382812,0.008495301008224487,634.1244506835938,542.8673095703125,0.511948823928833,604.5371704101562,569.4415283203125,0.005896925926208496
1924,325.354736328125,477.22161865234375,0.9999172687530518,173.8043975830078,12.112932205200195,0.03825080394744873,774.909912109375,545.74462890625,0.9997661113739014,554.409912109375,564.3310546875,0.9994117021560669,505.7729797363281,584.1453857421875,0.9994074106216431,557.5447387695312,566.1046752929688,0.01408374309539795,548.0231323242188,588.8203125,0.08068409562110901,601.1142578125,570.1114501953125,0.9995114803314209,602.0811767578125,570.4244384765625,0.021330207586288452,765.33984375,548.7322998046875,0.009040921926498413,633.9583740234375,542.6238403320312,0.665075421333313,604.5514526367188,569.4235229492188,0.006046712398529053
1925,325.3084716796875,477.2765197753906,0.9999333620071411,172.98568725585938,13.996232986450195,0.09447991847991943,315.8796081542969,584.68603515625,0.9996448755264282,555.6665649414062,563.8564453125,0.9994561076164246,505.7064208984375,584.3916015625,0.9994741678237915,558.5921020507812,565.762939453125,0.012541979551315308,548.3410034179688,588.1762084960938,0.10653424263000488,601.0853881835938,570.0531616210938,0.9994361996650696,601.8646850585938,570.3519897460938,0.021779179573059082,765.8790283203125,548.7593383789062,0.00688287615776062,633.998046875,542.5003051757812,0.680078387260437,604.4595336914062,569.4913940429688,0.005892693996429443
1926,325.1916198730469,477.3940734863281,0.9999186396598816,172.44451904296875,13.467296600341797,0.10505935549736023,774.2557373046875,545.2596435546875,0.9996755123138428,554.5750122070312,564.0743408203125,0.9994394183158875,505.8187561035156,584.2947387695312,0.999528169631958,557.5375366210938,565.9630126953125,0.015884697437286377,548.36767578125,588.5159912109375,0.10151740908622742,600.45166015625,570.4114379882812,0.9991492629051208,598.4511108398438,571.2241821289062,0.022185564041137695,767.7639770507812,538.9656982421875,0.010550737380981445,633.4072875976562,542.4806518554688,0.7688549160957336,604.544677734375,569.7987670898438,0.005789011716842651
1927,325.0772705078125,477.2047119140625,0.9999310970306396,173.5567169189453,13.883766174316406,0.10005974769592285,773.3118896484375,546.0451049804688,0.9998414516448975,555.2239379882812,564.1433715820312,0.9995614290237427,506.1457214355469,584.2716064453125,0.9995183348655701,558.1906127929688,566.1889038085938,0.015133947134017944,547.832763671875,588.6561279296875,0.12037566304206848,600.5787963867188,570.2791748046875,0.9994102716445923,601.5744018554688,570.5701293945312,0.022033363580703735,763.9024047851562,548.2734375,0.011634767055511475,633.2681274414062,542.0066528320312,0.7329067587852478,604.5595092773438,569.6130981445312,0.006107300519943237
1928,324.8277282714844,477.4183654785156,0.9999262690544128,173.06524658203125,12.861772537231445,0.018501609563827515,773.8548583984375,545.04638671875,0.9997421503067017,555.2666015625,563.8743286132812,0.9994957447052002,505.38787841796875,584.222412109375,0.9991910457611084,557.9976196289062,566.0149536132812,0.014736145734786987,548.1019287109375,588.3687744140625,0.11706364154815674,600.6436767578125,570.0928344726562,0.9994460344314575,601.5559692382812,570.2698974609375,0.023298144340515137,767.2730102539062,538.5794067382812,0.009985625743865967,632.6266479492188,543.0015258789062,0.769015908241272,604.56005859375,569.5134887695312,0.006428271532058716
1929,324.932373046875,477.52850341796875,0.999932050704956,173.91366577148438,12.879064559936523,0.06574583053588867,773.7056884765625,544.7718505859375,0.9996941685676575,555.2940063476562,564.0314331054688,0.9995011687278748,505.5151672363281,584.1630249023438,0.9993998408317566,558.2896118164062,565.9930419921875,0.014280140399932861,548.2022094726562,588.646484375,0.12004280090332031,601.0121459960938,570.0655517578125,0.999474048614502,598.7250366210938,571.075927734375,0.02237573266029358,766.97119140625,538.3717651367188,0.010999053716659546,633.6610717773438,542.3172607421875,0.6968858242034912,604.5374755859375,569.4942016601562,0.005791008472442627
1930,324.82049560546875,477.58355712890625,0.9999299049377441,255.38885498046875,492.09368896484375,0.08061102032661438,315.0852355957031,584.9767456054688,0.9996070861816406,554.6505126953125,564.480712890625,0.9994379281997681,505.3721008300781,584.2430419921875,0.9993962645530701,557.5636596679688,566.4417114257812,0.01592734456062317,547.8397216796875,588.6500244140625,0.1281552016735077,600.7077026367188,570.136474609375,0.9994502067565918,598.6318969726562,571.0321044921875,0.02326875925064087,767.3416748046875,538.6443481445312,0.011141777038574219,634.78369140625,541.7188720703125,0.5887914299964905,604.48828125,569.4567260742188,0.005701333284378052
1931,324.6381530761719,477.5565185546875,0.9999298453330994,261.2470703125,544.8978271484375,0.061018019914627075,773.5308227539062,544.3726806640625,0.9995667934417725,555.4998779296875,564.0087280273438,0.9994678497314453,505.84832763671875,584.4894409179688,0.9995315074920654,558.2064208984375,566.06787109375,0.013698279857635498,548.2833251953125,588.4275512695312,0.09518855810165405,600.7776489257812,569.9196166992188,0.9995241165161133,598.4638061523438,571.0682373046875,0.019389748573303223,766.8973388671875,538.2571411132812,0.010046124458312988,635.2448120117188,540.188232421875,0.6544983386993408,604.613525390625,569.4395141601562,0.005863219499588013
1932,324.5888366699219,477.58331298828125,0.9999265670776367,171.62562561035156,13.785202980041504,0.022176593542099,773.4013671875,544.7117919921875,0.9996689558029175,555.8005981445312,563.533203125,0.9995541572570801,505.92333984375,584.6098022460938,0.9993464946746826,558.3772583007812,565.803466796875,0.01436227560043335,548.4810180664062,588.2277221679688,0.11136195063591003,600.7818603515625,569.935546875,0.9995071887969971,598.6484985351562,570.9102783203125,0.022179394960403442,764.6300659179688,548.46728515625,0.010409146547317505,635.0740356445312,540.03955078125,0.6030574440956116,604.5305786132812,569.4212646484375,0.005659133195877075
1933,325.23419189453125,478.59283447265625,0.9999333620071411,772.235107421875,541.8482666015625,0.012899249792098999,774.4539794921875,544.2494506835938,0.9995900988578796,556.3455810546875,563.7191162109375,0.9995946884155273,505.97540283203125,584.9234619140625,0.9992557764053345,558.7132568359375,565.9966430664062,0.014285951852798462,548.2482299804688,588.2923583984375,0.1271267533302307,600.8283081054688,569.9284057617188,0.9995529651641846,601.7891845703125,570.3162841796875,0.02102234959602356,765.4429931640625,548.74609375,0.008524119853973389,635.5596923828125,539.8934326171875,0.6707594394683838,604.5071411132812,569.3635864257812,0.005708426237106323
1934,324.32440185546875,477.56756591796875,0.9999346137046814,173.71051025390625,13.201096534729004,0.05641701817512512,773.5228271484375,544.96484375,0.9996718168258667,555.1646728515625,563.8536376953125,0.9995238184928894,505.71795654296875,584.64892578125,0.9994056224822998,557.8695068359375,566.03662109375,0.01407623291015625,548.0255126953125,588.426025390625,0.09325975179672241,600.3772583007812,569.9913330078125,0.9994035959243774,598.5451049804688,570.9049072265625,0.0218772292137146,764.700439453125,548.6765747070312,0.011199891567230225,633.005615234375,542.8926391601562,0.5038442611694336,604.5363159179688,569.45849609375,0.005584985017776489
1935,324.4966735839844,477.6280517578125,0.9999369382858276,173.2294921875,13.054147720336914,0.17214235663414001,772.9931640625,544.80810546875,0.9996857643127441,555.0380249023438,563.8757934570312,0.9995083212852478,505.8114929199219,584.6068115234375,0.9994219541549683,557.8394165039062,566.06103515625,0.014203071594238281,547.9329833984375,588.632568359375,0.11849051713943481,600.4901123046875,569.8876342773438,0.9995213747024536,601.6469116210938,570.2088012695312,0.02005767822265625,764.1978759765625,548.4050903320312,0.010291308164596558,635.2111206054688,540.11474609375,0.5853757262229919,604.5471801757812,569.4388427734375,0.00540807843208313
1936,324.9380798339844,478.6212463378906,0.9999521970748901,255.0501251220703,491.60693359375,0.16855782270431519,773.0411987304688,545.0736083984375,0.9997047185897827,555.5264282226562,563.8585815429688,0.9995898008346558,506.5379638671875,584.881103515625,0.9996270537376404,558.1942749023438,566.0383911132812,0.014969706535339355,547.9697265625,588.7744140625,0.09461820125579834,600.7077026367188,570.3440551757812,0.9992431402206421,598.7188720703125,571.0501098632812,0.02149483561515808,633.2689208984375,535.7078247070312,0.016167014837265015,635.319580078125,538.6093139648438,0.7756416201591492,604.5068969726562,569.5634765625,0.005423158407211304
1937,324.7870178222656,478.660400390625,0.9999396800994873,173.45083618164062,14.499368667602539,0.11726734042167664,772.1672973632812,544.2794189453125,0.9997131824493408,555.1360473632812,563.8745727539062,0.9993884563446045,506.13739013671875,584.4945678710938,0.9995380640029907,557.697021484375,566.0682373046875,0.01514461636543274,548.1648559570312,588.5538330078125,0.10638454556465149,601.2429809570312,569.7726440429688,0.9994875192642212,601.9791259765625,570.0361938476562,0.019847720861434937,765.557861328125,538.2920532226562,0.014167100191116333,635.1808471679688,539.8173828125,0.7415592670440674,332.4581298828125,476.67926025390625,0.005148887634277344
1938,324.7731018066406,478.680908203125,0.9999421238899231,256.17083740234375,492.6165466308594,0.1204322874546051,772.6842041015625,544.79443359375,0.9997366070747375,551.474853515625,563.7645874023438,0.9992750883102417,506.0777587890625,584.6377563476562,0.9995889663696289,557.3963012695312,566.0136108398438,0.01480013132095337,548.2535400390625,588.4916381835938,0.11081457138061523,600.833984375,569.588134765625,0.9994834661483765,598.61572265625,570.803955078125,0.02008765935897827,766.2260131835938,538.8244018554688,0.0112687349319458,635.18310546875,538.6278686523438,0.6426328420639038,604.5618286132812,569.3426513671875,0.005438387393951416
1939,324.62115478515625,478.869140625,0.9999486207962036,770.7218017578125,542.4404907226562,0.013634055852890015,772.71337890625,544.2410888671875,0.9996633529663086,556.1458129882812,563.8973388671875,0.999657392501831,506.50238037109375,584.7901611328125,0.9996216297149658,558.8289794921875,565.829833984375,0.01475629210472107,547.8998413085938,588.3499755859375,0.09394079446792603,601.8291015625,569.253662109375,0.9995850324630737,601.5492553710938,569.9158935546875,0.019022762775421143,632.809814453125,538.9370727539062,0.011486142873764038,634.4910888671875,539.2152099609375,0.7987613677978516,604.5311279296875,569.187744140625,0.00530126690864563
1940,324.5181579589844,478.8127746582031,0.9999507069587708,769.9342651367188,542.61376953125,0.018304169178009033,772.3236083984375,545.3214111328125,0.9997884035110474,555.7750244140625,563.8778076171875,0.9995880126953125,506.0997009277344,584.840087890625,0.9994746446609497,558.5338745117188,565.8534545898438,0.01488444209098816,548.25732421875,588.3922729492188,0.09974640607833862,600.4407348632812,569.7495727539062,0.9994493722915649,601.6173095703125,569.8235473632812,0.02018013596534729,765.7311401367188,538.853515625,0.011273890733718872,633.5948486328125,539.8192749023438,0.6267296075820923,604.463623046875,569.2672119140625,0.005553752183914185
1941,324.5348815917969,478.8307800292969,0.9999456405639648,769.4449462890625,542.891357421875,0.015883445739746094,771.9722290039062,545.433837890625,0.9997742176055908,555.3657836914062,563.7963256835938,0.999535083770752,506.5492248535156,584.4290771484375,0.9996719360351562,558.1602172851562,565.8409423828125,0.014750033617019653,547.9440307617188,588.517578125,0.10218405723571777,600.6885375976562,569.6327514648438,0.9995449781417847,598.464599609375,570.833740234375,0.021381288766860962,765.8331909179688,539.1140747070312,0.012811839580535889,632.150390625,542.5267333984375,0.537875235080719,604.4884643554688,569.2988891601562,0.005314886569976807
1942,324.6468505859375,479.09716796875,0.9999518394470215,255.29891967773438,491.5478820800781,0.12400546669960022,771.9969482421875,544.5963134765625,0.9996917247772217,556.1190795898438,563.4210205078125,0.9995275139808655,506.10772705078125,584.5635375976562,0.9995973110198975,558.5314331054688,565.6114501953125,0.013114392757415771,548.1787109375,588.1475219726562,0.10814344882965088,600.7662353515625,569.7264404296875,0.9994549751281738,601.61474609375,570.0634155273438,0.02168866991996765,765.5908203125,538.706298828125,0.011994749307632446,634.3698120117188,538.7604370117188,0.7715380191802979,604.5038452148438,569.2303466796875,0.0058367252349853516
1943,324.7212219238281,479.0025634765625,0.9999545812606812,256.4565734863281,492.1802978515625,0.02719774842262268,771.3250122070312,544.87060546875,0.9997466802597046,555.5731811523438,563.9528198242188,0.9993784427642822,505.8419494628906,584.6160278320312,0.9995664358139038,558.1902465820312,566.029296875,0.01294088363647461,548.1777954101562,588.3671264648438,0.14047852158546448,600.3540649414062,569.5760498046875,0.9994887113571167,598.314453125,570.7888793945312,0.020497530698776245,765.3035278320312,538.7701416015625,0.014838606119155884,635.0659790039062,538.1133422851562,0.6711583137512207,604.5504760742188,569.2817993164062,0.0051628053188323975
1944,324.2931823730469,478.9439392089844,0.9999537467956543,254.5115509033203,491.4111022949219,0.12269863486289978,771.68896484375,544.5887451171875,0.9997385144233704,555.11767578125,564.107666015625,0.9994210600852966,506.1250915527344,584.7061157226562,0.9995535612106323,557.7672119140625,566.0640258789062,0.015604496002197266,548.3093872070312,588.5171508789062,0.12767058610916138,601.6129760742188,569.3005981445312,0.9994945526123047,598.3377685546875,570.8470458984375,0.024016112089157104,765.6766967773438,538.5233154296875,0.018166720867156982,634.1173706054688,538.4127197265625,0.8150361776351929,764.54296875,542.604248046875,0.005404651165008545
1945,324.4619445800781,479.04217529296875,0.9999585151672363,253.84136962890625,492.5132141113281,0.21765771508216858,771.7915649414062,544.1401977539062,0.9996541142463684,554.9924926757812,563.795654296875,0.9993811845779419,506.3135986328125,584.6854858398438,0.9995903372764587,557.5809326171875,565.8805541992188,0.014271080493927002,548.5635375976562,588.5016479492188,0.11303931474685669,601.3304443359375,569.25439453125,0.9995625019073486,598.3516235351562,570.5955810546875,0.024140119552612305,765.6844482421875,537.8253784179688,0.014589011669158936,634.08056640625,538.956298828125,0.716569721698761,604.4027099609375,569.4273681640625,0.0057239830493927
1946,324.2535705566406,479.1676330566406,0.9999463558197021,768.8226928710938,541.8020629882812,0.020917177200317383,771.19775390625,544.6449584960938,0.999759316444397,554.7138061523438,564.04150390625,0.999521017074585,506.7376403808594,584.9584350585938,0.999626636505127,557.766357421875,565.981201171875,0.013258963823318481,548.0242919921875,588.4735107421875,0.10174503922462463,600.9532470703125,569.211669921875,0.9995319247245789,601.9493408203125,569.9697875976562,0.01927769184112549,765.2515258789062,538.27099609375,0.01779666543006897,634.707763671875,538.6189575195312,0.5654272437095642,764.3396606445312,542.4269409179688,0.00552704930305481
1947,324.3876953125,479.2033386230469,0.9999563694000244,768.74169921875,542.1799926757812,0.01784271001815796,770.6729736328125,545.1397705078125,0.9998205900192261,555.031494140625,563.8148803710938,0.9995056390762329,506.3684387207031,584.9664916992188,0.9995948076248169,330.53668212890625,474.6145324707031,0.0130845308303833,548.3438720703125,588.292236328125,0.09108033776283264,601.8623657226562,569.1800537109375,0.9995151162147522,601.3755493164062,569.99169921875,0.02125188708305359,764.9203491210938,538.571533203125,0.01697993278503418,633.9915161132812,539.1506958007812,0.4138668179512024,764.4810180664062,542.4423217773438,0.005309194326400757
1948,324.3522033691406,479.2297668457031,0.9999619126319885,257.1544189453125,495.8370666503906,0.042202919721603394,770.9190673828125,544.6295776367188,0.9997618198394775,554.677001953125,564.1629028320312,0.9995737075805664,506.476318359375,584.94189453125,0.9995905756950378,330.4472351074219,474.65362548828125,0.012433171272277832,548.4141845703125,588.6163330078125,0.11097493767738342,601.7804565429688,569.1406860351562,0.9996098279953003,601.40869140625,569.8419189453125,0.02010399103164673,764.7716674804688,538.4774780273438,0.019706010818481445,633.5829467773438,539.7501831054688,0.5597748160362244,764.4806518554688,542.3229370117188,0.00624731183052063
1949,324.39154052734375,479.184326171875,0.9999487400054932,255.88375854492188,495.7314453125,0.04574388265609741,770.9849243164062,543.917236328125,0.9997265338897705,555.1859130859375,563.9273071289062,0.9995054006576538,506.9885559082031,584.8323364257812,0.9997081756591797,558.0241088867188,565.7022705078125,0.012535631656646729,548.33251953125,588.1544189453125,0.09309148788452148,601.6055297851562,568.9539794921875,0.999624490737915,598.3209228515625,570.57421875,0.021372854709625244,765.3302001953125,538.1107788085938,0.016170501708984375,634.2574462890625,538.8018798828125,0.6223167777061462,604.3643188476562,569.2238159179688,0.005470603704452515
1950,324.0466003417969,479.0704345703125,0.9999586343765259,255.06515502929688,495.61474609375,0.5560851693153381,770.284423828125,544.6119995117188,0.9997599124908447,555.462890625,564.2161865234375,0.9997050762176514,507.4810485839844,585.0069580078125,0.999674379825592,558.377685546875,566.008544921875,0.01342076063156128,547.7415161132812,588.582275390625,0.08504050970077515,601.3828125,568.9182739257812,0.9997196197509766,598.159423828125,570.723876953125,0.02181306481361389,764.5621337890625,538.1568603515625,0.019611358642578125,634.4720458984375,538.6273193359375,0.7026403546333313,604.4634399414062,569.2198486328125,0.00585705041885376
1951,324.0693054199219,479.1672058105469,0.9999554753303528,255.631103515625,496.23260498046875,0.329876184463501,770.0164794921875,544.4439086914062,0.9997732043266296,555.3643188476562,563.8060302734375,0.9996278285980225,507.2261657714844,585.0789794921875,0.9996578693389893,558.178955078125,565.835693359375,0.012831360101699829,547.93701171875,588.4152221679688,0.07728329300880432,601.9822998046875,568.6824340820312,0.9996525645256042,601.7415771484375,569.6717529296875,0.019286513328552246,764.5633544921875,538.1153564453125,0.017859071493148804,634.3950805664062,538.5034790039062,0.7495279312133789,764.4808959960938,542.4277954101562,0.00589790940284729
1952,323.9934387207031,479.29974365234375,0.9999524354934692,255.29757690429688,493.2152099609375,0.03503236174583435,770.3446655273438,543.8819580078125,0.9997280836105347,556.254150390625,563.8082275390625,0.9996135234832764,506.99664306640625,585.0245971679688,0.9996252655982971,558.7835693359375,565.843994140625,0.01272207498550415,548.1240844726562,588.199951171875,0.10728392004966736,601.7391967773438,568.8477783203125,0.9996346831321716,601.4588012695312,569.796875,0.020009368658065796,764.5962524414062,537.52587890625,0.017074555158615112,634.1261596679688,538.78076171875,0.7735220789909363,604.4093627929688,569.131103515625,0.0057263970375061035
1953,323.9299621582031,479.10833740234375,0.9999409914016724,173.09378051757812,12.53158187866211,0.021618574857711792,770.0504760742188,544.2141723632812,0.999695360660553,555.3645629882812,564.0759887695312,0.9995630383491516,507.1440734863281,584.9208984375,0.9997060298919678,330.6002197265625,474.764892578125,0.013580948114395142,548.2554931640625,588.2114868164062,0.09052112698554993,601.1956176757812,568.7298583984375,0.9997552633285522,601.1205444335938,569.857421875,0.020940184593200684,764.9794311523438,537.8861083984375,0.018987655639648438,634.2061157226562,537.7766723632812,0.8291558623313904,604.4800415039062,569.1813354492188,0.005757182836532593
1954,323.9086608886719,479.32623291015625,0.9999505281448364,768.4962158203125,541.4853515625,0.017463356256484985,770.3970336914062,544.0118408203125,0.9996352195739746,554.835693359375,564.0147094726562,0.9995248317718506,506.71600341796875,584.5816040039062,0.999727725982666,330.516845703125,474.756103515625,0.013413012027740479,548.1025390625,588.3663330078125,0.08547750115394592,601.3373413085938,568.5960693359375,0.9997432231903076,597.982421875,570.728759765625,0.020580768585205078,633.7884521484375,535.6239624023438,0.017975419759750366,633.8904418945312,538.1279296875,0.8665404319763184,604.5228881835938,569.0501708984375,0.005470365285873413
1955,323.8683776855469,479.16925048828125,0.9999496936798096,252.40292358398438,495.2145080566406,0.9418119192123413,769.7877807617188,544.105224609375,0.9996287822723389,554.9326782226562,563.9216918945312,0.9994618892669678,506.5463562011719,584.6712036132812,0.999579131603241,557.6730346679688,565.9017333984375,0.016560018062591553,548.2163696289062,588.4945068359375,0.11576095223426819,601.5717163085938,568.7896728515625,0.9996928572654724,598.1683959960938,570.7317504882812,0.022434711456298828,764.5962524414062,537.7058715820312,0.021586835384368896,633.8297119140625,538.4364013671875,0.8498766422271729,604.50146484375,569.1495971679688,0.005806535482406616
1956,324.0863342285156,479.4205017089844,0.9999615550041199,256.1494140625,496.4270324707031,0.649959146976471,769.5723266601562,544.4501953125,0.9996742010116577,555.2156372070312,563.8289794921875,0.9994634389877319,507.11376953125,584.8884887695312,0.9996833801269531,557.9143676757812,565.7520141601562,0.013364076614379883,548.476318359375,588.2841186523438,0.10371360182762146,601.325439453125,568.741943359375,0.9996622800827026,598.1251220703125,570.6524658203125,0.024540066719055176,632.469970703125,535.4356079101562,0.0223272442817688,633.458740234375,538.2919921875,0.916401207447052,604.4675903320312,569.3281860351562,0.005999863147735596
1957,323.9251708984375,479.3097229003906,0.9999558925628662,255.89053344726562,492.2616882324219,0.07530128955841064,769.5992431640625,543.6375122070312,0.9995225667953491,555.54150390625,563.875732421875,0.9994544386863708,506.7162780761719,584.81884765625,0.9996871948242188,330.5088195800781,474.697021484375,0.013502031564712524,548.1318969726562,588.5326538085938,0.09238091111183167,601.386474609375,568.5158081054688,0.9997023344039917,598.0836181640625,570.6799926757812,0.022915899753570557,764.8018188476562,537.1934204101562,0.01841631531715393,633.48681640625,537.8626708984375,0.8543136119842529,604.5096435546875,569.1834716796875,0.005700528621673584
1958,323.8610534667969,479.2348327636719,0.9999523758888245,255.5691375732422,495.55145263671875,0.24946564435958862,768.87109375,543.5256958007812,0.9995834827423096,555.22607421875,563.8062744140625,0.9994627833366394,507.2076110839844,585.0423583984375,0.9996293783187866,557.8628540039062,565.8472900390625,0.014141589403152466,548.1486206054688,588.216064453125,0.09993904829025269,601.170654296875,568.5857543945312,0.9997364282608032,597.9569091796875,570.6271362304688,0.02336713671684265,633.9047241210938,534.82666015625,0.02350562810897827,633.6830444335938,537.6218872070312,0.8702300786972046,604.432861328125,569.287841796875,0.005841434001922607
1959,323.9158020019531,479.3516540527344,0.9999666213989258,251.7153778076172,494.5431213378906,0.9800529479980469,768.1658935546875,543.9039306640625,0.9994721412658691,555.4788818359375,563.7186889648438,0.9994620084762573,507.0903625488281,584.9224853515625,0.9996892213821411,558.1534423828125,565.7255859375,0.014762967824935913,548.4320678710938,588.21240234375,0.12412017583847046,601.1251831054688,568.839599609375,0.9996739625930786,598.0302124023438,570.8189697265625,0.024058818817138672,633.9863891601562,535.1175537109375,0.02565103769302368,633.4649047851562,537.7008666992188,0.8906934261322021,604.5263061523438,569.3970947265625,0.005587190389633179
1960,323.7996520996094,479.2931823730469,0.9999568462371826,252.1902618408203,494.30194091796875,0.9009434580802917,769.4418334960938,543.5126953125,0.9995959997177124,555.5997314453125,563.8030395507812,0.9995760321617126,507.6186828613281,585.1248168945312,0.9997437000274658,330.5309753417969,474.70123291015625,0.012692064046859741,548.1333618164062,588.1259765625,0.08267498016357422,601.5457763671875,568.6531372070312,0.9996662139892578,598.3119506835938,570.1709594726562,0.020640671253204346,633.6547241210938,534.4307250976562,0.025940746068954468,633.7042236328125,537.23193359375,0.8134353756904602,604.3058471679688,569.1504516601562,0.0052071213722229
1961,323.5950927734375,479.3188781738281,0.9999651312828064,252.67416381835938,495.1202087402344,0.9603258967399597,767.5046997070312,544.1580810546875,0.9995332956314087,555.892333984375,563.7493286132812,0.9995525479316711,507.1039733886719,584.8324584960938,0.9997583627700806,558.483642578125,565.7080688476562,0.012971252202987671,547.9354858398438,587.98828125,0.11146393418312073,601.4686889648438,568.5014038085938,0.999701738357544,598.14453125,570.3851928710938,0.021378636360168457,632.3914184570312,534.3130493164062,0.031425297260284424,633.2234497070312,536.9215698242188,0.855316162109375,604.4282836914062,569.1482543945312,0.005444943904876709
1962,323.71832275390625,479.3660583496094,0.9999595284461975,252.8385467529297,492.4280090332031,0.30790483951568604,767.2457275390625,543.7520141601562,0.9994219541549683,555.6943969726562,563.7613525390625,0.9994386434555054,506.97418212890625,584.7007446289062,0.9996935129165649,330.4843444824219,474.7756042480469,0.013441860675811768,548.43603515625,588.2259521484375,0.11847913265228271,601.7162475585938,568.4525146484375,0.9996863007545471,598.3212890625,570.3893432617188,0.018346458673477173,763.8529052734375,536.2880249023438,0.016576647758483887,634.0086669921875,537.5350952148438,0.7701679468154907,604.36181640625,568.9705810546875,0.0053483545780181885
1963,323.7513427734375,479.3009948730469,0.9999653697013855,252.72882080078125,493.4713134765625,0.5286099314689636,767.5562744140625,544.0853271484375,0.9994131326675415,555.1153564453125,563.9454956054688,0.9993909597396851,506.9878845214844,584.6986083984375,0.9997615218162537,330.45416259765625,474.7364807128906,0.011462539434432983,548.522216796875,588.4147338867188,0.0975823700428009,601.2332763671875,567.97607421875,0.999798059463501,601.2200317382812,569.15234375,0.018810629844665527,764.0530395507812,536.5651245117188,0.01770678162574768,634.5701904296875,537.1829223632812,0.803584635257721,604.3816528320312,568.9261474609375,0.00547364354133606
1964,323.6562194824219,479.2893371582031,0.9999598264694214,251.29666137695312,494.4400634765625,0.9774495363235474,767.0367431640625,544.329833984375,0.9992640018463135,555.2100830078125,563.927490234375,0.9995074272155762,507.4844970703125,584.8013305664062,0.9996973276138306,330.5065612792969,474.7509765625,0.012771308422088623,548.120849609375,588.2522583007812,0.11900046467781067,601.624267578125,568.1657104492188,0.999761700630188,601.1990356445312,565.7122192382812,0.01671341061592102,763.9401245117188,537.086669921875,0.018595844507217407,634.0904541015625,537.60791015625,0.8260916471481323,764.209228515625,542.279541015625,0.005219906568527222
1965,323.67236328125,479.25128173828125,0.9999524354934692,256.2715759277344,495.497802734375,0.023825138807296753,767.0023193359375,544.0408935546875,0.9992861747741699,554.9974365234375,564.011474609375,0.9994471073150635,507.3711242675781,584.8064575195312,0.9997372627258301,330.4851989746094,474.8990173339844,0.013043493032455444,548.2401733398438,588.3001708984375,0.11428570747375488,601.287109375,568.3674926757812,0.9997435808181763,598.0036010742188,570.3369750976562,0.017116576433181763,632.594482421875,534.9744262695312,0.0150776207447052,633.7759399414062,537.2769165039062,0.8640094995498657,604.4354248046875,568.9300537109375,0.005422323942184448
1966,323.6258544921875,479.38177490234375,0.9999572038650513,173.3957977294922,13.36011791229248,0.06454992294311523,767.17919921875,544.1281127929688,0.999350905418396,554.8369750976562,564.0922241210938,0.9994461536407471,506.75994873046875,584.7283935546875,0.999587893486023,557.6380615234375,566.0352783203125,0.014353126287460327,548.2289428710938,588.3341064453125,0.13102945685386658,600.6165771484375,568.381591796875,0.9998171329498291,597.6480102539062,570.3225708007812,0.021357834339141846,633.646484375,534.9486083984375,0.028608351945877075,633.107666015625,537.5209350585938,0.9042707085609436,604.4197998046875,569.1538696289062,0.005828499794006348
1967,323.5967102050781,479.28680419921875,0.9999524354934692,252.42044067382812,492.94287109375,0.3403143286705017,767.4512329101562,543.9761352539062,0.9992860555648804,555.4510498046875,563.9057006835938,0.9994994401931763,507.0631408691406,584.8806762695312,0.9997726678848267,330.52734375,474.96759033203125,0.013063609600067139,548.6248168945312,588.0525512695312,0.10442912578582764,600.64013671875,568.1826782226562,0.999779999256134,600.7828369140625,569.1812744140625,0.02195286750793457,631.8663940429688,534.8682861328125,0.021001964807510376,633.2284545898438,537.361328125,0.8704943656921387,604.3280029296875,569.232177734375,0.005842447280883789
1968,323.42572021484375,479.4490966796875,0.999957799911499,252.1802978515625,495.44805908203125,0.9478661417961121,766.691162109375,543.98388671875,0.9993704557418823,555.3138427734375,563.9057006835938,0.9994568228721619,507.61376953125,585.2982788085938,0.999721109867096,558.1331787109375,565.8348388671875,0.014097988605499268,548.4633178710938,588.2147216796875,0.11569070816040039,600.8324584960938,568.1185302734375,0.9997687339782715,597.8970947265625,570.1425170898438,0.021982818841934204,633.5113525390625,534.8431396484375,0.03059595823287964,633.0492553710938,536.94287109375,0.9028352499008179,604.3419799804688,569.1802368164062,0.006137490272521973
1969,323.6849060058594,479.39044189453125,0.9999576807022095,251.90565490722656,492.9561767578125,0.6279194355010986,766.4296264648438,542.2974853515625,0.9991653561592102,556.01220703125,563.5567626953125,0.999552845954895,507.6238708496094,585.1298828125,0.9997929334640503,330.4699401855469,474.84039306640625,0.01372438669204712,548.8319702148438,587.884765625,0.09617939591407776,600.6159057617188,568.0360107421875,0.999817967414856,600.895263671875,569.03125,0.02186104655265808,633.49267578125,534.576416015625,0.020270586013793945,633.2203979492188,536.9047241210938,0.8477739095687866,604.2828979492188,569.1651611328125,0.005809158086776733
1970,323.592529296875,479.3695983886719,0.9999635219573975,251.89324951171875,494.45184326171875,0.9692127704620361,766.2365112304688,542.382568359375,0.9991490840911865,556.2735595703125,563.703857421875,0.9995620846748352,507.515380859375,585.200439453125,0.9997268319129944,330.5018615722656,474.7613220214844,0.012533754110336304,548.4021606445312,587.7900390625,0.08779740333557129,600.7728881835938,568.0222778320312,0.9998142719268799,601.0132446289062,569.0968017578125,0.020114392042160034,633.1226806640625,533.96142578125,0.029181987047195435,632.7171630859375,535.7672729492188,0.8808996677398682,604.3977661132812,569.0527954101562,0.0059285759925842285
1971,323.6225280761719,479.3606872558594,0.9999598264694214,251.75833129882812,494.98956298828125,0.9881689548492432,765.5877685546875,542.6557006835938,0.9989045262336731,556.5057373046875,563.4596557617188,0.9995706081390381,507.57342529296875,585.1485595703125,0.9997444152832031,330.46783447265625,474.8695068359375,0.012902230024337769,548.251220703125,587.8944702148438,0.09500187635421753,600.9712524414062,567.866943359375,0.9997847080230713,601.3553466796875,566.5685424804688,0.026363402605056763,633.1668090820312,534.23779296875,0.029509246349334717,632.8564453125,536.3591918945312,0.8896324634552002,604.258544921875,569.1087646484375,0.005495220422744751
1972,323.76849365234375,479.2711181640625,0.9999637603759766,251.8572998046875,494.3009948730469,0.9815632104873657,765.0342407226562,541.6080932617188,0.9992398023605347,556.0092163085938,563.6220703125,0.999534010887146,507.2750244140625,585.1152954101562,0.99976646900177,330.500732421875,474.76861572265625,0.012318670749664307,548.2260131835938,588.0533447265625,0.11164727807044983,600.7198486328125,567.7826538085938,0.9997601509094238,601.1389770507812,566.7125854492188,0.02443629503250122,632.0260009765625,534.2354125976562,0.028201639652252197,633.1111450195312,536.3544921875,0.889937162399292,604.25048828125,569.1878051757812,0.006143063306808472
1973,323.67156982421875,479.1972961425781,0.9999662637710571,251.7652130126953,494.87164306640625,0.9735106825828552,765.4002685546875,542.0148315429688,0.9992886185646057,556.2950439453125,563.7279663085938,0.9996451139450073,507.85699462890625,585.2503662109375,0.9997767210006714,330.30499267578125,474.6542053222656,0.011425524950027466,547.9778442382812,588.1055908203125,0.11999431252479553,600.2313842773438,568.0888671875,0.9998001456260681,600.8367919921875,568.9503173828125,0.021527916193008423,632.3768920898438,534.1478271484375,0.026968926191329956,633.0809326171875,536.613037109375,0.8862966299057007,604.2592163085938,569.2804565429688,0.006175875663757324
1974,323.5859069824219,479.2349853515625,0.9999633431434631,252.350341796875,495.0350036621094,0.8989870548248291,765.366455078125,542.099365234375,0.9993710517883301,556.382568359375,563.396728515625,0.9994282126426697,507.3786315917969,585.1773681640625,0.9997684359550476,330.3980712890625,474.8082275390625,0.012224078178405762,548.8399658203125,587.67138671875,0.09751960635185242,600.9518432617188,567.6848754882812,0.9997355341911316,601.028564453125,566.5839233398438,0.026018112897872925,633.255859375,533.90087890625,0.043721675872802734,632.818359375,536.3274536132812,0.8858011960983276,604.1903686523438,569.1327514648438,0.005896121263504028
1975,323.5042724609375,479.1915588378906,0.999963641166687,252.88433837890625,494.67962646484375,0.8208391666412354,765.2216796875,541.9690551757812,0.9991827607154846,556.05126953125,563.6334838867188,0.9994841814041138,507.41082763671875,585.2593383789062,0.9997332692146301,330.3332214355469,474.7988586425781,0.012676596641540527,548.3684692382812,587.9684448242188,0.11964070796966553,600.9697265625,567.7630615234375,0.99968421459198,601.1915283203125,566.6526489257812,0.026654154062271118,633.6405639648438,534.0126342773438,0.035374581813812256,633.1286010742188,536.2212524414062,0.8874062299728394,604.2093505859375,569.1227416992188,0.006108105182647705
1976,323.57257080078125,479.3898620605469,0.9999533891677856,251.94094848632812,494.6728210449219,0.9834492206573486,314.5445556640625,586.5802001953125,0.9990706443786621,555.8560180664062,563.7075805664062,0.9995487928390503,507.72418212890625,585.4719848632812,0.999710202217102,330.39874267578125,475.0334777832031,0.01416817307472229,548.49951171875,587.9859008789062,0.11550980806350708,600.714111328125,567.6420288085938,0.9997900724411011,601.1806640625,566.5580444335938,0.021540731191635132,633.3507690429688,533.8704223632812,0.0374627411365509,632.6881103515625,536.4577026367188,0.9046230316162109,635.312744140625,541.7938232421875,0.0060558319091796875
1977,323.5262145996094,479.3781433105469,0.999954342842102,252.06105041503906,494.6558532714844,0.39432013034820557,764.7666625976562,541.1874389648438,0.9991452097892761,555.1668701171875,563.67333984375,0.9993594884872437,507.3799133300781,585.0158081054688,0.9997327327728271,330.4483947753906,474.84832763671875,0.01320222020149231,548.5858154296875,588.0813598632812,0.12632271647453308,600.6661987304688,567.662841796875,0.9997206926345825,601.078369140625,566.41162109375,0.026883631944656372,633.2326049804688,534.1300048828125,0.031760454177856445,632.5279541015625,536.5734252929688,0.8912585377693176,604.2059936523438,569.1619873046875,0.006217867136001587
1978,323.6403503417969,479.55908203125,0.9999674558639526,251.49185180664062,495.2044677734375,0.9335039258003235,764.9208374023438,541.6489868164062,0.9991364479064941,555.8912353515625,563.7434692382812,0.9994851350784302,507.2778625488281,585.1243896484375,0.9997265338897705,330.47076416015625,474.8059997558594,0.013653784990310669,548.39306640625,587.8997802734375,0.11472591757774353,600.7390747070312,567.48388671875,0.9997807741165161,600.9376220703125,566.3817749023438,0.020869672298431396,633.2390747070312,534.0714721679688,0.04404523968696594,632.7889404296875,535.9236450195312,0.9018526077270508,635.4136962890625,541.9208984375,0.006181687116622925
1979,323.8466796875,479.4656677246094,0.9999661445617676,254.4300994873047,495.9472961425781,0.8154621124267578,764.3741455078125,542.1619873046875,0.999140739440918,555.8070068359375,563.6455688476562,0.9995563626289368,506.9896240234375,584.8865966796875,0.9997411966323853,330.39874267578125,474.8042907714844,0.012025713920593262,548.3411254882812,588.0111694335938,0.12871500849723816,600.9668579101562,567.4744873046875,0.9998189806938171,601.094482421875,566.4053344726562,0.020773261785507202,633.6239624023438,534.0878295898438,0.03279277682304382,633.3472290039062,535.9752807617188,0.8919306993484497,604.2929077148438,568.8306884765625,0.005678415298461914
1980,323.66180419921875,479.57745361328125,0.9999591708183289,251.91610717773438,494.9353332519531,0.9607459306716919,764.48779296875,541.564453125,0.9991858005523682,556.3311767578125,563.51708984375,0.9994593858718872,507.32696533203125,585.2070922851562,0.9997372627258301,330.4207458496094,474.8779296875,0.011964738368988037,548.3995361328125,587.7655029296875,0.1100212037563324,601.0550537109375,567.3831176757812,0.999781608581543,601.4766235351562,566.1483154296875,0.02332708239555359,633.364013671875,534.0084838867188,0.04477235674858093,632.6376342773438,535.9010620117188,0.9310985207557678,635.2918090820312,541.9429931640625,0.0067560672760009766
1981,323.69573974609375,479.4013977050781,0.9999635219573975,252.36920166015625,495.923095703125,0.9708932638168335,764.58203125,541.28955078125,0.9991711974143982,555.937744140625,563.6564331054688,0.999519944190979,507.5841369628906,584.8814086914062,0.9997904300689697,330.4587707519531,474.7544250488281,0.01293116807937622,548.0198364257812,587.9464721679688,0.11065950989723206,600.160400390625,567.5748291015625,0.999845027923584,600.9744873046875,568.3524780273438,0.018159836530685425,631.6580810546875,533.9142456054688,0.04618397355079651,632.5424194335938,535.9365234375,0.8982454538345337,635.4854736328125,541.8136596679688,0.007267475128173828
1982,323.5307922363281,479.60113525390625,0.9999586343765259,252.1351318359375,495.9814453125,0.993682861328125,764.29052734375,541.8430786132812,0.9992842078208923,554.8943481445312,563.9443359375,0.9994449615478516,507.6754150390625,585.068603515625,0.9997966885566711,330.4808044433594,474.8314514160156,0.014487355947494507,548.0662841796875,588.0659790039062,0.12342426180839539,600.2619018554688,567.604248046875,0.999855637550354,601.1343994140625,568.4895629882812,0.01788419485092163,633.327880859375,533.9732666015625,0.034723252058029175,632.8754272460938,535.7762451171875,0.8951324224472046,604.26318359375,568.9039916992188,0.005839526653289795
1983,323.44720458984375,479.6479187011719,0.9999523758888245,251.56813049316406,496.43707275390625,0.9718203544616699,764.6573486328125,541.275146484375,0.9992635250091553,555.2931518554688,563.5377197265625,0.9995040893554688,507.65972900390625,585.0890502929688,0.9997832179069519,330.4681091308594,474.8598937988281,0.015766620635986328,548.2281494140625,588.0055541992188,0.10936063528060913,600.7268676757812,567.1558837890625,0.9998637437820435,601.2489013671875,568.144775390625,0.01691889762878418,633.077880859375,534.0047607421875,0.029619067907333374,632.7463989257812,535.8280639648438,0.8936237096786499,604.2721557617188,568.7296142578125,0.005688011646270752
1984,323.6631774902344,479.76593017578125,0.9999600648880005,251.98733520507812,496.2797546386719,0.9911869764328003,764.0269165039062,541.0841064453125,0.9992782473564148,555.3258666992188,563.4136352539062,0.9993569254875183,507.7562561035156,585.16552734375,0.9997813105583191,330.6192626953125,474.7575988769531,0.015197038650512695,548.2579956054688,587.7811279296875,0.11483961343765259,600.2901611328125,567.494384765625,0.9998186826705933,601.0339965820312,568.5462646484375,0.020031720399856567,632.6638793945312,533.7201538085938,0.05432745814323425,632.2482299804688,536.2830200195312,0.9280903935432434,635.2581787109375,541.8441772460938,0.007694870233535767
1985,323.5986022949219,479.51715087890625,0.9999622106552124,251.33645629882812,496.4596252441406,0.9970750212669373,316.2423400878906,587.3155517578125,0.9991077780723572,555.7643432617188,563.540283203125,0.9994545578956604,507.808837890625,585.2120971679688,0.9997910857200623,330.4518737792969,474.8179931640625,0.013343632221221924,548.378173828125,587.8491821289062,0.11992889642715454,600.714599609375,567.365234375,0.9998317956924438,601.1393432617188,566.1626586914062,0.02061176300048828,632.8305053710938,533.4443969726562,0.031019866466522217,632.63916015625,535.558837890625,0.9072449803352356,250.064453125,491.5479736328125,0.005815625190734863
1986,323.41461181640625,479.65264892578125,0.9999579787254333,250.81617736816406,496.1273193359375,0.9965150356292725,316.109130859375,587.2128295898438,0.9990509748458862,555.62548828125,563.4938354492188,0.9993231296539307,508.0260925292969,585.22119140625,0.9998011589050293,330.50701904296875,474.7981872558594,0.015154898166656494,548.47412109375,587.7302856445312,0.11375784873962402,600.722412109375,567.223388671875,0.9998219609260559,601.1053466796875,566.041748046875,0.019810467958450317,633.1619873046875,533.6507568359375,0.019689321517944336,632.59033203125,536.15771484375,0.8772236704826355,250.1510467529297,491.489501953125,0.0074495673179626465
1987,323.643310546875,479.5758972167969,0.9999643564224243,251.5614013671875,496.9542541503906,0.9978821873664856,316.48443603515625,587.9121704101562,0.999179482460022,555.724365234375,563.43310546875,0.9994221329689026,507.6356201171875,585.1936645507812,0.999809741973877,330.4065856933594,474.8165588378906,0.012494295835494995,548.1633911132812,587.9423217773438,0.113523930311203,600.5043334960938,567.2276000976562,0.9998500347137451,600.9147338867188,566.01513671875,0.0190524160861969,632.7554931640625,533.7412719726562,0.03191843628883362,632.7445068359375,535.2937622070312,0.8982375860214233,604.2804565429688,568.70068359375,0.005581676959991455
1988,323.814453125,479.6502685546875,0.9999570846557617,251.8979949951172,497.1371154785156,0.9959917068481445,317.26385498046875,587.7842407226562,0.9990981817245483,554.7777709960938,563.7208862304688,0.9994374513626099,507.2010803222656,584.9802856445312,0.9998155832290649,330.4547424316406,474.8735656738281,0.013472139835357666,548.5181884765625,587.8969116210938,0.08527204394340515,599.9562377929688,567.3074340820312,0.999894917011261,600.785400390625,568.2185668945312,0.01769787073135376,633.0836791992188,533.6336669921875,0.025504648685455322,632.4069213867188,535.2308349609375,0.8743356466293335,604.29638671875,568.91015625,0.005748867988586426
1989,323.9281921386719,479.7328186035156,0.9999532103538513,251.58560180664062,496.5717468261719,0.9211760759353638,317.3742370605469,587.9761962890625,0.9992630481719971,554.6608276367188,563.7294921875,0.9993467330932617,506.9179992675781,584.7980346679688,0.9998009204864502,330.5913391113281,474.9319763183594,0.014923244714736938,548.3124389648438,587.5844116210938,0.0824688971042633,600.3052978515625,567.2230834960938,0.9998538494110107,600.8447875976562,566.0446166992188,0.01874712109565735,632.2066040039062,533.2113647460938,0.039016902446746826,633.088134765625,535.2853393554688,0.9305058121681213,604.2537231445312,568.8703002929688,0.00608593225479126
1990,323.8169860839844,479.7052307128906,0.9999622106552124,252.4775848388672,496.0628967285156,0.7089160680770874,318.1968078613281,588.6063842773438,0.9995489120483398,554.739501953125,563.697021484375,0.9993770122528076,507.5962219238281,584.9884033203125,0.9998186826705933,330.4483337402344,474.77850341796875,0.012137264013290405,548.2813110351562,587.715087890625,0.10776230692863464,600.1668701171875,567.1307983398438,0.9998676776885986,601.0089721679688,568.1129760742188,0.018576055765151978,633.0100708007812,533.3229370117188,0.030015170574188232,632.5310668945312,535.4478149414062,0.9138508439064026,604.364990234375,568.8740234375,0.006260514259338379
1991,323.9578552246094,480.0316467285156,0.9999626874923706,252.30572509765625,496.7093200683594,0.9626052379608154,317.73724365234375,588.7769775390625,0.9994310736656189,554.8056640625,563.2256469726562,0.9993255138397217,507.08819580078125,584.6561279296875,0.9997818470001221,330.3367919921875,474.842529296875,0.011850088834762573,548.6381225585938,587.8152465820312,0.10465949773788452,599.9786987304688,567.050537109375,0.9998553991317749,600.7413330078125,566.0604248046875,0.02039247751235962,632.469970703125,533.7542114257812,0.02842789888381958,632.1878051757812,535.325927734375,0.8923956155776978,604.2679443359375,568.9757080078125,0.006695389747619629
1992,323.9500427246094,479.8616638183594,0.9999663233757019,252.45425415039062,496.8433837890625,0.6977149248123169,318.4551696777344,588.9237060546875,0.9996098279953003,554.326171875,563.781005859375,0.9992165565490723,506.7038879394531,584.9048461914062,0.9997511506080627,330.3303527832031,474.7991027832031,0.011969178915023804,548.3212890625,587.9114990234375,0.10064443945884705,600.0836181640625,566.9882202148438,0.9998360276222229,600.7149658203125,565.9446411132812,0.02001059055328369,632.4759521484375,533.0697631835938,0.03182828426361084,632.3423461914062,534.6575317382812,0.9009515047073364,604.28662109375,568.9854736328125,0.006582349538803101
1993,323.93133544921875,479.8670654296875,0.9999628067016602,252.56033325195312,496.5941467285156,0.9072193503379822,318.370361328125,589.3085327148438,0.9995291233062744,554.7882690429688,563.3326416015625,0.9990226030349731,507.0751953125,585.0503540039062,0.9997357130050659,330.3703308105469,474.81744384765625,0.013210207223892212,548.7366943359375,587.7794799804688,0.10959577560424805,600.0787353515625,567.0248413085938,0.9998427033424377,600.6351928710938,565.9598388671875,0.02115747332572937,632.8265991210938,533.1723022460938,0.03773808479309082,632.7869873046875,534.9122924804688,0.8818401098251343,604.2278442382812,569.0091552734375,0.006256282329559326
1994,324.0497741699219,479.8568420410156,0.9999581575393677,251.7655029296875,496.56280517578125,0.4532046914100647,318.9815979003906,588.9130859375,0.9997254610061646,555.085693359375,563.24853515625,0.9993418455123901,507.1278076171875,585.087646484375,0.9997652769088745,330.4093933105469,474.9779052734375,0.01270630955696106,548.6595458984375,587.3887329101562,0.1065804660320282,599.982177734375,566.7262573242188,0.9998674392700195,600.6317138671875,565.7061767578125,0.01946088671684265,632.3092041015625,532.9165649414062,0.03647458553314209,632.19091796875,534.5333862304688,0.8998993635177612,604.2372436523438,569.04150390625,0.006699353456497192
1995,324.07061767578125,479.9093017578125,0.9999680519104004,252.43966674804688,497.9760437011719,0.9566349983215332,319.2969665527344,589.218994140625,0.9997700452804565,554.1357421875,563.5128173828125,0.9993001222610474,507.45513916015625,584.9623413085938,0.9998104572296143,330.3880615234375,474.69293212890625,0.011398762464523315,548.6787719726562,587.65234375,0.11241850256919861,600.1577758789062,566.7015991210938,0.9998597502708435,600.5062866210938,565.6762084960938,0.022669613361358643,632.2844848632812,532.7149658203125,0.04883795976638794,632.1737060546875,534.554443359375,0.9191321730613708,604.2119140625,568.9388427734375,0.0069103240966796875
1996,324.22357177734375,480.0509338378906,0.9999669790267944,252.02597045898438,497.2571105957031,0.9005482196807861,319.515625,588.9673461914062,0.9997735023498535,554.6732177734375,563.641845703125,0.9993468523025513,506.6202087402344,584.8699951171875,0.9997560977935791,330.410400390625,474.8798828125,0.012769997119903564,548.6595458984375,587.4896240234375,0.11374479532241821,599.6786499023438,566.7932739257812,0.9998742341995239,600.1617431640625,565.8323364257812,0.02125447988510132,630.5127563476562,530.5068969726562,0.028569519519805908,632.2247314453125,534.0265502929688,0.8709359169006348,604.1356201171875,569.12939453125,0.006491988897323608
1997,324.1196594238281,480.0955810546875,0.9999606609344482,251.74951171875,497.57464599609375,0.9606874585151672,319.99017333984375,589.22216796875,0.9997669458389282,554.6858520507812,563.5872802734375,0.9994252324104309,507.19891357421875,585.04833984375,0.9997607469558716,330.4532775878906,474.9986267089844,0.015648066997528076,548.4736328125,587.5240478515625,0.09361624717712402,600.06298828125,566.7587890625,0.9998672008514404,600.6162719726562,565.7984008789062,0.020267009735107422,632.2184448242188,532.5599975585938,0.03823414444923401,632.0125122070312,534.310302734375,0.8823013305664062,604.2168579101562,568.9677734375,0.006414294242858887
1998,324.3282470703125,480.109130859375,0.9999677538871765,251.4008331298828,497.044189453125,0.599415123462677,319.94891357421875,589.8895263671875,0.9998088479042053,554.2416381835938,563.334716796875,0.9993581175804138,507.1247863769531,584.9398803710938,0.9997818470001221,330.5860595703125,474.8309326171875,0.014469414949417114,548.306884765625,587.6647338867188,0.10358494520187378,600.0584716796875,566.7734375,0.999862015247345,600.5603637695312,565.519287109375,0.02716001868247986,631.8314819335938,532.60302734375,0.03595253825187683,631.8526000976562,534.234375,0.8845572471618652,604.2581176757812,569.08935546875,0.006876200437545776
1999,324.26171875,480.2264099121094,0.9999649524688721,251.99073791503906,498.08856201171875,0.8068934082984924,320.04364013671875,590.32470703125,0.9997653365135193,550.4708862304688,563.26708984375,0.9994021654129028,506.8415832519531,585.0223388671875,0.9998084306716919,330.59429931640625,474.90240478515625,0.015257924795150757,548.2437133789062,587.763671875,0.09450021386146545,600.3235473632812,566.8057250976562,0.9998319149017334,600.6395874023438,565.5982666015625,0.025602787733078003,630.5567626953125,530.0599975585938,0.030667096376419067,632.1079711914062,533.439697265625,0.8388292789459229,604.1914672851562,568.9876708984375,0.0066328346729278564
2000,324.2123107910156,480.227294921875,0.9999717473983765,251.5772247314453,497.3497619628906,0.9824866056442261,320.2319641113281,590.118896484375,0.999777615070343,549.908203125,563.3651123046875,0.9994199275970459,506.64080810546875,584.7822875976562,0.9997788071632385,330.5648193359375,474.83544921875,0.014576703310012817,548.175537109375,587.8410034179688,0.10585451126098633,600.08349609375,566.578857421875,0.9998718500137329,600.6532592773438,565.454833984375,0.022271454334259033,630.2777099609375,530.3522338867188,0.022731393575668335,632.1737670898438,534.0509643554688,0.8658291697502136,604.2347412109375,568.9635009765625,0.006700724363327026
2001,324.1249084472656,480.0417785644531,0.9999672770500183,251.75582885742188,497.6144104003906,0.9774943590164185,320.99420166015625,589.952880859375,0.9998178482055664,550.1348876953125,563.6045532226562,0.9994478225708008,507.0240783691406,584.7157592773438,0.9998420476913452,330.3804626464844,474.81103515625,0.013543844223022461,548.1172485351562,587.6246337890625,0.07545033097267151,599.4871215820312,566.8007202148438,0.9998817443847656,600.9219970703125,567.6026000976562,0.020202457904815674,630.57568359375,530.2042846679688,0.017403244972229004,632.1969604492188,533.6925659179688,0.8110857605934143,604.1851806640625,569.1375122070312,0.006922483444213867
2002,324.504638671875,480.1634826660156,0.9999627470970154,252.1198272705078,498.097900390625,0.9989963173866272,319.9471435546875,590.7365112304688,0.999720573425293,550.0418701171875,562.981689453125,0.9992072582244873,507.1793212890625,584.9862670898438,0.9998191595077515,330.71917724609375,474.971435546875,0.014479458332061768,548.780029296875,587.3291015625,0.08996397256851196,600.0411376953125,566.5687866210938,0.9998786449432373,600.4418334960938,565.2718505859375,0.024253666400909424,630.0844116210938,530.2428588867188,0.025365233421325684,631.7932739257812,533.6046752929688,0.8565775156021118,604.1517944335938,568.9655151367188,0.00626799464225769
2003,324.4571533203125,480.1337890625,0.9999655485153198,251.70985412597656,498.0281982421875,0.9974417686462402,320.56396484375,590.6864013671875,0.9997926950454712,554.1170043945312,563.2703247070312,0.9992337822914124,507.0970458984375,585.0967407226562,0.9997667074203491,330.6264953613281,474.8327331542969,0.014247745275497437,548.3007202148438,587.3350830078125,0.0813513696193695,600.1596069335938,566.4048461914062,0.9998732805252075,600.6974487304688,565.1760864257812,0.02484118938446045,629.8257446289062,530.1759033203125,0.0221022367477417,631.3673095703125,533.8010864257812,0.8917150497436523,604.1356201171875,568.9005126953125,0.007193177938461304
2004,324.5778503417969,480.03118896484375,0.9999663233757019,251.78341674804688,498.55657958984375,0.9974689483642578,320.85052490234375,591.0126342773438,0.9998058080673218,554.2529907226562,563.2243041992188,0.9992393255233765,507.2666931152344,585.1273803710938,0.9997375011444092,330.6597900390625,474.7029724121094,0.012727916240692139,548.3082275390625,587.411865234375,0.10249876976013184,600.0381469726562,566.4279174804688,0.9998842477798462,600.65087890625,565.2235107421875,0.0233687162399292,630.0341796875,530.451416015625,0.023901641368865967,631.876953125,533.8169555664062,0.8453934192657471,604.1190185546875,568.8680419921875,0.006856709718704224
2005,324.4981384277344,480.4522399902344,0.9999703168869019,251.94549560546875,497.92572021484375,0.9979279637336731,320.7705078125,591.4295043945312,0.9997876882553101,554.7372436523438,563.0404052734375,0.99912428855896,506.989990234375,585.0896606445312,0.9997577667236328,330.65423583984375,474.90972900390625,0.012186944484710693,548.3834228515625,587.0220336914062,0.11486554145812988,600.0084228515625,566.307373046875,0.9998582601547241,600.589111328125,565.0866088867188,0.027427583932876587,630.1266479492188,530.3169555664062,0.026924610137939453,631.7431030273438,533.4396362304688,0.8789695501327515,603.9754638671875,568.9705200195312,0.006663262844085693
2006,324.4422302246094,480.4330139160156,0.9999721050262451,252.24232482910156,498.25787353515625,0.9953111410140991,321.23114013671875,591.0779418945312,0.9998189806938171,554.39453125,563.2759399414062,0.9991933703422546,507.0063781738281,584.9707641601562,0.9997396469116211,330.6177978515625,474.8614501953125,0.013548791408538818,548.6044921875,587.3331909179688,0.1242227554321289,600.0285034179688,566.1328735351562,0.9998904466629028,600.7476806640625,565.0558471679688,0.021807819604873657,630.2396850585938,530.2730712890625,0.03144514560699463,631.66943359375,533.5191040039062,0.8956372141838074,604.052490234375,568.7727661132812,0.006422072649002075
2007,324.5649108886719,480.57086181640625,0.9999769926071167,252.21835327148438,498.97552490234375,0.9877158403396606,321.4510803222656,591.350341796875,0.9998210668563843,550.5228881835938,563.0169677734375,0.9992567300796509,506.4560546875,584.7868041992188,0.9997842311859131,330.46270751953125,474.69964599609375,0.011640042066574097,548.5340576171875,587.302978515625,0.11569327116012573,599.828857421875,566.1146850585938,0.9999011754989624,600.5258178710938,565.1072998046875,0.021493494510650635,629.7991943359375,530.2894287109375,0.03278231620788574,631.2637939453125,533.4213256835938,0.8637017011642456,603.9849853515625,568.9224853515625,0.006842881441116333
2008,324.8159484863281,480.428955078125,0.9999746680259705,251.96546936035156,498.3379821777344,0.996631920337677,321.1545104980469,591.2720336914062,0.9998130798339844,554.2173461914062,563.1484375,0.9992862343788147,506.8010559082031,584.8724975585938,0.9997659921646118,330.52569580078125,474.58905029296875,0.010599970817565918,548.6689453125,587.29150390625,0.11010444164276123,600.025634765625,566.1369018554688,0.9999072551727295,600.633056640625,564.9811401367188,0.02225703001022339,630.0635375976562,530.3971557617188,0.034819185733795166,631.4902954101562,533.1630859375,0.8981555700302124,604.107421875,568.8225708007812,0.006609320640563965
2009,324.7510681152344,480.59136962890625,0.9999717473983765,252.2491455078125,498.01055908203125,0.989243745803833,321.95001220703125,591.4512329101562,0.9998308420181274,549.9786987304688,563.4136962890625,0.9994620084762573,507.2492980957031,584.9631958007812,0.9997985363006592,330.4454345703125,474.6488952636719,0.01193729043006897,548.296142578125,587.5086669921875,0.10554173588752747,599.55322265625,566.5059204101562,0.9998911619186401,600.1754760742188,565.357177734375,0.023135274648666382,630.2568359375,530.192138671875,0.03500181436538696,631.5547485351562,532.8840942382812,0.86637282371521,604.090576171875,569.1478881835938,0.007504671812057495
2010,325.04937744140625,480.5679931640625,0.9999719858169556,252.35682678222656,499.5174865722656,0.9961130619049072,321.7445373535156,591.3740844726562,0.9998244047164917,549.8436889648438,563.3693237304688,0.9994708299636841,507.2748718261719,584.9505615234375,0.9997671246528625,330.45465087890625,474.7152099609375,0.011345475912094116,548.377685546875,587.4947509765625,0.09862345457077026,599.9951782226562,566.1173095703125,0.9998800754547119,600.6586303710938,564.9160766601562,0.027139216661453247,630.2130126953125,530.3189697265625,0.030778437852859497,631.5294799804688,533.0576171875,0.8929915428161621,604.0059204101562,568.919677734375,0.007493853569030762
2011,325.142333984375,480.32757568359375,0.9999715685844421,252.59878540039062,499.8468933105469,0.9974052309989929,321.74896240234375,591.819580078125,0.9998102784156799,549.8911743164062,563.4847412109375,0.9994059801101685,506.6824645996094,584.8970336914062,0.9997425079345703,556.9989624023438,565.4305419921875,0.009758979082107544,548.787353515625,587.2755737304688,0.10670080780982971,599.8607177734375,566.070556640625,0.9998921751976013,600.5191040039062,564.9471435546875,0.02634003758430481,629.9329833984375,529.9849243164062,0.04619318246841431,631.1217651367188,532.859619140625,0.9260027408599854,604.0230102539062,568.99267578125,0.008197665214538574
2012,325.21820068359375,480.6085510253906,0.9999715685844421,252.1713104248047,499.4244689941406,0.9986764192581177,321.7545166015625,591.6329345703125,0.9998313188552856,550.0457763671875,563.168212890625,0.9992209076881409,507.016845703125,585.1153564453125,0.9997961521148682,330.37994384765625,474.7918395996094,0.009806156158447266,548.7642211914062,587.1640014648438,0.10391852259635925,600.2164306640625,565.9735717773438,0.9998750686645508,600.6710815429688,564.759033203125,0.029230713844299316,630.1993408203125,529.7867431640625,0.0258006751537323,631.244873046875,532.9014892578125,0.8629752397537231,603.9707641601562,568.9575805664062,0.007291555404663086
2013,325.3111267089844,480.42926025390625,0.9999732971191406,252.9019012451172,500.6004943847656,0.9979887008666992,322.1457824707031,591.692626953125,0.9998382329940796,549.3184204101562,563.4578247070312,0.9991233348846436,507.0042724609375,585.0530395507812,0.9997953176498413,547.5044555664062,566.320556640625,0.010347306728363037,548.7826538085938,587.3817749023438,0.10673573613166809,599.9146118164062,565.8670654296875,0.9998732805252075,600.6083374023438,564.7855224609375,0.02774900197982788,629.7965698242188,530.1490478515625,0.01592913269996643,630.9554443359375,533.0780029296875,0.8388197422027588,603.9605712890625,569.07373046875,0.008021801710128784
2014,325.391845703125,480.8441162109375,0.9999756813049316,252.8687286376953,501.3963928222656,0.9982733130455017,322.55792236328125,591.750244140625,0.9998461008071899,549.3446655273438,563.2819213867188,0.9992996454238892,506.086669921875,585.0017700195312,0.999737024307251,556.724609375,565.2437133789062,0.010474443435668945,548.8270263671875,587.2935791015625,0.10218474268913269,599.8889770507812,565.92041015625,0.9998461008071899,600.5444946289062,564.8211669921875,0.03606244921684265,629.9754028320312,529.8775634765625,0.016051381826400757,630.7464599609375,532.9574584960938,0.8434177041053772,603.9270629882812,569.2164306640625,0.008969128131866455
2015,325.3963623046875,480.9721984863281,0.9999681711196899,252.49868774414062,500.391357421875,0.9945975542068481,322.1123962402344,591.9580078125,0.9998325705528259,549.9461669921875,563.1580810546875,0.9990792274475098,506.36370849609375,585.1212158203125,0.9997740387916565,557.093994140625,565.2667236328125,0.010900765657424927,548.7427978515625,586.9795532226562,0.10187995433807373,599.6809692382812,565.8971557617188,0.9998691082000732,600.2982177734375,564.8030395507812,0.030520260334014893,629.5055541992188,530.144287109375,0.02991616725921631,630.4639282226562,532.818359375,0.8863828182220459,603.8798217773438,569.1160888671875,0.008607059717178345
2016,325.58856201171875,481.19964599609375,0.9999653100967407,253.47293090820312,501.1548156738281,0.9981787204742432,322.4588928222656,591.431396484375,0.9998531341552734,549.8003540039062,563.5001220703125,0.9992802143096924,506.9139709472656,584.838623046875,0.9998020529747009,557.0311279296875,565.3847045898438,0.010676771402359009,548.376953125,587.3372192382812,0.10275349020957947,599.6396484375,565.7822265625,0.9999037981033325,601.337890625,566.8153076171875,0.023684382438659668,630.0087890625,530.176025390625,0.01822483539581299,630.9369506835938,532.7791748046875,0.8495484590530396,604.0184326171875,569.0552368164062,0.008137613534927368
2017,325.5699462890625,481.240478515625,0.9999738931655884,252.91831970214844,501.43658447265625,0.9924322366714478,322.5428161621094,591.6826782226562,0.9998379945755005,550.001708984375,563.14111328125,0.9991285800933838,506.3463439941406,584.6473388671875,0.9997795820236206,557.3207397460938,565.3043212890625,0.010222017765045166,548.595703125,587.17138671875,0.11045113205909729,599.7235717773438,565.9238891601562,0.9998816251754761,600.6993408203125,564.8736572265625,0.024636954069137573,630.1441650390625,529.9588623046875,0.015198677778244019,631.0581665039062,532.7706298828125,0.8708041310310364,604.0128784179688,569.056884765625,0.008648961782455444
2018,325.6576232910156,481.31536865234375,0.9999785423278809,253.32180786132812,501.02752685546875,0.9946956634521484,322.96197509765625,591.592041015625,0.9998767375946045,549.8152465820312,563.2455444335938,0.9991329908370972,507.1087646484375,585.1859130859375,0.9998208284378052,557.0460205078125,565.1781005859375,0.011480599641799927,548.5311889648438,587.17529296875,0.10232537984848022,599.79638671875,565.7526245117188,0.9998748302459717,600.477294921875,564.8267211914062,0.030567795038223267,629.4462890625,530.2240600585938,0.024235159158706665,630.4180908203125,532.8692626953125,0.8862355947494507,604.0126342773438,569.1337280273438,0.00886678695678711
2019,325.81585693359375,481.27606201171875,0.999972939491272,252.9062957763672,502.1106262207031,0.9972356557846069,323.46429443359375,591.4307861328125,0.9998842477798462,549.9006958007812,563.2092895507812,0.9991568922996521,506.5198974609375,585.08544921875,0.9997704029083252,557.1539916992188,565.2811279296875,0.011149108409881592,548.5918579101562,587.2528076171875,0.11041849851608276,600.1223754882812,565.517333984375,0.9998884797096252,600.5493774414062,564.6102905273438,0.025965511798858643,629.9752197265625,529.7703857421875,0.02331465482711792,630.7000732421875,532.4675903320312,0.8986643552780151,604.0353393554688,568.9759521484375,0.007834792137145996
2020,325.8295593261719,481.0632019042969,0.9999780654907227,253.12661743164062,501.9831848144531,0.9959757328033447,323.66424560546875,591.365234375,0.9998914003372192,549.6759643554688,563.1259155273438,0.9992230534553528,506.9544677734375,585.0965576171875,0.9998193383216858,557.0082397460938,565.0687255859375,0.01006084680557251,548.5939331054688,587.1777954101562,0.09849587082862854,599.9506225585938,565.5670776367188,0.999884843826294,600.640380859375,564.6981811523438,0.0260656476020813,629.2824096679688,529.8471069335938,0.02223840355873108,630.309814453125,532.4382934570312,0.8714927434921265,603.9793090820312,568.989990234375,0.0079728364944458
2021,325.8880615234375,481.29022216796875,0.9999727010726929,254.05043029785156,502.2650146484375,0.998309314250946,323.4964904785156,591.741455078125,0.9998739957809448,549.3692016601562,563.2783813476562,0.9991393685340881,506.6335754394531,584.9330444335938,0.9998114109039307,556.696044921875,565.3023681640625,0.009759247303009033,548.3824462890625,587.1255493164062,0.09448659420013428,599.9570922851562,565.5333251953125,0.9998849630355835,600.4603881835938,564.6380004882812,0.025421857833862305,252.65496826171875,497.83782958984375,0.014515459537506104,630.0761108398438,532.606689453125,0.7972840070724487,603.9286499023438,569.0499877929688,0.008125543594360352
2022,325.9877624511719,481.1721496582031,0.9999727606773376,254.717041015625,502.11639404296875,0.9987423419952393,323.8707275390625,591.6653442382812,0.9998759627342224,554.86865234375,562.4522705078125,0.9987210631370544,506.7950744628906,585.1546630859375,0.9998291730880737,557.66748046875,564.9823608398438,0.009252220392227173,548.81103515625,586.730712890625,0.07486462593078613,600.4287109375,565.3618774414062,0.9998981952667236,600.68212890625,564.4766845703125,0.024166077375411987,253.34820556640625,497.34063720703125,0.01734369993209839,630.0946044921875,532.1957397460938,0.8374428749084473,603.934814453125,568.8314208984375,0.007308155298233032
2023,326.0199890136719,481.0190734863281,0.9999771118164062,255.06407165527344,502.7807312011719,0.9988911151885986,323.6625671386719,592.2011108398438,0.9998739361763,550.2378540039062,562.9494018554688,0.9986107349395752,506.7425231933594,585.2848510742188,0.9997879266738892,557.1429443359375,565.1165161132812,0.01057538390159607,549.190185546875,587.04296875,0.10174694657325745,600.1207885742188,565.2476196289062,0.9998821020126343,600.6299438476562,564.55029296875,0.02625402808189392,253.4068603515625,497.2911376953125,0.021115660667419434,629.7413330078125,532.1737060546875,0.8260791301727295,603.8886108398438,568.9857788085938,0.008414417505264282
2024,326.3219909667969,481.1151123046875,0.9999668598175049,254.89907836914062,502.9439697265625,0.9987212419509888,324.0498352050781,592.0892333984375,0.9998738765716553,549.6502685546875,562.92236328125,0.9990530610084534,506.5269470214844,585.0296630859375,0.9998152256011963,556.8864135742188,565.0521850585938,0.010522007942199707,548.8241577148438,587.0964965820312,0.09203937649726868,599.7969360351562,565.444091796875,0.9998814463615417,600.3512573242188,564.6030883789062,0.02855256199836731,253.49476623535156,497.6588134765625,0.018059730529785156,629.8569946289062,532.3757934570312,0.8346803188323975,603.8827514648438,569.049072265625,0.008151799440383911
2025,326.2491760253906,481.20751953125,0.999974250793457,256.1311950683594,502.0484313964844,0.9989618062973022,324.25775146484375,592.1799926757812,0.9998677968978882,549.4532470703125,563.0828857421875,0.9990119934082031,506.4000549316406,584.89892578125,0.9997652769088745,547.0419921875,565.984130859375,0.010158717632293701,548.8475952148438,586.8948364257812,0.09780311584472656,600.037353515625,565.2160034179688,0.9998980164527893,600.4070434570312,564.3180541992188,0.02853742241859436,253.98854064941406,497.78631591796875,0.019409507513046265,629.60400390625,532.2833251953125,0.8215222954750061,603.8551025390625,568.9740600585938,0.008355170488357544
2026,326.5377197265625,481.3509521484375,0.9999734163284302,256.9255676269531,502.2904052734375,0.9991747140884399,324.32269287109375,592.2166137695312,0.9998667240142822,549.4869384765625,562.9677734375,0.9988905191421509,506.96307373046875,584.926513671875,0.99982088804245,244.7536163330078,512.4488525390625,0.011820465326309204,548.981201171875,586.9633178710938,0.10625395178794861,600.0037231445312,565.0763549804688,0.9998934268951416,600.1212768554688,564.183349609375,0.028684765100479126,254.4295654296875,497.6861267089844,0.02298334240913391,629.462158203125,532.0623779296875,0.8923581838607788,603.8728637695312,568.8656005859375,0.008245795965194702
2027,326.5589599609375,481.03704833984375,0.9999657869338989,257.61004638671875,502.1773376464844,0.9991751909255981,325.0657653808594,592.0475463867188,0.9998600482940674,550.1613159179688,562.7637329101562,0.9990682601928711,506.98577880859375,585.3116455078125,0.9998233318328857,253.17782592773438,493.8713684082031,0.013498693704605103,548.9479370117188,586.7252807617188,0.08468794822692871,600.1403198242188,565.0508422851562,0.999885082244873,600.5673828125,564.3496704101562,0.027231186628341675,628.97998046875,529.7191162109375,0.02498847246170044,629.4979858398438,531.9586181640625,0.8727692365646362,603.8558349609375,568.9152221679688,0.008068382740020752
2028,326.7283020019531,481.1970520019531,0.9999704360961914,258.4864807128906,503.8023376464844,0.9992822408676147,324.88800048828125,591.6890869140625,0.9998828172683716,549.8471069335938,562.9078369140625,0.9992527365684509,506.2285461425781,585.3399047851562,0.9997928142547607,252.7064666748047,493.4524841308594,0.014044642448425293,548.720947265625,587.104248046875,0.09898358583450317,599.9572143554688,565.1430053710938,0.999869704246521,600.3990478515625,564.332275390625,0.029953420162200928,255.71522521972656,497.7760314941406,0.02497696876525879,629.330810546875,532.0617065429688,0.8551586866378784,603.76953125,568.9736328125,0.008366167545318604
2029,326.6175231933594,481.0299987792969,0.9999690055847168,258.8681945800781,503.49346923828125,0.9993614554405212,325.5846252441406,591.768798828125,0.9998718500137329,549.7259521484375,563.1820068359375,0.9990628957748413,506.3460998535156,584.9848022460938,0.999790370464325,252.52081298828125,493.3847961425781,0.014095157384872437,548.9278564453125,586.949462890625,0.08936068415641785,599.62158203125,565.1942749023438,0.9999159574508667,601.2169189453125,566.47705078125,0.023394227027893066,256.3935546875,497.87579345703125,0.02222752571105957,629.0458374023438,532.2030639648438,0.8716651201248169,603.9517211914062,568.8760375976562,0.008031994104385376
2030,326.9884033203125,481.0657043457031,0.9999670386314392,258.4856262207031,504.277587890625,0.9995437860488892,325.6759338378906,592.5135498046875,0.9998692274093628,549.4395751953125,563.1771240234375,0.9991971850395203,506.6961669921875,584.9379272460938,0.9998217225074768,251.8959503173828,493.3104248046875,0.01174241304397583,548.9769897460938,586.7457885742188,0.08215323090553284,600.0382690429688,564.9776611328125,0.9998886585235596,600.3117065429688,564.4076538085938,0.026490867137908936,256.83612060546875,498.665771484375,0.02584373950958252,629.0145874023438,532.147705078125,0.8662288188934326,603.8477172851562,568.9221801757812,0.008172988891601562
2031,327.1405334472656,481.0316162109375,0.999964714050293,258.83697509765625,504.2691345214844,0.9994184970855713,326.2831726074219,592.749267578125,0.9998674392700195,549.0427856445312,563.30810546875,0.9990425109863281,506.4891662597656,585.1405639648438,0.9997846484184265,251.91607666015625,493.0508728027344,0.012950658798217773,548.847412109375,586.7278442382812,0.08143189549446106,599.7418823242188,564.9586181640625,0.9998970031738281,601.43115234375,566.216552734375,0.024088114500045776,625.6643676757812,529.3494873046875,0.035241931676864624,628.6859130859375,532.0653686523438,0.9218985438346863,603.78564453125,568.9099731445312,0.008321821689605713
2032,327.1795349121094,481.0748596191406,0.9999634027481079,258.95355224609375,504.2618408203125,0.9994927644729614,326.27294921875,591.8433227539062,0.9998576641082764,549.5115356445312,563.03466796875,0.9987144470214844,506.7991638183594,585.2021484375,0.9997848272323608,251.7384796142578,492.9002990722656,0.013905256986618042,548.9807739257812,586.4744262695312,0.098093181848526,600.0326538085938,564.9437255859375,0.999891996383667,600.3598022460938,564.1044921875,0.027903318405151367,257.0665283203125,498.3675842285156,0.026483535766601562,628.6381225585938,531.9713745117188,0.8566703796386719,603.855712890625,568.8816528320312,0.008134335279464722
2033,327.1946716308594,481.0639343261719,0.9999672174453735,258.72509765625,504.0991516113281,0.999333918094635,326.1507873535156,591.9737548828125,0.9998646974563599,549.0078735351562,563.258544921875,0.9991213083267212,506.7975769042969,585.0575561523438,0.999842643737793,252.00204467773438,493.1253967285156,0.016256362199783325,548.8439331054688,586.8162231445312,0.08061563968658447,599.7811279296875,564.8060913085938,0.9998869299888611,601.317138671875,566.1199340820312,0.029252588748931885,625.8543090820312,529.2816162109375,0.029416710138320923,628.4703979492188,531.9597778320312,0.8733612298965454,603.7536010742188,569.0466918945312,0.008815228939056396
2034,327.5674133300781,481.3922424316406,0.9999609589576721,258.8663635253906,504.420166015625,0.9992774128913879,326.8095397949219,591.9827880859375,0.9998575448989868,549.3067016601562,563.3644409179688,0.9991085529327393,507.16790771484375,585.2677001953125,0.9998323917388916,251.8747100830078,492.9706726074219,0.014258056879043579,548.616455078125,586.8050537109375,0.09534811973571777,599.6239624023438,564.8591918945312,0.9998908042907715,601.3173217773438,566.3065185546875,0.02539965510368347,626.260009765625,528.5697631835938,0.0425986647605896,628.6170654296875,532.056884765625,0.8864309787750244,603.8618774414062,569.0975341796875,0.009002506732940674
2035,327.5186767578125,481.22808837890625,0.9999576807022095,259.1446533203125,504.4133605957031,0.9993494749069214,326.7658386230469,592.080322265625,0.9998651742935181,549.3220825195312,563.0278930664062,0.9992084503173828,506.910888671875,585.0717163085938,0.999858558177948,251.89202880859375,492.9818115234375,0.014104217290878296,549.1395263671875,586.7213134765625,0.07222971320152283,599.853515625,564.6085205078125,0.999871551990509,600.1582641601562,564.21630859375,0.02649247646331787,257.48907470703125,498.5003967285156,0.027844369411468506,628.3657836914062,531.9773559570312,0.8699463605880737,603.8272094726562,569.0958251953125,0.008649975061416626
2036,327.8958435058594,480.94464111328125,0.9999470114707947,259.66375732421875,504.6383972167969,0.9993550777435303,326.9263000488281,592.3605346679688,0.9998499155044556,549.2224731445312,563.0927734375,0.9992449879646301,507.2819519042969,585.2923583984375,0.9998324513435364,251.5353240966797,492.88836669921875,0.01398584246635437,548.9830932617188,586.8440551757812,0.0913049578666687,599.4771728515625,564.5013427734375,0.999909520149231,601.2838134765625,566.0836181640625,0.02816903591156006,626.1822509765625,529.1064453125,0.03696388006210327,628.0222778320312,531.7142333984375,0.896626889705658,603.7487182617188,569.0333251953125,0.009016364812850952
2037,327.974365234375,480.78973388671875,0.9999568462371826,260.08013916015625,505.219482421875,0.9991908073425293,327.3992004394531,592.51416015625,0.999793291091919,548.7692260742188,563.3570556640625,0.998976469039917,506.9963073730469,585.0616455078125,0.9998546838760376,251.2624053955078,492.9638366699219,0.019340693950653076,549.3034057617188,586.609619140625,0.08281147480010986,599.9503784179688,564.2642211914062,0.9998745918273926,600.2423095703125,563.8513793945312,0.023735344409942627,257.86212158203125,498.50189208984375,0.03524467349052429,628.1605224609375,532.0286865234375,0.8982818126678467,253.08311462402344,508.046875,0.008489280939102173
2038,327.99365234375,480.79815673828125,0.9999516606330872,259.9474792480469,504.8875427246094,0.999303936958313,327.5351257324219,592.1693725585938,0.9997912049293518,548.5587158203125,563.0283203125,0.9991641640663147,506.6258239746094,584.8391723632812,0.9998297691345215,251.59222412109375,492.9328918457031,0.017837435007095337,549.0960083007812,586.3926391601562,0.07425418496131897,599.9285278320312,564.4602661132812,0.9998549818992615,600.2265625,563.951416015625,0.030767172574996948,257.62689208984375,498.0544738769531,0.0318601131439209,628.1030883789062,531.5300903320312,0.8470026254653931,603.7537231445312,569.2919921875,0.008354365825653076
2039,328.4656677246094,480.6246643066406,0.99994295835495,259.9716491699219,504.8558044433594,0.9994100332260132,328.34051513671875,592.14990234375,0.9997739791870117,548.9389038085938,563.1771850585938,0.9991955757141113,507.44073486328125,585.2372436523438,0.9998395442962646,251.7980194091797,492.818603515625,0.018755048513412476,548.7866821289062,586.339111328125,0.07232311367988586,600.06298828125,564.1029052734375,0.9998881816864014,600.2797241210938,563.890869140625,0.024145305156707764,258.15289306640625,498.5050048828125,0.028787881135940552,628.2481079101562,531.6965942382812,0.89937424659729,603.79833984375,568.98974609375,0.00841224193572998
2040,328.33526611328125,481.4254150390625,0.9999557733535767,259.86138916015625,504.29022216796875,0.9993481040000916,328.5479431152344,592.2254638671875,0.9997738599777222,549.6055908203125,563.1004028320312,0.9987026453018188,506.7784729003906,585.0172729492188,0.9998307824134827,252.0851287841797,492.8989562988281,0.02181658148765564,549.4771118164062,586.3746948242188,0.08129599690437317,599.868896484375,564.2817993164062,0.9998712539672852,600.1174926757812,563.9696044921875,0.031744152307510376,626.0264282226562,529.0047607421875,0.03468221426010132,628.1741333007812,531.6807250976562,0.927382230758667,603.8157348632812,569.225341796875,0.009338080883026123
2041,328.42559814453125,481.2207336425781,0.9999507069587708,260.0535888671875,504.9630432128906,0.9995244741439819,328.58807373046875,592.308349609375,0.9997410774230957,548.8287963867188,563.296875,0.9990309476852417,506.7281799316406,584.9461059570312,0.9998464584350586,251.7793426513672,492.87762451171875,0.019964009523391724,549.1494750976562,586.5006103515625,0.07337009906768799,599.946044921875,564.162841796875,0.9998490810394287,600.0430908203125,563.7927856445312,0.029334306716918945,625.8684692382812,528.6046142578125,0.044779181480407715,628.1456298828125,531.6094360351562,0.9297127723693848,603.728759765625,569.2122802734375,0.00885358452796936
2042,328.606201171875,481.16082763671875,0.9999476075172424,260.30010986328125,504.84039306640625,0.9996349811553955,329.1042175292969,592.1240844726562,0.9996380805969238,548.4970092773438,563.5988159179688,0.9993306994438171,506.9214172363281,584.756591796875,0.9998341798782349,251.84400939941406,492.8330993652344,0.022062718868255615,549.0038452148438,586.6331176757812,0.07794588804244995,599.7338256835938,564.2967529296875,0.9998598098754883,600.024658203125,563.8701171875,0.028599947690963745,625.9887084960938,528.2080078125,0.06662708520889282,628.0411376953125,531.446533203125,0.9392187595367432,603.7385864257812,569.23681640625,0.008789390325546265
2043,328.55859375,480.7115478515625,0.9999454021453857,261.156005859375,505.067626953125,0.9995846748352051,329.33062744140625,592.01806640625,0.9996582269668579,548.4284057617188,563.26025390625,0.9987486600875854,506.9602355957031,585.0206298828125,0.9997833371162415,251.19598388671875,492.8252258300781,0.023064613342285156,549.0738525390625,586.4832153320312,0.11464503407478333,599.8233642578125,564.2634887695312,0.9998022317886353,600.0985717773438,563.806640625,0.03491249680519104,625.74560546875,528.5130004882812,0.06861895322799683,627.9467163085938,531.4979248046875,0.940419614315033,603.715087890625,569.4301147460938,0.00927358865737915
2044,329.10302734375,480.9384460449219,0.9999350309371948,261.15863037109375,505.6432800292969,0.9996926784515381,329.506103515625,591.7518920898438,0.9995580911636353,548.60205078125,563.34912109375,0.9993070363998413,506.5430603027344,584.99365234375,0.9998255968093872,251.01161193847656,492.7142028808594,0.025179564952850342,549.2586059570312,586.55419921875,0.0703936517238617,599.2237548828125,564.30126953125,0.9998806118965149,599.7117309570312,563.8453369140625,0.029396235942840576,625.5191650390625,528.4725341796875,0.07560980319976807,627.8082275390625,531.4619750976562,0.9486716389656067,603.6370849609375,569.4545288085938,0.009346097707748413
2045,329.2113952636719,480.8520202636719,0.9999313950538635,261.5954284667969,505.59375,0.9996026754379272,329.8448791503906,592.0123901367188,0.9994984865188599,548.590576171875,562.9539794921875,0.999113917350769,506.3487548828125,584.8709106445312,0.9998176097869873,250.77073669433594,492.9012145996094,0.021621376276016235,549.487548828125,586.435302734375,0.07808279991149902,599.3818359375,564.2730712890625,0.9998823404312134,601.1101684570312,565.808837890625,0.030819475650787354,627.1078491210938,528.87255859375,0.05371817946434021,627.6196899414062,531.26904296875,0.9516807794570923,603.6533813476562,569.3677978515625,0.009444773197174072
2046,329.459716796875,480.6734313964844,0.9999070167541504,261.7721862792969,505.9170837402344,0.9997016787528992,330.3574523925781,591.8192749023438,0.9993309378623962,548.9281616210938,563.1195068359375,0.9990787506103516,506.2886047363281,584.83154296875,0.9998009204864502,250.6512451171875,492.41961669921875,0.021486520767211914,549.406982421875,586.5904541015625,0.09362950921058655,599.4788208007812,564.0946655273438,0.9998602867126465,599.8450317382812,563.9814453125,0.029431134462356567,625.6337280273438,528.3872680664062,0.046705394983291626,627.5147094726562,531.3654174804688,0.9413487911224365,603.65478515625,569.2852172851562,0.008873522281646729
2047,329.6838684082031,480.5178527832031,0.9998987317085266,261.9806213378906,505.4754333496094,0.999642550945282,330.5068664550781,591.487548828125,0.9992098808288574,548.5889282226562,562.6416015625,0.9987136721611023,506.47247314453125,584.670654296875,0.9998244047164917,250.64154052734375,492.5929870605469,0.01925867795944214,549.4954833984375,586.3582153320312,0.08935666084289551,599.7471923828125,564.01416015625,0.9998491406440735,600.0675659179688,563.674072265625,0.028278470039367676,627.3659057617188,528.6797485351562,0.045826613903045654,627.839111328125,531.34375,0.9439184665679932,603.6605224609375,569.327392578125,0.009352535009384155
2048,329.6909484863281,480.1590881347656,0.9998737573623657,262.1549377441406,505.5706787109375,0.9996355772018433,329.89581298828125,590.6065063476562,0.99936842918396,548.9342041015625,562.7477416992188,0.9981776475906372,506.38983154296875,584.918212890625,0.999792218208313,546.1106567382812,565.6996459960938,0.018336236476898193,549.404052734375,586.1204833984375,0.08870667219161987,600.209716796875,564.0025634765625,0.9998564720153809,600.4703369140625,563.6328125,0.027685344219207764,259.704833984375,498.2716369628906,0.045868903398513794,627.9627685546875,531.0961303710938,0.9513267278671265,603.7311401367188,569.0228271484375,0.00920364260673523
2049,329.65704345703125,480.5869445800781,0.9998820424079895,262.700439453125,505.691650390625,0.9996603727340698,329.6720886230469,590.4851684570312,0.9993057250976562,548.6353149414062,562.796142578125,0.9986679553985596,506.21527099609375,584.8189697265625,0.9997997283935547,545.9482421875,565.855712890625,0.018890708684921265,549.2428588867188,586.2969970703125,0.08405002951622009,599.6347045898438,563.8850708007812,0.999882161617279,600.0167846679688,563.6494140625,0.02685531973838806,627.5167236328125,528.3167724609375,0.06803938746452332,627.7922973632812,530.9815063476562,0.9601184129714966,603.6321411132812,569.19091796875,0.008720457553863525
2050,330.4834289550781,480.3398742675781,0.9998658895492554,262.8027038574219,505.3417053222656,0.9995613098144531,330.27374267578125,590.1658325195312,0.9993682503700256,548.419189453125,563.1239624023438,0.9990395307540894,506.34478759765625,584.917724609375,0.9997996091842651,248.7507781982422,510.8759460449219,0.01953679323196411,549.0610961914062,586.3060913085938,0.07450854778289795,599.4656372070312,563.707763671875,0.9998679161071777,599.986328125,563.4465942382812,0.034103602170944214,627.6367797851562,527.8494262695312,0.0894865095615387,628.0570678710938,530.6865234375,0.9468417167663574,603.6665649414062,569.3201293945312,0.009549885988235474
2051,330.7109375,479.9734802246094,0.9998490214347839,263.0703125,505.7284240722656,0.9994975328445435,330.95281982421875,590.3035888671875,0.9994304776191711,548.4734497070312,562.8936767578125,0.9987401962280273,506.3403625488281,584.9422607421875,0.9998197555541992,248.8455810546875,510.92425537109375,0.022289365530014038,549.4841918945312,586.1801147460938,0.0841984748840332,599.28955078125,563.7357177734375,0.999884307384491,599.9246826171875,563.3433837890625,0.02716231346130371,628.02587890625,528.2125244140625,0.05283534526824951,628.1422119140625,530.8751220703125,0.9449810981750488,603.6652221679688,569.2507934570312,0.009463399648666382
2052,331.20794677734375,479.77679443359375,0.9998581409454346,263.43450927734375,506.1199035644531,0.9996649026870728,330.9600830078125,590.1455688476562,0.9993798732757568,547.9190063476562,563.1630249023438,0.9988003969192505,506.3060607910156,584.587890625,0.9998079538345337,248.5696563720703,511.4271240234375,0.02312493324279785,548.7805786132812,586.3328247070312,0.08595392107963562,599.8572998046875,563.8176879882812,0.9998301267623901,600.0960083007812,563.483642578125,0.03257134556770325,627.613037109375,528.3338623046875,0.057342469692230225,627.7496337890625,530.7896728515625,0.9541721343994141,603.70361328125,569.19140625,0.009651035070419312
2053,331.23382568359375,479.82745361328125,0.999879002571106,263.7198486328125,506.1641845703125,0.9995534420013428,331.3897705078125,590.3056640625,0.9992905855178833,548.4138793945312,562.8214111328125,0.9988129138946533,506.0771484375,584.7269897460938,0.9997961521148682,248.6619110107422,511.5701904296875,0.02747926115989685,549.34326171875,586.0972900390625,0.06594038009643555,599.5479125976562,563.555419921875,0.9998524785041809,599.9832763671875,563.4057006835938,0.031874001026153564,627.643798828125,528.5696411132812,0.05565589666366577,627.8455200195312,530.9132080078125,0.9630066156387329,603.6826782226562,569.333251953125,0.00926131010055542
2054,331.2507629394531,479.6181945800781,0.9998271465301514,264.0783386230469,505.9027404785156,0.9995448589324951,332.1452941894531,590.1450805664062,0.9993855953216553,547.845703125,563.0847778320312,0.998896598815918,506.2156982421875,584.9496459960938,0.99977707862854,248.51487731933594,511.4244689941406,0.030301213264465332,549.0210571289062,586.3712768554688,0.08238410949707031,599.335205078125,563.76220703125,0.9998593330383301,599.9904174804688,563.4865112304688,0.029300302267074585,627.6736450195312,528.11474609375,0.0624062716960907,627.8847045898438,530.6033935546875,0.9675354957580566,603.6660766601562,569.33447265625,0.009396165609359741
2055,331.4132080078125,479.80352783203125,0.9998680353164673,263.7639465332031,506.206298828125,0.9992742538452148,332.42901611328125,589.8733520507812,0.9994474649429321,547.6366577148438,562.769775390625,0.9991446733474731,505.69927978515625,584.7304077148438,0.9997738003730774,248.56983947753906,511.00408935546875,0.026531636714935303,549.7125244140625,586.2293090820312,0.06978955864906311,599.5475463867188,563.5089111328125,0.9998679161071777,599.9129028320312,563.3857421875,0.032377153635025024,627.6102294921875,528.3282470703125,0.05473589897155762,627.9488525390625,530.6611938476562,0.9709540009498596,603.7615966796875,569.3313598632812,0.009793460369110107
2056,331.7015686035156,479.64141845703125,0.9998676180839539,264.32220458984375,507.141357421875,0.9992913007736206,333.2029113769531,590.0734252929688,0.9993261098861694,547.6555786132812,562.9512329101562,0.9989941120147705,505.9763488769531,584.7803344726562,0.999802827835083,248.83909606933594,510.92633056640625,0.030130654573440552,549.117919921875,586.2904052734375,0.08430573344230652,599.8163452148438,563.3975219726562,0.9998103380203247,599.984130859375,563.140869140625,0.03743264079093933,627.7005004882812,527.727783203125,0.09357613325119019,627.998779296875,530.376953125,0.9592406749725342,603.7139892578125,569.3037719726562,0.008817017078399658
2057,332.2309265136719,479.2624816894531,0.9998329877853394,264.3809509277344,506.3739013671875,0.9984164237976074,333.34405517578125,589.8929443359375,0.9993339776992798,547.9918212890625,562.6959838867188,0.9990713000297546,506.6785888671875,584.7176513671875,0.9998353719711304,248.46385192871094,510.3246765136719,0.0331881046295166,549.3242797851562,586.3324584960938,0.07432746887207031,599.6959838867188,563.4189453125,0.9998248815536499,599.938720703125,563.2399291992188,0.032493799924850464,627.4081420898438,527.7326049804688,0.06739768385887146,627.8482666015625,530.273681640625,0.9610002040863037,253.3867950439453,508.472412109375,0.010297447443008423
2058,332.3084716796875,479.5260925292969,0.9998072981834412,265.327880859375,506.5303649902344,0.9989916086196899,333.2488708496094,590.1322631835938,0.999191403388977,547.9143676757812,562.7804565429688,0.9990842938423157,505.97662353515625,584.5402221679688,0.9998049736022949,248.249755859375,510.7001953125,0.039348095655441284,549.2005615234375,586.3394165039062,0.08949607610702515,599.3040161132812,563.7726440429688,0.9998151063919067,599.750244140625,563.5156860351562,0.040223538875579834,627.4652709960938,527.3112182617188,0.08782148361206055,627.8043823242188,530.0038452148438,0.961395263671875,253.6636199951172,508.6875,0.009819209575653076
2059,332.61737060546875,479.0883483886719,0.9997595548629761,265.2182312011719,506.384521484375,0.9988135099411011,333.8224182128906,589.9693603515625,0.9992280006408691,548.2533569335938,562.6927490234375,0.9991505146026611,506.1170349121094,584.5940551757812,0.9998160600662231,248.28721618652344,510.5875244140625,0.03879222273826599,549.176025390625,586.1270141601562,0.07159978151321411,599.3484497070312,563.5884399414062,0.9998328685760498,599.7984008789062,563.4212646484375,0.033831775188446045,627.7445068359375,527.5284423828125,0.06332394480705261,627.91943359375,529.8456420898438,0.9439146518707275,253.57211303710938,508.708251953125,0.010534793138504028
2060,332.83868408203125,478.98858642578125,0.9998089671134949,266.0980529785156,506.86004638671875,0.9982860088348389,334.3197937011719,590.0264282226562,0.9995115399360657,547.9702758789062,562.8922729492188,0.9991815090179443,505.7951354980469,584.5632934570312,0.9997206926345825,248.34593200683594,510.2225036621094,0.03938063979148865,548.9454956054688,586.271484375,0.060529083013534546,599.360107421875,563.654541015625,0.9998319149017334,599.8251953125,563.3970947265625,0.034731924533843994,627.8021850585938,527.0166625976562,0.08420225977897644,627.9556274414062,529.7604370117188,0.94768226146698,253.64053344726562,508.6826477050781,0.009762018918991089
2061,333.10992431640625,479.24066162109375,0.9998273849487305,266.3658447265625,506.6459045410156,0.9984828233718872,334.82427978515625,590.0067749023438,0.9995945692062378,548.0252075195312,562.42236328125,0.9989348649978638,506.0381164550781,584.533447265625,0.9997838735580444,248.2182159423828,510.6126403808594,0.04445025324821472,549.3688354492188,585.9638061523438,0.07585054636001587,599.413330078125,563.4894409179688,0.9998149871826172,599.6856689453125,563.2881469726562,0.032218754291534424,627.7392578125,527.5587158203125,0.0705302357673645,627.8733520507812,529.8555908203125,0.9570621252059937,253.71890258789062,508.802978515625,0.009949147701263428
2062,333.3648376464844,479.1524963378906,0.999836802482605,266.1700744628906,506.8853759765625,0.9985338449478149,334.9927978515625,589.8566284179688,0.9996400475502014,548.3099365234375,562.3536987304688,0.9989033341407776,506.0533447265625,584.9554443359375,0.9997284412384033,248.3407440185547,510.2921447753906,0.03986525535583496,549.3656005859375,586.3452758789062,0.09198936820030212,599.271484375,563.4973754882812,0.9997955560684204,599.7342529296875,563.4683837890625,0.04136300086975098,628.0110473632812,526.6791381835938,0.11040124297142029,628.165771484375,528.9903564453125,0.9670116901397705,253.72093200683594,508.7886047363281,0.009575486183166504
2063,333.6358337402344,479.0644226074219,0.9997820854187012,266.552978515625,507.04302978515625,0.9987538456916809,335.8888854980469,589.253173828125,0.9997116327285767,547.9111938476562,562.6021728515625,0.9988244771957397,505.4436950683594,584.5714721679688,0.9996917247772217,247.98089599609375,510.5418395996094,0.044708251953125,549.7573852539062,586.2223510742188,0.08794578909873962,599.2140502929688,563.3914184570312,0.9998388290405273,599.6242065429688,563.314453125,0.034057408571243286,627.7544555664062,526.875,0.09589099884033203,627.9830932617188,529.3006591796875,0.9686185121536255,253.8166046142578,508.81353759765625,0.009242147207260132
2064,333.9513854980469,479.580810546875,0.9998248815536499,266.86602783203125,507.8323974609375,0.9983515739440918,336.39007568359375,589.1904907226562,0.9997785091400146,547.8486328125,562.634521484375,0.9990307688713074,505.6499328613281,584.56884765625,0.9996998310089111,248.39283752441406,510.3370056152344,0.05177360773086548,549.2149047851562,586.0592651367188,0.082953542470932,599.0868530273438,563.4927978515625,0.9998098611831665,599.5366821289062,563.2650756835938,0.04003477096557617,627.7308349609375,526.3837890625,0.11367732286453247,628.2078247070312,528.8361206054688,0.9724860191345215,253.72134399414062,508.7426452636719,0.009076088666915894
2065,334.45281982421875,479.5785827636719,0.9997942447662354,267.00830078125,506.6717529296875,0.9980482459068298,336.749755859375,589.310546875,0.9997854232788086,547.1476440429688,563.0425415039062,0.9989598989486694,506.1446838378906,584.4765014648438,0.9998106360435486,248.29443359375,510.3152770996094,0.043139755725860596,548.8412475585938,586.3138427734375,0.07088649272918701,598.7947387695312,563.2303466796875,0.999881386756897,599.4407348632812,563.3167724609375,0.028926938772201538,627.6026000976562,526.1727905273438,0.12462344765663147,627.96728515625,528.2835083007812,0.9673542380332947,253.7826385498047,508.8055419921875,0.008693724870681763
